2724
2818
2914
3012
3112
3213
3314
3416
3519
3620
3722
3825
3927
4028
4129
4231
4331
4431
4529
4627
4724
4818
4910
5001
5089
5176
5262
5347
5432
5515
5597
5679
5760
5841
5921
6001
6080
6159
6238
6316
6394
6471
6549
6626
6703
6780
6857
6934
7011
7088
7164
7242
7319
7397
7476
7554
7633
7712
7792
7873
7954
8036
8119
8202
8286
8370
8455
8540
8627
8715
8804
8893
8985
9078
9171
9265
9360
9454
9550
9646
9742
9839
9937
10035
10134
10234
10333
10433
10534
10633
10733
10834
10936
11038
11140
11243
11346
11450
11552
11656
11756
11857
11961
12066
12173
12280
12386
12493
12599
12706
12814
12922
13030
13137
13243
13350
13456
13563
13670
13777
13883
13990
14096
14203
14310
14416
14521
14627
14734
14839
14946
15053
15161
15269
15377
15485
15593
15701
15808
15915
16021
16126
16231
16335
16439
16544
