2445
2537
2636
2737
2837
2939
3041
3144
3247
3350
3453
3556
3660
3762
3865
3968
4069
4171
4271
4371
4469
4566
4661
4755
4846
4937
5027
5115
5204
5291
5378
5464
5550
5635
5719
5803
5887
5971
6055
6139
6223
6307
6391
6475
6559
6643
6728
6812
6897
6982
7067
7152
7238
7323
7410
7496
7583
7671
7758
7846
7934
8022
8112
8202
8292
8383
8475
8567
8660
8754
8848
8943
9038
9134
9231
9328
9425
9523
9622
9721
9821
9921
10022
10124
10225
10325
10427
10529
10632
10735
10838
10940
11044
11148
11253
11358
11464
11570
11677
11785
11892
11999
12107
12216
12324
12432
12540
12648
12757
12864
12973
13081
13188
13296
13404
13513
13620
13728
13836
13943
14050
14157
14264
14369
14476
14583
14689
14796
14903
15009
