2067
2169
2283
2398
2513
2630
2747
2866
2987
3109
3232
3356
3481
3606
3730
3856
3983
4109
4236
4999
5076
5168
5260
5350
5437
5520
5603
5685
5767
5849
5931
6012
6095
6177
6260
6343
6427
6511
6596
6682
6770
6858
6947
7037
7128
7221
7316
7412
7509
7609
7711
7815
7922
8032
8146
8263
8385
8510
8637
8766
8897
9031
9165
9302
9439
9577
9715
9852
9990
10130
10271
10414
10559
10704
10852
11000
11148
11297
11448
11598
11747
11898
12049
12201
12354
12508
12660
12812
12963
13115
13263
13417
13566
13715
13867
14016
14172
14323
14473
14614
