2225
2344
2473
2599
2725
2851
2979
3107
3237
3366
3496
3626
3757
3887
4017
4147
4276
4403
4527
4646
4758
4866
4971
5074
5174
5273
5370
5465
5560
5655
5750
5845
5941
6037
6133
6230
6327
6424
6522
6620
6719
6818
6918
7018
7119
7221
7323
7427
7531
7637
7744
7853
7963
8075
8188
8303
8420
8538
8659
8780
8904
9028
9154
9282
9411
9541
9672
9806
9941
10077
10214
10352
10491
10631
10771
10912
11053
11196
11338
11482
11626
11770
11913
12058
12203
12348
12493
12637
12781
12926
13072
13216
13360
13504
13647
13789
13927
14062
14192
14323
