9087
9244
9430
9622
9810
9999
10191
10384
10577
10773
10971
11169
11366
11565
11761
11960
12157
12355
12548
12738
12925
13106
13285
13456
13625
13790
13950
14105
14259
14412
14565
14719
14874
15030
15187
15346
15505
15666
15830
15996
16165
16337
16511
16689
16870
17053
17240
17428
17622
17817
18014
18213
18417
18620
18830
19041
19257
19478
19709
19949
20191
20436
20684
20934
21185
21437
21685
21933
22175
22422
22664
22903
23150
23399
23648
23898
24144
24387
24633
24879
25121
25364
25604
25843
26087
26331
26575
