2277
2374
2513
2631
2755
2876
2998
3121
3245
3370
3496
3621
3746
3871
3997
4121
4243
4362
4474
4579
4680
4779
4876
4971
5064
5155
5245
5333
5420
5509
5597
5686
5775
5864
5954
6044
6134
6225
6316
6409
6501
6596
6690
6785
6881
6977
7074
7171
7269
7367
7466
7567
7668
7771
7875
7981
8088
8197
8308
8420
8532
8646
8762
8880
8999
9119
9241
9365
9490
9617
9744
9871
10000
10129
10258
10389
10520
10651
10784
10918
11052
11186
11322
11458
11595
11732
11869
12007
12144
12281
12419
12558
12698
12840
12983
13126
13267
13409
13550
13687
13826
13961
14097
14230
14364
14494
14626
