2405
2495
2600
2703
2808
2914
3021
3128
3235
3343
3451
3559
3667
3776
3884
3991
4099
4208
4317
4428
4536
4647
4758
4864
4972
5078
5186
5296
5399
5505
5607
5710
5811
5911
6010
6108
6205
6302
6399
6495
6591
6687
6782
6878
6973
7068
7163
7257
7351
7445
7539
7633
7727
7822
7916
8011
8106
8201
8296
8391
8486
8582
8678
8774
8871
8968
9065
9163
9262
9361
9461
9563
9664
9766
9869
9972
10077
10181
10286
10390
10496
10603
10712
10821
10930
11040
11152
11263
11375
11487
11598
11712
11826
11940
12055
12170
12285
12401
12518
12635
12751
12869
12986
13104
13221
13340
13458
13575
13693
13812
13930
14047
14166
14284
14402
14521
14639
14756
14875
14994
15114
15232
15351
15469
15588
15705
15822
15932
16057
16161
16295
