2144
2250
2368
2488
2610
2733
2857
2982
3108
3233
3360
3485
3608
3730
3848
3963
4075
4181
4287
4389
4489
4585
4680
4775
4867
4958
5049
5139
5230
5320
5412
5504
5596
5689
5783
5879
5974
6072
6170
6269
6369
6470
6573
6678
6784
6893
7002
7115
7229
7345
7464
7584
7705
7828
7953
8080
8208
8338
8469
8602
8735
8871
9008
9146
9284
9425
9566
9707
9850
9994
10138
10281
10426
10571
10715
10859
11003
11145
11288
11432
11574
11717
11860
12003
12145
12289
12432
12575
12718
12861
13002
13142
13279
13415
13552
