2185
2267
2472
2565
2667
2768
2869
2970
3071
3173
3275
3376
3478
3580
3682
3784
3886
3988
4089
4191
4291
4392
4491
4590
4688
4785
4882
4977
5071
5165
5257
5348
5438
5528
5617
5705
5794
5881
5968
6055
6142
6228
6315
6401
6487
6574
6661
6749
6836
6924
7013
7102
7191
7281
7371
7461
7551
7642
7733
7824
7916
8008
8101
8194
8288
8382
8476
8572
8668
8765
8862
8960
9060
9159
9259
9360
9462
9565
9668
9773
9879
9986
10093
10202
10312
10421
10531
10643
10755
10867
10980
11093
11208
11323
11439
11554
11669
11782
11895
12006
12119
12231
12344
12457
12572
12685
12798
12911
13025
13138
13251
13364
13478
13592
13703
13816
13927
14039
14150
14262
14373
14486
14596
14707
14818
14928
