2139
2247
2365
2484
2604
2725
2847
2972
3098
3224
3352
3481
3610
3739
3866
3991
4112
4228
4340
4446
4549
4647
4741
4830
4917
5002
5087
5171
5255
5340
5425
5510
5596
5682
5769
5857
5945
6034
6124
6215
6307
6400
6495
6591
6689
6789
6890
6994
7101
7211
7324
7439
7558
7682
7807
7936
8069
8203
8342
8483
8626
8771
8915
9061
9208
9355
9503
9653
9804
9957
10111
10265
10421
10576
10732
10888
11042
11197
11352
11509
11665
11822
11977
12134
12291
12448
12603
12758
12912
13067
13222
13377
13533
13687
13839
13991
14142
14295
14448
14603
