2217
2325
2430
2537
2645
2753
2863
2976
3093
3211
3332
3454
3578
3701
3826
3950
4075
4198
4321
4441
4561
4678
4792
4901
5005
5106
5204
5299
5390
5477
5562
5648
5732
5817
5900
5984
6068
6153
6238
6323
6408
6493
6580
6666
6753
6842
6930
7018
7108
7198
7289
7381
7476
7571
7668
7766
7869
7971
8079
8188
8300
8414
8532
8651
8773
8899
9028
9159
9293
9429
9567
9708
9850
9993
10139
10287
10438
10589
10742
10895
11050
11205
11359
11514
11670
11826
11983
12138
12294
12449
12605
12762
12921
13078
13236
13396
13556
13715
13876
14038
14201
14369
14540
