3471
3576
3679
3786
3894
4002
4110
4219
4326
4434
4541
4648
4754
4859
4963
5066
5167
5268
5367
5466
5564
5660
5756
5850
5944
6037
6130
6223
6315
6408
6500
6592
6684
6777
6869
6961
7053
7146
7238
7331
7425
7518
7613
7708
7803
7898
7994
8091
8187
8285
8383
8482
8581
8682
8784
8887
8991
9097
9205
9314
9423
9534
9645
9756
9866
9978
10088
10199
10310
10421
10531
10642
10754
10867
10979
11091
11204
11316
11429
11542
11656
11769
11884
11998
12113
12229
12342
12457
12571
12686
12801
12915
13030
13145
13257
13373
13486
13601
13714
13828
13943
14056
14170
14283
14397
14510
14625
14739
14853
14970
15084
15200
15312
15429
15540
15658
15766
15887
15996
16105
16225
