2119
2224
2335
2447
2560
2674
2790
2906
3023
3141
3261
3382
3504
3629
3754
3880
4006
4132
4666
4757
4851
4945
5036
5123
5207
5287
5367
5447
5526
5605
5685
5764
5844
5925
6005
6085
6166
6248
6329
6412
6494
6578
6662
6747
6834
6921
7009
7098
7189
7282
7376
7473
7571
7672
7775
7880
7989
8099
8213
8328
8445
8566
8690
8819
8953
9089
9227
9366
9505
9646
9786
9927
10069
10211
10354
10497
10641
10785
10930
11074
11218
11364
11508
11654
11800
11946
12093
12240
12385
12533
12678
12824
12971
13116
13263
13409
13556
13703
13849
13997
14146
14295
14443
14591
14738
14883
15029
15170
