2194
2286
2386
2484
2583
2682
2782
2883
2984
3087
3189
3293
3397
3501
3606
3712
3817
3922
4026
5656
5744
5832
5919
6007
6095
6183
6269
6355
6441
6527
6612
6697
6782
6867
6952
7038
7123
7208
7293
7378
7463
7548
7632
7718
7803
7889
7974
8061
8147
8234
8321
8408
8496
8583
8672
8761
8850
8939
9028
9118
9209
9299
9391
9482
9575
9668
9762
9857
9952
10048
10144
10242
10340
10438
10537
10637
10737
10838
10940
11042
11145
11249
11352
11457
11563
11669
11777
11885
11993
12102
12211
12320
12429
12538
12647
12756
12866
12975
13086
13195
13305
13416
13526
13636
13747
13857
13967
14078
14187
14299
14408
14519
14629
14739
14850
14962
15070
15181
15292
15402
15513
15625
15734
15845
15956
16066
16176
16287
16396
16505
16616
16724
