2356
2440
2539
2641
2740
2840
2942
3041
3141
3241
3342
3442
3543
3644
3745
3845
3945
4044
4144
4243
4342
4441
4539
4637
4734
4831
4926
5021
5115
5209
5301
5393
5484
5573
5662
5750
5837
5924
6009
6095
6180
6265
6349
6434
6517
6601
6684
6768
6852
6936
7020
7104
7188
7273
7358
7443
7528
7613
7699
7785
7871
7957
8043
8130
8217
8304
8392
8480
8569
8658
8747
8836
8926
9016
9107
9199
9291
9385
9478
9573
9668
9765
9862
9961
10061
10161
10262
10365
10468
10572
10677
10782
10888
10995
11102
11211
11319
11430
11541
11653
11766
11878
11992
12107
12221
12335
12451
12567
12684
12801
12917
13033
13149
13268
13384
13500
13618
13735
13851
13969
14085
14202
14318
14435
14550
14665
14781
14895
15011
15125
15239
15354
15468
15582
15696
15811
15924
16038
16151
16266
16381
