2335
2468
2599
2732
2866
3000
3135
3271
3407
3543
3678
3810
4365
4453
4540
4625
4708
4789
4868
4945
5021
5095
5167
5239
5310
5380
5450
5519
5587
5656
5724
5793
5862
5930
6000
6070
6140
6211
6283
6356
6430
6505
6581
6658
6736
6816
6898
6981
7067
7155
7244
7335
7429
7524
7622
7723
7827
7935
8048
8164
8285
8410
8538
8669
8802
8939
9080
9225
9373
9523
9673
9825
9977
10130
10284
10440
10599
10755
10912
11068
11226
11383
11540
11699
11859
12019
12180
12343
12507
12670
12834
13000
13164
13328
13494
13659
13825
13987
