2271
2381
2494
2608
2723
2837
2953
3071
3191
3314
3439
3566
3693
3820
3947
4073
4198
4324
4435
4774
4869
4965
5063
5162
5258
5350
5439
5526
5614
5700
5787
5873
5959
6045
6131
6218
6305
6393
6482
6571
6660
6751
6842
6934
7026
7118
7213
7308
7404
7502
7602
7703
7806
7910
8017
8127
8239
8353
8471
8592
8718
8845
8974
9104
9237
9370
9503
9637
9773
9909
10046
10184
10322
10460
10599
10738
10878
11019
11161
11303
11445
11586
11727
11869
12010
12153
12297
12441
12586
12730
12874
13018
13161
13304
13449
13593
13739
13884
14030
14177
14325
14470
14615
14758
14900
