5626
5717
5809
5902
5994
6085
6175
6265
6354
6443
6533
6622
6711
6799
6886
6973
7061
7149
7237
7325
7413
7501
7591
7680
7769
7859
7949
8039
8129
8219
8310
8401
8492
8583
8675
8768
8861
8953
9047
9140
9234
9329
9424
9520
9617
9713
9812
9911
10011
10112
10215
10319
10423
10529
10635
10743
10851
10959
11068
11177
11287
11398
11508
11618
11729
11839
11950
12062
12173
12285
12396
12509
12621
12733
12845
12958
13072
13185
13297
13412
13522
13636
13748
13862
13977
14091
14205
14320
14434
14549
14664
14779
14893
15007
15122
15238
15353
15469
15584
15699
15814
15929
16043
16157
16271
16384
16499
16614
16729
16846
16961
17077
17190
17310
17419
