2075
2184
2294
2407
2521
2637
2755
2875
2997
3120
3244
4552
4636
4729
4820
4908
4993
5075
5153
5231
5309
5386
5462
5540
5616
5694
5771
5848
5926
6004
6084
6163
6242
6322
6402
6483
6564
6645
6728
6812
6898
6984
7073
7163
7255
7348
7444
7541
7641
7743
7847
7953
8063
8176
8293
8414
8537
8663
8790
8918
9049
9180
9313
9447
9580
9714
9848
9984
10121
10259
10398
10537
10678
10818
10959
11100
11242
11385
11527
11670
11814
11959
12105
12250
12395
12541
12689
12835
12980
13127
13273
13417
13562
13707
13848
13990
14131
14272
