2361
2482
2618
2754
2891
3027
3163
3299
3433
3567
3699
3828
3951
4067
4177
4281
4383
4480
4573
4662
4748
4832
4914
4993
5070
5146
5219
5290
5359
5427
5495
5561
5627
5693
5759
5825
5891
5957
6023
6090
6158
6226
6295
6365
6435
6506
6579
6652
6727
6803
6880
6959
7039
7121
7205
7291
7379
7469
7562
7657
7754
7854
7957
8063
8172
8284
8400
8518
8639
8765
8895
9029
9167
9307
9451
9599
9749
9902
10057
10214
10371
10530
10689
10846
11005
11164
11322
11481
11641
11801
11962
12126
12291
12459
12627
12795
12964
13132
