2592
2690
2793
2894
2997
3099
3202
3305
3408
3511
3615
3718
3821
3925
4028
4131
4235
4338
4442
4545
4648
4751
4853
4954
5054
5153
5251
5348
5445
5541
5636
5728
5821
5913
6004
6095
6185
6274
6364
6452
6541
6630
6718
6806
6893
6981
7068
7156
7243
7331
7419
7507
7595
7684
7773
7862
7951
8041
8131
8222
8312
8404
8495
8587
8679
8772
8866
8959
9055
9150
9247
9344
9441
9540
9638
9737
9838
9939
10041
10144
10249
10354
10461
10568
10675
10785
10895
11006
11118
11231
11343
11458
11571
11684
11797
11911
12025
12139
12254
12368
12482
12597
12711
12826
12940
13056
13172
13287
13404
13520
13636
13753
13867
13983
14100
14216
14331
14448
14563
14677
14791
14905
15018
15132
15247
15358
15473
15584
15697
15808
15921
16030
16142
16252
16366
16474
16594
