2100
2189
2295
2403
2512
2622
2734
2847
2962
3078
3195
3313
3432
3551
3670
3787
3904
4019
4134
4245
4353
4458
4559
4655
4747
4836
4921
5004
5084
5161
5237
5311
5385
5459
5533
5606
5679
5751
5824
5897
5971
6044
6117
6190
6264
6338
6412
6485
6560
6634
6708
6783
6859
6934
7011
7087
7165
7245
7324
7406
7489
7574
7660
7749
7840
7935
8032
8133
8238
8346
8459
8576
8695
8818
8942
9071
9204
9343
9483
9624
9767
9910
10055
10202
10348
10496
10647
10797
10948
11102
11258
11411
11565
11722
11879
12037
12194
12353
12510
12666
12825
12984
13145
13306
13467
13629
13789
13951
14113
14276
14442
14607
14775
14934
