2027
2114
2232
2344
2459
2575
2691
2808
2927
3046
3167
3288
3410
3531
3653
3774
3895
4014
4133
4251
4368
4485
4601
4715
4827
4935
5039
5138
5232
5323
5409
5492
5571
5648
5724
5800
5874
5949
6023
6098
6172
6247
6322
6397
6473
6549
6625
6701
6778
6854
6931
7009
7087
7166
7246
7327
7409
7491
7574
7659
7744
7829
7916
8004
8093
8183
8276
8371
8467
8566
8667
8770
8874
8982
9092
9204
9319
9437
9558
9682
9810
9942
10075
10210
10344
10479
10615
10750
10885
11021
11157
11293
11429
11565
11702
11839
11976
12114
12252
12389
12527
12666
12805
12945
13084
13224
13365
13505
13646
13787
13930
14072
14215
14360
14504
14651
14797
14945
15094
15242
15384
15525
15662
15801
15938
16075
