2120
2214
2333
2454
2575
2697
2820
2945
3072
3200
3329
3459
3591
3724
3857
3992
4125
4257
4386
4514
4640
4763
4882
4996
5107
5213
5315
5414
5509
5602
5692
5780
5868
5955
6043
6131
6219
6308
6395
6484
6573
6662
6752
6842
6934
7027
7121
7217
7313
7412
7512
7612
7715
7819
7925
8034
8145
8260
8378
8500
8625
8753
8884
9018
9156
9295
9438
9583
9729
9877
10027
10178
10329
10482
10636
10791
10948
11106
11265
11424
11584
11744
11903
12063
12224
12386
12547
12711
12875
13040
13205
13368
13536
13703
13871
14039
14208
14377
14549
14725
14898
15077
15228
