2270
2353
2463
2546
2655
2742
2847
2940
3040
3135
3233
3325
3419
3511
3602
3693
3782
3871
3960
4049
4138
4227
4316
4406
4495
4584
4674
4763
4852
4941
5031
5120
5210
5300
5390
5481
5571
5662
5753
5844
5936
6027
6120
6212
6305
6398
6492
6586
6681
6777
6872
6969
7065
7162
7260
7359
7458
7557
7656
7755
7855
7954
8056
8157
8260
8362
8466
8570
8676
8781
8888
8996
9102
9210
9319
9428
9538
9649
9761
9873
9985
10097
10209
10321
10433
10546
10659
10772
10885
10999
11112
11226
11339
11453
11568
11683
11796
11910
12025
12136
12250
12359
12470
12578
