5298
5379
5464
5549
5634
5719
5804
5889
5976
6064
6152
6240
6327
6414
6500
6586
6673
6759
6845
6931
7017
7103
7188
7273
7358
7443
7528
7613
7698
7783
7868
7953
8039
8124
8210
8297
8384
8471
8559
8648
8737
8827
8917
9008
9100
9192
9285
9378
9473
9568
9664
9761
9859
9956
10055
10154
10253
10353
10453
10553
10654
10755
10858
10961
11064
11168
11272
11376
11482
11587
11693
11798
11904
12010
12117
12225
12332
12440
12548
12656
12763
12873
12982
13090
13199
13308
13419
13528
13638
13749
13859
13969
14080
14189
14302
14405
14518
