4871
4949
5123
5216
5302
5484
5572
5660
5750
5839
5928
6017
6106
6196
6284
6373
6462
6551
6640
6728
6817
6905
6993
7080
7168
7256
7344
7431
7519
7608
7697
7786
7875
7965
8055
8145
8235
8326
8417
8508
8599
8691
8783
8875
8968
9061
9156
9250
9345
9440
9535
9631
9727
9824
9921
10018
10116
10214
10313
10413
10512
10613
10714
10815
10917
11020
11124
11228
11333
11437
11543
11649
11755
11861
11969
12077
12185
12294
12402
12512
12622
12732
12843
12956
13066
13178
13291
13404
13518
13630
13743
13856
13972
14080
14196
14304
14415
