4931
5017
5106
5196
5287
5381
5474
5568
5660
5753
5845
5938
6030
6123
6215
6308
6400
6493
6585
6678
6770
6862
6954
7046
7137
7228
7320
7411
7502
7592
7683
7774
7865
7957
8049
8142
8236
8329
8423
8517
8612
8707
8802
8898
8994
9091
9187
9284
9380
9477
9574
9672
9768
9866
9963
10061
10158
10257
10357
10457
10558
10659
10759
10861
10962
11064
11167
11271
11375
11479
11584
11690
11795
11901
12007
12113
12219
12326
12432
12539
12647
12754
12863
12971
13079
13190
13299
13409
13521
13631
13741
13854
13964
14077
14190
14306
14420
14534
14649
14765
14882
15000
15117
15236
15354
15471
15588
15700
15817
15925
