5291
5373
5462
5551
5641
5732
5822
5912
6002
6092
6181
6270
6359
6449
6538
6627
6717
6807
6897
6986
7077
7166
7257
7347
7438
7528
7618
7709
7799
7890
7981
8072
8164
8257
8350
8443
8537
8631
8726
8821
8917
9014
9111
9209
9309
9409
9510
9611
9715
9819
9923
10029
10136
10242
10349
10458
10568
10678
10789
10901
11012
11124
11237
11349
11462
11575
11688
11801
11915
12027
12141
12254
12368
12480
12591
12703
12816
12926
13041
13152
13268
13378
13495
13604
13720
13827
13949
14047
14173
14285
14398
14517
