5389
5470
5552
5636
5720
5805
5891
5976
6063
6149
6236
6324
6411
6500
6589
6678
6768
6858
6949
7041
7132
7225
7318
7411
7505
7599
7693
7788
7884
7979
8075
8172
8269
8367
8465
8564
8663
8763
8862
8963
9064
9165
9267
9369
9472
9574
9677
9780
9884
9988
10091
10195
10300
10404
10508
10613
10718
10824
10929
11035
11141
11247
11354
11460
11567
11675
11782
11890
11998
12105
12213
12322
12431
12540
12648
12757
12865
12974
13083
13191
13300
13408
13516
13624
13733
13842
13951
14061
14170
14280
14390
14497
