5303
5380
5461
5544
5626
5709
5793
5876
5960
6043
6127
6211
6296
6380
6465
6550
6635
6721
6806
6892
6979
7065
7152
7239
7325
7413
7500
7587
7675
7763
7853
7941
8030
8119
8210
8301
8392
8483
8576
8668
8762
8856
8951
9046
9143
9239
9336
9433
9531
9630
9729
9828
9929
10029
10129
10230
10330
10431
10533
10635
10737
10840
10944
11048
11152
11257
11363
11468
11573
11678
11784
11890
11996
12104
12209
12314
12420
12526
12631
12739
12843
12949
13053
13159
13266
13372
13477
13584
13689
13797
13903
14009
14115
14222
14331
14439
14545
14655
14761
14865
