5855
5929
6011
6095
6177
6259
6342
6425
6509
6593
6678
6763
6849
6935
7021
7108
7195
7283
7370
7459
7548
7638
7729
7819
7911
8003
8096
8189
8283
8377
8472
8567
8662
8759
8856
8953
9052
9150
9249
9349
9449
9550
9651
9753
9855
9958
10062
10166
10272
10377
10483
10589
10697
10806
10914
11023
11132
11242
11352
11462
11573
11683
11795
11906
12017
12129
12240
12351
12464
12574
12685
12796
12908
13018
13131
13244
13357
13471
13586
13701
13816
13930
14044
14160
14275
14389
14503
14617
14733
14849
14966
15083
15200
15316
