5738
5815
5894
5974
6055
6135
6217
6298
6381
6463
6546
6629
6713
6797
6882
6967
7052
7138
7224
7311
7398
7485
7573
7662
7750
7839
7928
8018
8109
8199
8291
8383
8476
8569
8662
8756
8851
8947
9042
9139
9235
9332
9429
9525
9623
9721
9818
9917
10015
10113
10212
10311
10411
10511
10611
10711
10811
10911
11012
11112
11213
11314
11416
11518
11618
11721
11823
11924
12027
12129
12232
12335
12438
12541
12645
12749
12852
12956
13060
13164
13269
13373
13478
13582
13688
13793
13898
14003
14109
14214
14320
14427
14532
14639
14748
