2040
2124
2218
2313
2407
2500
2594
2689
2783
2876
2970
3063
3156
3248
3340
3432
3523
3615
3707
3797
3887
3978
4069
4160
4252
4343
4435
4526
4618
4709
4801
4892
4982
5072
5163
5253
5343
5434
5525
5616
5707
5798
5890
5981
6073
6164
6256
6349
6441
6534
6626
6720
6813
6907
7000
7094
7188
7282
7377
7473
7569
7666
7763
7862
7960
8060
8160
8261
8363
8466
8570
8674
8779
8884
8990
9095
9202
9308
9414
9520
9627
9732
9839
9946
10053
10160
10268
10377
10485
10594
10703
10811
10921
11030
11139
11249
11358
11469
11582
11691
11803
11916
12029
12142
12254
12367
12479
12591
12704
12817
12928
13040
13152
13264
13375
13486
13597
13708
13818
13930
14038
