2541
2639
2740
2841
2943
3045
3147
3249
3352
3455
3557
3659
3762
3865
3966
4070
4172
4274
4376
4477
4580
4681
4783
4884
4986
5088
5189
5291
5393
5494
5595
5697
5800
5902
6004
6106
6209
6312
6416
6519
6624
6728
6833
6938
7044
7150
7256
7363
7471
7580
7688
7797
7907
8017
8128
8240
8353
8465
8578
8692
8805
8919
9034
9148
9263
9377
9493
9609
9725
9840
9956
10073
10189
10305
10422
10538
10654
10771
10886
11001
11116
11232
11347
11463
11577
11693
11810
11924
12041
12157
12273
12389
12505
12622
12740
12854
12975
13090
13208
13326
13451
13561
13674
13792
13912
