2090
2176
2276
2376
2476
2575
2673
2770
2867
2963
3060
3155
3249
3343
3437
3529
3622
3712
3800
3887
3974
4061
4148
4234
4320
4406
4492
4579
4665
4752
4838
4924
5010
5097
5184
5271
5359
5447
5536
5627
5717
5809
5903
5998
6094
6194
6296
6401
6508
6617
6729
6844
6961
7082
7207
7334
7464
7597
7732
7868
8006
8147
8288
8432
8576
8723
8871
9024
9177
9328
9481
9635
9787
9940
10094
10250
10403
10556
10709
10860
11013
11168
11321
11476
11634
11790
11946
12103
12257
12413
12568
12723
12877
13032
13192
13339
13496
13647
