2178
2278
2382
2485
2590
2693
2797
2900
3003
3104
3205
3305
3404
3502
3600
3697
3793
3888
3983
4077
4170
4261
4349
4437
4525
4614
4702
4791
4880
4969
5059
5149
5240
5331
5422
5513
5605
5697
5790
5883
5977
6073
6169
6265
6363
6463
6564
6666
6770
6875
6982
7091
7202
7314
7428
7545
7663
7784
7907
8031
8158
8284
8415
8545
8678
8814
8951
9091
9232
9375
9518
9663
9809
9957
10104
10250
10396
10542
10690
10838
10986
11134
11282
11430
11578
11727
11874
12023
12170
12317
12464
12611
12761
12906
13053
13199
13346
13489
13638
13779
13924
14068
14211
14353
14502
