2646
2744
2839
2935
3030
3126
3221
3316
3411
3506
3601
3696
3790
3885
3980
4074
4169
4264
4358
4453
4548
4643
4738
4832
4927
5020
5113
5206
5300
5393
5487
5581
5677
5771
5867
5964
6061
6158
6254
6351
6448
6546
6645
6743
6842
6940
7040
7141
7241
7342
7443
7544
7646
7749
7852
7955
8059
8163
8268
8373
8478
8584
8691
8798
8906
9014
9124
9233
9344
9455
9566
9679
9790
9903
10017
10131
10246
10362
10476
10592
10707
10823
10937
11053
11168
11284
11401
11517
11633
11750
11866
11982
12099
12215
12332
12448
12567
12684
12802
12920
13038
13157
13274
13393
13511
13629
13747
13864
13982
14099
14217
14334
14449
14567
