2552
2638
2727
2818
2908
2999
3090
3180
3271
3361
3452
3543
3634
3724
3815
3905
3995
4085
4175
4265
4353
4440
4528
4615
4703
4791
4879
4966
5054
5143
5231
5319
5408
5496
5585
5674
5762
5851
5940
6030
6119
6209
6298
6388
6479
6569
6660
6751
6842
6934
7026
7118
7210
7303
7396
7490
7584
7678
7773
7869
7965
8061
8158
8255
8352
8450
8547
8646
8745
8844
8944
9044
9144
9245
9345
9446
9548
9649
9751
9852
9954
10056
10157
10259
10361
10462
10564
10667
10769
10871
10974
11076
11179
11281
11384
11486
11589
11693
11796
11900
12004
12109
12214
12319
12424
12530
12637
12743
12849
12955
13061
13167
13273
13380
13487
13593
13700
13806
13912
14017
