2204
2297
2405
2511
2616
2720
2824
2928
3031
3134
3237
3340
3443
3546
3649
3751
3854
3957
4060
4163
4265
4367
4469
4573
4677
4780
4883
4988
5093
5198
5304
5411
5518
5626
5734
5843
5953
6063
6174
6285
6398
6511
6625
6740
6856
6972
7090
7209
7328
7447
7567
7688
7808
7929
8050
8171
8293
8415
8538
8660
8784
8908
9033
9157
9282
9408
9534
9659
9786
9913
10040
10169
10298
10428
10558
10688
10819
10949
11079
11210
11342
11475
11606
11737
11868
11998
12128
12257
12383
12509
12635
12758
12883
13009
13133
13258
13385
13512
13638
13759
13881
14003
