2353
2443
2535
2628
2721
2815
2909
3002
3097
3191
3285
3380
3474
3569
3664
3758
3852
3946
4039
4134
4227
4320
4412
4505
4597
4690
4783
4875
4967
5060
5153
5245
5338
5430
5522
5614
5707
5799
5892
5985
6078
6171
6265
6359
6453
6548
6642
6737
6833
6929
7026
7123
7220
7318
7416
7516
7615
7716
7817
7917
8020
8123
8226
8329
8433
8538
8643
8748
8855
8961
9068
9176
9284
9392
9501
9610
9720
9830
9940
10050
10161
10271
10381
10493
10603
10714
10826
10937
11048
11159
11269
11381
11492
11604
11715
11827
11938
12049
12161
12273
12386
12498
12612
12724
12837
12950
13062
13174
13285
13397
13507
