2096
2183
2278
2374
2469
2562
2655
2746
2836
2926
3014
3102
3190
3277
3364
3450
3538
3628
3715
3802
3889
3975
4061
4147
4233
4319
4404
4490
4576
4662
4749
4837
4926
5015
5105
5196
5287
5379
5472
5566
5661
5758
5856
5955
6056
6159
6263
6368
6476
6587
6701
6816
6935
7057
7180
7305
7431
7558
7687
7817
7949
8082
8214
8348
8481
8614
8749
8883
9018
9154
9289
9426
9563
9700
9837
9975
10112
10249
10387
10526
10667
10807
10945
11084
11222
11360
11498
11636
11773
11912
12051
12190
12329
12468
12607
12749
12889
13028
13169
13309
13454
13586
