2364
2464
2568
2671
2773
2876
2977
3079
3180
3280
3380
3479
3580
3679
3778
3878
3977
4076
4174
4271
4367
4464
4562
4660
4759
4857
4957
5057
5158
5261
5364
5468
5575
5683
5792
5902
6012
6123
6235
6347
6461
6577
6694
6813
6933
7055
7178
7303
7429
7555
7682
7811
7940
8070
8201
8334
8467
8602
8736
8871
9006
9143
9279
9417
9556
9697
9840
9982
10127
10272
10417
10561
10705
10850
10993
11136
11279
11422
11565
11707
11852
11997
12140
12284
12429
12575
12722
12869
13017
13169
13319
13468
13620
13764
13912
14049
14194
