2635
2721
2808
2895
2983
3071
3160
3249
3338
3427
3515
3605
3693
3781
3868
3954
4041
4127
4213
4300
4386
4473
4560
4646
4733
4820
4908
4996
5083
5171
5258
5347
5435
5524
5612
5701
5790
5879
5969
6059
6149
6239
6330
6420
6512
6603
6695
6788
6880
6972
7065
7159
7253
7348
7443
7539
7635
7732
7829
7927
8026
8125
8224
8325
8425
8526
8627
8729
8830
8932
9034
9136
9239
9342
9446
9550
9655
9759
9863
9967
10071
10174
10278
10382
10486
10591
10694
10797
10902
11005
11110
11214
11318
11425
11529
11634
11740
11846
11950
12055
12158
12261
12363
12465
