2447
2536
2628
2720
2812
2904
2995
3086
3176
3266
3355
3445
3533
3622
3710
3799
3887
3974
4062
4148
4234
4319
4402
4485
4567
4651
4734
4816
4900
4983
5067
5152
5237
5322
5407
5494
5581
5668
5756
5845
5934
6023
6113
6204
6295
6388
6480
6574
6668
6763
6858
6954
7051
7147
7245
7342
7441
7539
7639
7738
7839
7939
8041
8143
8245
8347
8450
8554
8659
8768
8875
8983
9091
9199
9308
9417
9526
9636
9746
9857
9967
10079
10190
10304
10415
10528
10640
10752
10865
10977
11089
11203
11317
11430
11543
11658
11773
11887
12002
12116
12232
12349
12465
12580
12696
12812
12928
13044
13161
13277
13394
13508
13629
13739
13859
13970
