2504
2599
2694
2791
2888
2984
3081
3178
3274
3370
3466
3562
3659
3755
3852
3948
4044
4141
4237
4333
4429
4525
4621
4716
4811
4906
5000
5093
5186
5278
5371
5463
5556
5650
5744
5837
5931
6025
6119
6212
6306
6400
6494
6588
6681
6775
6870
6965
7060
7157
7253
7351
7449
7547
7646
7746
7846
7947
8048
8149
8251
8354
8457
8560
8665
8770
8875
8980
9087
9194
9302
9410
9518
9627
9736
9845
9954
10064
10174
10284
10394
10504
10614
10725
10835
10946
11057
11168
11279
11391
11502
11613
11726
11836
11948
12060
12172
12285
12397
12509
12623
12737
12851
12965
13080
13195
13311
13427
13541
13657
13773
13888
14006
14119
14235
14350
14466
14583
14698
14814
14929
