2324
2407
2496
2585
2675
2765
2855
2945
3035
3125
3216
3306
3397
3487
3578
3668
3759
3850
3940
4030
4120
4208
4295
4383
4470
4557
4644
4732
4819
4905
4992
5079
5165
5251
5337
5422
5508
5594
5680
5765
5850
5936
6022
6108
6194
6280
6367
6453
6540
6627
6715
6803
6891
6979
7068
7157
7247
7337
7427
7518
7609
7701
7794
7887
7980
8074
8169
8264
8360
8456
8554
8652
8751
8849
8949
9049
9150
9250
9352
9455
9558
9662
9767
9873
9978
10084
10190
10296
10402
10508
10614
10720
10827
10934
11040
11147
11253
11359
11465
11572
11678
11785
11892
11999
12106
12214
12324
12433
12539
12647
12756
12866
12976
13086
13196
13306
13417
13530
13639
