2622
2699
2785
2870
2953
3037
3121
3206
3291
3375
3460
3545
3631
3717
3804
3890
3978
4065
4154
4242
4330
4420
4509
4599
4689
4779
4869
4960
5051
5141
5233
5324
5416
5508
5601
5693
5786
5878
5971
6064
6158
6251
6345
6440
6535
6631
6727
6824
6921
7018
7116
7215
7315
7417
7519
7621
7725
7828
7932
8036
8139
8242
8346
8450
8555
8659
8765
8869
8975
9082
9190
9297
9405
9512
9619
9724
9831
9937
10046
10154
10262
10371
10481
10591
10702
10812
10923
11034
11146
11256
11369
11481
11594
11705
11819
11932
12044
12158
12272
