2478
2550
2637
2725
2812
2900
2988
3076
3163
3250
3337
3424
3511
3598
3685
3772
3859
3948
4036
4125
4214
4304
4393
4484
4574
4666
4759
4852
4946
5041
5136
5231
5327
5423
5519
5615
5710
5806
5900
5994
6088
6183
6277
6373
6468
6564
6661
6757
6854
6951
7049
7147
7246
7346
7447
7550
7653
7756
7860
7965
8070
8175
8282
8389
8497
8605
8713
8822
8930
9039
9147
9255
9362
9470
9575
9682
9787
9893
9998
10105
10212
10320
10427
10536
10645
10753
10862
10972
11081
11190
11300
11411
11524
11636
11752
11869
11982
