2131
2212
2303
2394
2486
2579
2671
2763
2855
2947
3040
3132
3224
3316
3409
3501
3593
3685
3777
3869
3961
4053
4145
4238
4330
4422
4514
4606
4698
4790
4882
4974
5068
5173
5383
9220
9308
9399
9492
9584
9675
9768
9861
9955
10049
10143
10238
10333
10428
10523
10618
10714
10810
10907
11004
11101
11198
11296
11394
11491
11589
11688
11787
11886
11986
12086
12186
12287
12388
12490
12592
12695
12798
12902
13007
13112
13218
13324
13431
13539
13647
13755
13864
13973
14083
14192
14302
14412
14524
14635
14746
14858
14969
15082
15195
15306
15419
15532
15644
15756
15868
15981
16093
16206
16319
16435
