2660
2755
2852
2949
3046
3142
3238
3335
3432
3528
3625
3721
3817
3914
4010
4106
4202
4299
4394
4490
4585
4680
4774
4867
4960
5052
5143
5234
5324
5414
5504
5593
5682
5771
5860
5948
6037
6125
6214
6302
6391
6479
6567
6656
6744
6833
6923
7012
7101
7190
7280
7369
7459
7549
7639
7730
7821
7913
8005
8098
8192
8286
8381
8477
8573
8670
8768
8867
8967
9067
9169
9271
9374
9479
9585
9692
9799
9908
10017
10128
10238
10348
10459
10571
10682
10795
10908
11021
11135
11249
11362
11476
11589
11703
11818
11932
12045
12159
12272
12384
12497
12610
12721
12833
12943
13055
