2818
2909
3004
3098
3193
3288
3383
3479
3574
3670
3766
3861
3958
4053
4149
4245
4340
4436
4530
4625
4720
4814
4908
5001
5094
5188
5281
5374
5467
5560
5653
5746
5839
5932
6025
6118
6211
6304
6397
6491
6584
6678
6772
6867
6962
7057
7152
7248
7344
7441
7539
7636
7734
7833
7931
8031
8130
8230
8330
8431
8532
8634
8736
8839
8941
9045
9147
9251
9355
9459
9563
9668
9773
9877
9983
10088
10193
10299
10405
10512
10618
10724
10830
10936
11042
11148
11253
11359
11465
11571
11677
11783
11888
11993
12098
12204
12312
