2796
2888
3081
3174
3272
3370
3466
3562
3659
3755
3852
3948
4045
4141
4238
4334
4430
4526
4621
4716
4811
4905
4999
5092
5185
5278
5369
5460
5551
5640
5729
5819
5908
5996
6085
6174
6262
6350
6437
6525
6613
6701
6789
6878
6967
7055
7144
7233
7322
7411
7501
7591
7682
7773
7864
7955
8048
8141
8235
8330
8425
8520
8616
8714
8811
8911
9010
9110
9212
9314
9418
9523
9629
9735
9842
9950
10057
10165
10274
10382
10493
10604
10715
10827
10939
11051
11164
11277
11390
11504
11619
11733
11847
11962
12076
12192
12306
12421
12537
12651
12768
12884
13000
13115
13231
13345
13458
13570
13683
