2434
2542
2652
2764
2878
2995
3113
3234
3356
3480
3603
3726
3848
3969
4089
4208
4326
4443
4559
4674
4788
4900
5010
5120
5227
5333
5437
5539
5639
5737
5833
5926
6017
6106
6193
6279
6363
6446
6528
6610
6690
6770
6850
6930
7010
7090
7170
7251
7332
7415
7499
7584
7670
7757
7846
7937
8030
8126
8224
8325
8429
8537
8648
8763
8881
9003
9128
9257
9390
9528
9668
9811
9958
10107
10259
10411
10563
10717
10874
11029
11185
11341
11499
11658
11819
11979
12139
12299
12460
12622
12785
12950
13115
13279
13444
13610
13775
13953
14087
