2850
2948
3042
3139
3235
3330
3426
3522
3619
3715
3812
3908
4005
4101
4198
4295
4391
4487
4582
4678
4773
4867
4961
5055
5148
5240
5332
5424
5515
5606
5696
5786
5876
5966
6055
6143
6232
6320
6408
6496
6585
6673
6761
6849
6937
7025
7114
7202
7291
7380
7469
7558
7648
7738
7828
7918
8009
8100
8192
8285
8377
8471
8566
8661
8756
8853
8950
9048
9148
9248
9349
9450
9553
9656
9759
9864
9968
10072
10179
10285
10392
10500
10609
10718
10828
10940
11050
11161
11273
11384
11498
11609
11724
11833
11947
12057
12169
12280
12392
12504
12616
12729
12839
12950
13059
13170
13280
13391
13501
13614
13724
