2044
2133
2227
2323
2420
2517
2614
2712
2809
2907
3005
3104
3202
3300
3398
3495
3592
3689
3786
3882
3977
4071
4165
4259
4352
4444
4536
4627
4718
4808
4899
4989
5080
5170
5260
5350
5440
5530
5620
5709
5798
5887
5977
6066
6156
6246
6337
6428
6519
6610
6702
6795
6888
6982
7076
7172
7268
7366
7464
7564
7666
7769
7873
7979
8085
8192
8300
8408
8518
8627
8738
8849
8961
9073
9185
9298
9410
9523
9635
9747
9861
9974
10089
10202
10316
10429
10543
10658
10773
10888
11002
11118
11232
11349
11462
11576
11690
11804
11918
12031
12145
12259
