2161
2252
2350
2445
2540
2634
2728
2821
2913
3005
3097
3188
3278
3368
3458
3546
3634
3721
3808
3893
3979
4064
4148
4231
4314
4396
4477
4557
4637
4716
4794
4872
4950
5027
5103
5179
5255
5331
5407
5484
5560
5637
5715
5794
5874
5954
6035
6118
6200
6283
6367
6453
6539
6626
6716
6807
6900
6995
7091
7189
7291
7395
7501
7609
7720
7832
7945
8061
8179
8299
8421
8544
8669
8795
8922
9050
9180
9312
9445
9578
9711
9846
9981
10117
10255
10393
10533
10673
10815
10956
11098
11239
11381
11523
11660
11800
11939
12077
