2807
2908
3011
3115
3220
3325
3431
3536
3641
3746
3851
3955
4058
4161
4262
4363
4463
4562
4660
4758
4854
4950
5045
5139
5234
5327
5420
5511
5602
5693
5782
5872
5961
6050
6139
6229
6318
6407
6497
6587
6678
6768
6859
6951
7042
7134
7227
7321
7414
7508
7603
7699
7796
7892
7989
8088
8186
8285
8385
8486
8588
8690
8792
8894
8998
9101
9206
9311
9417
9523
9632
9739
9849
9959
10070
10182
10296
10409
10521
10637
10751
10868
10984
11099
11215
11333
11449
11564
11681
11796
11909
12027
12143
12260
12379
12492
12610
12721
