2339
2439
2538
2639
2739
2840
2941
3041
3143
3243
3345
3445
3546
3647
3747
3847
3947
4047
4147
4247
4346
4445
4544
4642
4739
4836
4933
5029
5124
5219
5313
5407
5500
5592
5684
5775
5867
5957
6047
6137
6226
6318
6407
6496
6585
6674
6764
6853
6943
7033
7123
7214
7306
7396
7488
7580
7672
7765
7858
7952
8046
8140
8235
8330
8426
8522
8620
8717
8815
8914
9013
9113
9213
9315
9416
9518
9621
9724
9828
9933
10038
10145
10252
10359
10468
10577
10687
10799
10909
11022
11134
11247
11361
11474
11588
11699
11814
11926
12039
12152
12267
12379
12490
12605
12714
12830
12934
13149
13365
13477
