2368
2465
2566
2668
2771
2875
2980
3085
3191
3297
3404
3511
3618
4594
4683
4777
4871
4965
5058
5150
5240
5330
5418
5506
5595
5683
5771
5858
5945
6032
6119
6206
6293
6380
6468
6555
6643
6731
6819
6907
6996
7084
7174
7263
7353
7443
7533
7624
7716
7808
7900
7993
8087
8181
8275
8370
8466
8562
8658
8756
8853
8951
9049
9148
9246
9345
9445
9544
9644
9744
9845
9947
10048
10150
10253
10355
10457
10559
10660
10762
10863
10965
11067
11169
11271
11373
11476
11578
11681
11783
11886
11989
12092
12195
12297
12401
12504
12608
12712
12816
12920
13025
13129
