2406
2503
2597
2694
2791
2889
2988
3087
3186
3286
3386
3486
3585
4710
4802
4896
4991
5085
5180
5272
5365
5457
5548
5638
5727
5816
5904
5992
6079
6165
6251
6337
6423
6509
6595
6682
6768
6854
6940
7027
7114
7200
7287
7374
7462
7550
7637
7725
7814
7902
7991
8080
8170
8260
8350
8441
8532
8624
8715
8807
8900
8993
9087
9181
9276
9372
9468
9565
9663
9761
9859
9958
10058
10157
10258
10359
10461
10562
10665
10767
10870
10974
11078
11182
11287
11393
11497
11603
11709
11814
11921
12027
12133
12240
12347
12454
12560
12667
12772
12878
12985
13091
13198
13306
13412
