2292
2392
2506
2618
2728
2837
2946
3055
3166
3277
3390
3504
3618
3733
3849
3965
4080
4194
4306
4418
4527
4635
4741
4846
4949
5050
5149
5246
5340
5430
5517
5600
5681
5761
5840
5919
5998
6076
6154
6231
6310
6387
6466
6545
6624
6704
6785
6866
6948
7032
7116
7203
7291
7381
7474
7569
7666
7766
7867
7971
8078
8187
8300
8416
8536
8659
8787
8918
9054
9193
9334
9477
9621
9767
9915
10064
10215
10368
10522
10675
10830
10986
11144
11302
11460
11618
11777
11934
12090
12249
12408
12566
12725
12884
13040
13193
13342
