2149
2273
2400
2526
2653
2781
2909
3039
3170
3301
3433
3568
3702
3836
3970
4105
4239
4373
4506
4639
4771
4902
5032
5162
5290
5418
5543
5668
5791
5912
6031
6146
6259
6369
6475
6576
6672
6764
6854
6941
7027
7113
7199
7285
7371
7457
7543
7629
7716
7803
7891
7981
8071
8162
8255
8350
8446
8544
8643
8746
8850
8957
9067
9179
9294
9413
9534
9658
9785
9913
10045
10178
10316
10457
10603
10750
10901
11053
11208
11364
11520
11676
11833
11991
12152
12310
12471
12631
12792
12953
13115
13277
13440
13604
13768
13935
14102
14275
14450
