2293
2384
2483
2580
2678
2776
2876
2976
3076
3177
3278
3380
3481
3582
3684
3786
3888
3990
4092
4193
5220
5308
5398
5488
5578
5668
5756
5844
5932
6018
6103
6188
6274
6360
6447
6534
6622
6710
6800
6889
6980
7070
7160
7251
7342
7432
7523
7615
7706
7797
7888
7979
8071
8162
8253
8345
8437
8529
8622
8715
8808
8903
8998
9093
9189
9285
9382
9479
9577
9676
9776
9877
9980
10084
10188
10293
10400
10508
10616
10725
10834
10945
11056
11167
11278
11391
11503
11617
11730
11845
11959
12075
12192
12305
12421
12536
12652
12761
12878
12984
13099
13205
13320
13421
13549
13635
13745
13851
