2234
2339
2452
2564
2678
2791
2906
3020
3135
3249
3364
3479
3594
3709
3824
3940
4054
4169
4283
4398
4511
4624
4735
4844
4950
5054
5154
5252
5345
5434
5520
5603
5684
5764
5844
5922
6001
6079
6156
6234
6311
6390
6468
6547
6627
6707
6789
6870
6953
7035
7119
7203
7288
7374
7462
7551
7642
7734
7830
7927
8027
8130
8235
8343
8454
8567
8683
8806
8931
9060
9190
9321
9455
9590
9726
9862
10001
10139
10278
10419
10560
10702
10845
10989
11134
11279
11422
11567
11712
11856
11999
12145
12292
12439
12582
12730
