3326
3424
3527
3630
3735
3840
3945
4049
4154
4257
4360
4461
4563
4665
4765
4863
4960
5057
5153
5247
5342
5434
5526
5617
5706
5795
5882
5970
6056
6142
6228
6315
6401
6488
6575
6662
6748
6836
6923
7010
7098
7186
7274
7362
7450
7539
7628
7717
7807
7897
7988
8078
8170
8262
8355
8448
8543
8638
8733
8829
8926
9023
9121
9220
9318
9418
9518
9619
9721
9823
9925
10028
10132
10234
10338
10443
10549
10655
10762
10870
10978
11085
11194
11304
11413
11523
11634
11747
11859
11974
12088
12203
12318
12431
12545
12654
12768
12878
12993
13101
13219
13318
13544
13646
13776
13868
13972
14084
14193
