2389
2482
2576
2671
2766
2863
2961
3060
3158
3258
3357
3457
3556
3656
3754
3854
3951
4049
4146
4241
4684
4771
4858
4944
5030
5115
5199
5281
5363
5444
5524
5604
5683
5762
5842
5921
6000
6079
6159
6238
6319
6399
6479
6560
6641
6723
6805
6888
6971
7055
7140
7225
7312
7398
7486
7574
7663
7753
7843
7934
8025
8117
8210
8303
8397
8492
8587
8683
8780
8877
8975
9073
9172
9271
9370
9471
9572
9674
9776
9879
9984
10088
10191
10297
10403
10509
10615
10723
10831
10938
11047
11155
11264
11374
11481
11590
11699
11808
11917
12025
12133
12240
12347
12454
12558
12667
