2283
2369
2464
2561
2657
2754
2851
2948
3045
3143
3240
3338
3437
3535
3633
3731
3829
3927
4024
4121
4218
4315
4411
4506
4600
4695
4789
4881
4972
5064
5154
5244
5332
5420
5506
5592
5676
5760
5844
5927
6009
6091
6172
6254
6335
6416
6498
6580
6662
6744
6827
6909
6992
7075
7158
7241
7325
7409
7493
7578
7663
7749
7835
7921
8008
8095
8183
8271
8360
8449
8539
8630
8720
8811
8902
8994
9086
9179
9272
9366
9461
9556
9652
9748
9845
9943
10041
10140
10241
10341
10442
10543
10645
10747
10849
10952
11055
11157
11261
11365
11469
11573
11677
11782
11886
11991
12096
12201
12307
12413
12519
12624
12730
12836
12941
13048
13154
13260
13367
13474
13583
13692
13803
13910
14015
