2385
2447
2519
2590
2659
2729
2798
2867
2936
3004
3071
3139
3206
3274
3341
3409
3476
3543
3610
3677
3744
3812
3880
3948
4016
4086
4156
4227
4298
4371
4452
4541
4637
4737
4840
4947
5059
5173
5291
5414
5536
5641
5748
5852
5959
6068
6179
6292
6406
6523
6640
6757
6877
6997
7119
7238
7356
7473
7599
7726
7854
7983
8112
8242
8372
8503
8633
8764
8895
9026
9158
9290
9422
9556
9690
9825
9960
10096
10233
10371
10509
10648
10787
10925
11063
11202
11343
11483
11625
11766
11907
12047
12187
12325
12461
12595
12728
12862
12995
