2501
2593
2693
2793
2895
2995
3095
3194
3293
3391
3488
3585
3680
3775
3869
3962
4054
4146
4239
4331
4425
4517
4610
4703
4796
4890
4983
5076
5169
5263
5357
5450
5544
5638
5732
5826
5920
6014
6109
6203
6299
6394
6490
6586
6682
6779
6876
6973
7070
7168
7266
7365
7464
7564
7666
7767
7870
7973
8077
8182
8287
8394
8501
8609
8717
8826
8936
9047
9160
9272
9385
9497
9611
9723
9837
9951
10064
10178
10293
10408
10524
10639
10756
10871
10988
11103
11221
11336
11454
11563
11684
11789
11912
12013
12235
12458
12679
12901
13024
13125
