2501
2596
2691
2787
2882
2976
3069
3163
3256
3349
3442
3535
3628
3720
3813
3906
3999
4092
4184
4278
4372
4466
4560
4655
4750
4846
4942
5038
5135
5231
5329
5427
5525
5625
5723
5823
5923
6024
6125
6226
6328
6431
6534
6639
6744
6851
6957
7064
7173
7281
7390
7499
7610
7719
7830
7942
8053
8167
8279
8392
8502
8615
8726
8839
8949
9063
9172
9285
9395
9508
9621
9733
9846
9960
10073
10189
10303
10417
10532
10648
10762
10877
10991
11105
11219
11336
11450
11565
11680
11793
11907
12020
12139
12242
12352
12467
