2466
2562
2661
2760
2861
2961
3061
3160
3260
3358
3454
3550
3644
3739
3833
3926
4019
4112
4206
4300
4393
4486
4579
4672
4764
4857
4951
5044
5138
5231
5326
5420
5515
5610
5706
5802
5898
5995
6092
6189
6287
6385
6485
6584
6685
6785
6887
6990
7094
7198
7303
7408
7515
7622
7729
7837
7945
8055
8165
8276
8387
8498
8611
8725
8838
8953
9068
9186
9299
9417
9533
9649
9762
9877
9984
10089
10193
10297
10404
10517
10632
10746
10861
10978
11095
11214
11334
11452
11571
11687
11811
11922
12052
12143
12370
12503
12592
12705
12813
