2339
2433
2530
2626
2721
2817
2912
3007
3101
3194
3288
3381
3474
3567
3660
3753
3847
3941
4036
4132
4229
4326
4424
4522
4622
4721
4821
4921
5022
5122
5223
5323
5425
5526
5628
5730
5833
5936
6039
6143
6247
6351
6456
6561
6666
6771
6876
6983
7088
7195
7302
7410
7517
7625
7734
7843
7952
8061
8171
8280
8390
8501
8611
8724
8835
8948
9061
9174
9288
9402
9517
9630
9745
9860
9974
10089
10204
10318
10432
10548
10663
10778
10894
11010
11126
11242
11355
11472
11583
11702
11812
11932
12039
12167
12257
12393
12484
12617
