2619
2710
2803
2897
2990
3083
3176
3268
3360
3452
3544
3635
3727
3819
3911
4004
4096
4188
4280
4372
4464
4556
4648
4740
4832
4924
5017
5109
5202
5295
5388
5481
5574
5667
5760
5853
5946
6040
6133
6227
6321
6414
6509
6604
6700
6795
6891
6987
7085
7182
7280
7379
7478
7578
7679
7781
7883
7986
8089
8194
8299
8405
8512
8620
8730
8840
8950
9059
9170
9280
9390
9501
9612
9722
9833
9945
10057
10168
10280
10392
10504
10616
10728
10840
10952
11065
11177
11290
11403
11515
11628
11741
11853
11967
12081
12194
12307
12418
12529
