2050
2133
2234
2332
2429
2526
2622
2718
2813
2907
3001
3093
3186
3277
3367
3456
3543
3628
3711
3793
3874
3953
4032
4111
4189
4267
4344
4420
4497
4573
4650
4726
4802
4879
4956
5033
5110
5188
5266
5344
5423
5502
5581
5661
5742
5824
5907
5990
6075
6163
6253
6345
6440
6536
6635
6737
6841
6947
7056
7168
7282
7399
7518
7641
7766
7893
8024
8157
8291
8426
8562
8699
8838
8976
9115
9255
9395
9536
9677
9818
9959
10099
10239
10380
10521
10664
10806
10949
11092
11234
11377
11520
11664
11807
11951
12096
12242
12391
12539
12688
12837
12984
