2388
2479
2571
2664
2757
2849
2942
3034
3125
3216
3307
3398
3488
3578
3668
3757
3846
3936
4026
4115
4205
4294
4384
4473
4563
4652
4741
4831
4921
5010
5100
5190
5280
5371
5461
5551
5642
5733
5825
5915
6006
6098
6190
6282
6375
6467
6561
6654
6749
6844
6939
7036
7133
7230
7329
7427
7527
7626
7727
7829
7931
8034
8138
8242
8346
8453
8560
8670
8778
8887
8998
9110
9221
9334
9446
9561
9673
9786
9899
10013
10126
10240
10354
10467
10581
10695
10808
10922
11036
11149
11263
11377
11491
11604
11718
11832
11945
12057
12171
12284
12397
12511
12623
12737
12847
