7931
8017
8132
8235
8344
8450
8554
8657
8761
8863
8966
9067
9169
9269
9368
9467
9564
9660
9754
9848
9942
10036
10130
10222
10315
10407
10500
10592
10684
10777
10869
10962
11055
11148
11243
11337
11433
11529
11626
11726
11827
11930
12034
12141
12250
12361
12474
12590
12708
12827
12948
13071
13195
13321
13449
13582
13717
13854
13995
14138
14280
14427
14573
14720
14870
15013
15170
15308
15469
15609
15770
15909
16069
16207
16365
16505
16662
16806
16964
17111
17275
17417
17586
17726
17877
18037
18190
18346
18500
18652
18803
