2375
2468
2574
2678
2781
2884
2987
3090
3191
3293
3393
3493
3591
3688
3783
3875
3966
4055
4141
4225
4307
4389
4470
4551
4632
4712
4793
4873
4953
5032
5112
5191
5270
5350
5429
5509
5589
5670
5751
5832
5915
5998
6082
6167
6254
6341
6430
6521
6614
6709
6806
6905
7006
7109
7213
7319
7427
7538
7650
7765
7881
7998
8116
8235
8355
8477
8602
8731
8862
8995
9129
9265
9402
9539
9676
9816
9956
10097
10239
10381
10523
10665
10808
10953
11099
11244
11390
11537
11683
11830
11975
12119
12265
12410
12556
12703
12847
12990
13129
13265
13396
13528
13657
