2267
2354
2458
2558
2660
2761
2863
2964
3066
3169
3271
3373
3475
3578
3680
3783
3886
3990
4093
4196
4298
4400
4498
4597
4695
4792
4888
4983
5076
5166
5255
5342
5429
5515
5601
5687
5773
5859
5946
6033
6121
6208
6296
6382
6469
6557
6645
6734
6822
6912
7001
7091
7182
7272
7363
7455
7546
7639
7732
7825
7919
8013
8107
8202
8297
8394
8490
8588
8685
8784
8883
8982
9082
9181
9281
9382
9481
9581
9681
9780
9880
9980
10081
10182
10283
10385
10487
10589
10693
10797
10907
11017
11129
11239
11349
11452
11566
11674
