15652
15795
15946
16096
16245
16389
16531
16672
16813
16954
17093
17230
17365
17498
17630
17760
17889
18016
18143
18269
18395
18520
18644
18767
18890
19012
19133
19254
19373
19491
19610
19729
19847
19965
20081
20198
20313
20429
20545
20661
20778
20896
21021
21149
21278
21416
21562
21698
21846
23452
23577
23716
23858
24002
24148
24294
24441
24587
24735
24880
25022
25162
25299
25434
25565
25695
25823
25949
26073
26197
26319
26441
26562
26681
26801
26919
27037
27155
27272
27389
27508
27631
27757
27884
28013
28145
28279
28421
29950
30070
30194
30320
30452
30597
30745
30899
31061
31241
32600
32738
32885
33032
33182
33332
33484
33636
33788
33941
34095
34248
34401
34554
34707
34860
35014
35167
35320
35473
35626
35778
35931
36083
36235
36387
36539
36693
36848
37002
37158
37316
37474
37633
37794
37956
38121
38287
38453
38622
38793
38965
39138
39309
39481
39652
39823
39994
40164
40335
40506
40674
40843
41012
41182
41351
41520
41690
41867
42045
42235
42436
42643
42841
43029
43207
43379
43547
43714
43879
44043
44207
44372
44539
44707
44875
45043
45212
45381
45549
45717
45887
46056
46224
46391
46557
46724
46904
47097
47301
47525
48900
49058
49231
49404
49578
49750
49921
50091
50258
50425
50592
50766
50936
51112
51293
51478
51663
51852
52047
52250
52466
53857
54043
54235
54427
54624
54823
55018
55202
55383
55564
55745
55926
56111
56293
56478
56662
56846
57031
57214
57399
57584
57770
57960
58151
58351
58558
58773
59000
60599
60733
60877
61019
61159
61297
61435
61573
61713
61853
61994
62137
62282
62430
62581
62736
62896
63061
63231
63407
63587
63770
63957
64148
64344
64541
64739
64941
65144
65350
65557
65764
65975
66188
66406
66630
66855
67078
67300
67519
67734
67945
68154
68363
68570
