724
847
976
1109
1244
1384
1528
1678
2703
2785
2878
2967
3052
3134
3214
3293
3369
3444
3518
3591
3662
3733
3803
3873
3943
4012
4081
4150
4219
4287
4357
4425
4494
4562
4630
4698
4767
4835
4904
4973
5043
5114
5185
5258
5331
5406
5482
5559
5639
5720
5804
5890
5979
6071
6165
6263
6363
6465
6570
6676
6787
6901
7015
7132
7251
7372
7495
7618
7741
7864
7987
8110
8232
8354
8476
8597
8719
8841
8962
9084
9205
9327
9450
9573
9694
9824
9971
11383
11485
11726
11853
11959
12083
12204
12322
12434
12546
12656
12767
12876
12985
13094
13201
13311
13419
13526
13632
13738
13842
13946
14048
14148
14247
14343
14438
14531
14622
14713
14803
14891
14979
15067
15153
15240
15325
15408
15490
15572
15653
15734
15814
15895
15975
16057
16145
16245
16346
16450
18243
18307
18385
18456
18529
18601
18673
18744
18816
18890
18966
19048
19135
19228
19324
19436
20575
20647
20731
20814
20896
20978
21060
21143
21226
21309
21392
21476
21559
21643
21727
21812
21898
21984
22070
22157
22244
22330
22417
22504
22591
22678
22765
22853
22941
23030
23118
23208
23297
23386
23476
23565
23655
23744
23832
23920
24008
24096
24183
24271
24358
24445
24531
24618
24706
24793
24880
24968
25056
25144
25234
25325
25417
25510
25604
25698
25794
25890
25987
26084
26182
26281
26380
26480
26581
26683
26785
26888
26992
27097
27205
27313
27423
27533
27645
27761
27875
27993
28111
28228
28349
28469
28591
28714
28838
28962
29085
29211
29340
29472
29621
31167
31283
31406
31531
31657
31784
31910
32036
32163
32288
32414
32538
32662
32786
32908
33029
33149
33268
33385
33502
33617
33733
33850
33968
34089
34212
34337
34466
34597
34730
34863
34998
35135
35278
35419
35564
35711
35861
36015
36174
37459
37567
37675
37782
37887
37988
38088
38188
38286
38384
38481
38576
38671
38765
38857
38947
39037
39126
39219
39319
39420
39523
39628
39734
39840
39945
40048
40148
40254
40359
40467
40575
40694
40791
41324
41436
41553
41677
41804
42859
42967
43076
43183
43288
43392
43496
43599
43702
43808
43914
44022
44130
44235
44338
44440
44542
44644
44745
44847
44949
45052
45154
45256
45357
45459
45560
45661
45762
45863
45965
46065
46166
46267
46368
46468
46569
46669
46769
46869
46969
47069
47169
47269
47369
47470
47571
47673
47775
47878
47982
48087
48193
48300
48409
48519
48631
48745
48860
48976
49094
49212
49332
49453
49573
49693
49813
49933
50052
50168
50282
50394
50504
50616
50729
50844
50962
51081
51203
51327
51454
51584
51715
51850
51985
52122
52262
52406
52551
52697
52847
52997
53148
53301
53456
53615
53775
53935
54094
54256
54420
54586
54752
54919
55086
55252
55419
55585
55751
55915
56079
56245
56410
56574
56738
56903
57067
57230
57393
57556
57722
57893
58077
58277
