1505
1591
1683
1773
1862
1950
2037
2122
2207
2292
2375
2459
2542
2624
2706
2787
2867
2945
3023
3099
3174
3248
3322
3396
3469
3541
3614
3686
3758
3830
3903
3975
4048
4120
4193
4265
4339
4412
4485
4558
4632
4705
4780
4857
4941
5031
5122
5218
5316
7550
7641
7734
7828
7920
8014
8107
8201
8296
8389
8484
8578
8672
8765
8859
8952
9044
9136
9227
9319
9410
9500
9591
9681
9770
9858
9944
10029
10113
10197
10282
10372
10471
10572
10678
10787
10902
12571
12663
12765
12868
12971
13074
13176
13278
13386
13498
13613
13735
13861
14997
15100
15211
15320
15431
15544
15657
15771
15886
16000
16114
16229
16344
16460
16575
16692
16808
16924
17041
17158
17275
17392
17509
17625
17742
17859
17976
18092
18209
18325
18442
18560
18681
18801
18919
19036
19152
19268
19384
19500
19616
19732
19848
19963
20077
20192
20306
20421
20536
20654
20772
20889
21006
21123
21239
21354
21467
21580
21691
21802
21914
22027
22138
22252
22369
22492
22622
22759
22898
23036
23172
23305
23435
23563
23688
23813
23936
24059
24182
24306
24431
24558
24686
24815
24945
25075
25205
25336
25468
25599
25731
25863
25995
26130
26264
26397
26529
26664
26800
26932
27066
27203
27344
27489
27638
27791
27950
29171
29261
29350
29438
29526
29612
29699
29784
29870
29954
30038
30122
30205
30289
30372
30457
30550
30649
30750
30855
30963
31077
31199
35202
35313
35426
35537
35647
35757
35866
35975
36083
36190
36300
36407
36514
36618
36721
36822
36921
37018
37115
37213
37311
37409
37508
37606
37705
37805
37904
38004
38105
38206
38307
38408
38509
38610
38711
38812
38913
39015
39115
39217
39319
39422
39527
39635
39745
39859
39976
40097
40221
40349
41507
41619
41734
41852
41970
42087
42202
42317
42433
42548
42664
42781
42899
43018
43139
43260
43382
43506
43632
43760
43889
44021
44153
44287
44423
44561
44701
44843
44988
45137
45286
45439
45595
45753
45912
46073
46234
46395
46558
46722
46887
47054
47219
47386
47553
47718
47883
48045
48206
48368
48530
48698
48875
49060
49254
