3096
3193
3308
3430
3560
3690
3822
3955
4091
4230
4370
4514
4660
4810
4961
5112
5266
5421
5576
5733
5893
6053
6217
6392
6588
8832
8959
9097
9245
9401
9558
9716
9875
10035
10197
10361
10525
10690
10858
11027
11198
11373
11558
11749
13071
13191
13344
13531
14749
14871
15021
15187
15361
15535
15708
15877
16043
16205
16363
16517
16667
16813
16955
17094
17232
17367
17500
17633
17765
17897
18028
18159
18290
18420
18553
18690
18824
18960
19097
19235
19374
19512
19653
19793
19934
20075
20217
20362
20508
20656
20806
20957
21113
21274
22277
22432
22588
22741
22897
23056
23219
23381
23543
23707
23877
24056
25737
25877
26034
26197
26364
26533
26704
26883
27068
27263
30488
30629
30785
30949
31124
31303
31485
31668
31856
32043
32230
32417
32605
32791
32977
33162
33348
33536
33729
33924
34118
34311
35818
35953
36103
36267
36432
36594
36753
36908
37061
37211
37361
37510
37659
37808
37958
38109
38262
38418
38577
38739
38904
39072
39240
39409
39582
39759
39940
40125
40313
40501
40692
40883
41076
41270
41464
41658
41852
42046
42239
42434
42627
42820
43013
43208
43409
