3319
3389
3465
3541
3617
3692
3766
3840
3913
3986
4059
4131
4203
4274
4345
4415
4486
4556
4626
4696
4766
4836
4906
4977
5048
5119
5190
5262
5335
5408
5481
5555
5630
5707
5783
5861
5940
6021
6102
6184
6268
6353
6440
6529
6622
6717
6815
6915
7014
7116
7219
7324
7431
7538
7648
7758
7868
7979
8090
8200
8308
8417
8524
8633
8741
8850
8958
9067
9176
9286
9396
9506
9617
9728
9838
9949
10059
10168
10277
10386
10500
10605
10716
10829
10941
14023
14109
14198
14288
14379
14469
14560
14651
14742
14833
14924
15015
15106
15197
15288
15377
15467
15557
15647
15738
15828
15918
16008
16098
16187
16277
16366
16456
16544
16634
16723
16812
16900
16988
17076
17164
17251
17337
17424
17509
17595
17680
17764
17849
17933
18016
18100
18183
18265
18349
18436
18527
18623
20657
20723
20796
20869
20941
21015
21090
21168
21253
21340
22862
22946
23037
23130
23225
23321
23419
23518
23618
23718
23820
23922
24024
24127
24232
24336
24442
24548
24654
24760
24866
24973
25080
25187
25294
25402
25510
25618
25726
25834
25943
26050
26159
26265
26372
26479
26586
26693
26799
26905
27012
27118
27225
27331
27436
27542
27647
27753
27858
27963
28067
28173
28280
28394
28497
28602
28706
28811
28915
29019
29124
29228
29332
29436
29540
29643
29746
29849
29952
30055
30157
30259
30361
30463
30565
30666
30769
30871
30971
31071
31171
31270
31369
31468
31566
31664
31762
31860
31957
32055
32151
32247
32343
32439
32534
32629
32723
32817
32910
33002
33095
33188
33282
33380
34950
35023
35103
35184
35266
35348
35429
35511
35593
35674
35755
35837
35918
36000
36081
36163
36245
36328
36411
36495
36579
36663
36749
36834
36921
37008
37097
37186
37276
37367
37460
37553
37648
37744
37843
37942
38043
38146
38250
38355
38462
38569
38677
38785
38893
39002
39110
39219
39327
39437
39550
39669
39785
39908
40023
42475
42562
42653
42745
42836
42928
43021
43113
43205
43298
43390
43483
43575
43667
43759
43851
43942
44034
44125
44215
44306
44396
44486
44575
44664
44751
44838
44923
45008
45092
45175
45258
45344
45436
45529
45623
45720
46398
46479
46563
46649
49971
50058
50151
50247
50344
50442
50543
50645
50748
50852
50957
51062
51168
51275
51381
51483
51587
51691
51795
51899
52003
52108
52212
52317
52422
52527
52631
52736
52840
52944
53049
53153
53257
53361
53465
53568
53672
53774
53878
53980
54083
54185
54286
54388
54489
54590
54691
54792
54893
54994
55094
55195
55295
55394
55494
55594
55694
55794
55895
55997
56100
56206
56314
58270
58353
58446
58540
58635
58731
58826
58923
59021
59119
59217
59316
59415
59516
59616
59718
59820
59923
60026
60130
60234
60338
60443
60548
60653
60759
60865
60972
61079
61188
61296
61404
61513
61622
61730
61836
61944
62051
62160
62266
62376
62485
62591
62698
62805
62913
63023
63134
63246
63358
63479
63595
63711
63831
63948
64067
64186
64306
64426
64545
64663
64780
64898
65017
65134
65251
65369
65486
65602
65718
65835
65953
66072
66191
66311
66420
66556
