1618
1756
1898
2031
2161
2288
2411
2532
2651
2767
2881
2993
3103
3212
3319
3425
3530
3635
3738
3841
3943
4045
4146
4248
4349
4450
4550
4650
4750
4850
4950
5051
5151
5252
5353
5454
5556
5658
5761
5864
5970
6078
6187
6301
6421
6543
6670
8861
8991
9122
9256
9394
9533
9670
9808
9946
10083
10220
10356
10492
10628
10764
10894
11024
11155
11285
11417
11550
11683
11818
11952
12087
12222
12358
12496
12636
12778
12921
13068
13220
13374
13528
13685
13846
14008
14172
14335
14496
14658
14822
14987
15151
15313
15482
15653
15824
15992
16158
16335
16519
16700
16885
17076
18545
18716
18888
19061
19236
19414
19597
19783
19973
20166
20361
20556
20752
20949
21144
21337
21530
21721
21908
22093
22276
22456
22635
22811
22982
23150
23317
23482
23644
23807
23969
24132
24295
24460
24625
24792
24959
25127
25296
25466
25635
25805
25972
26140
26308
26474
26638
26801
26965
27129
27294
27460
27627
27798
27966
28134
28315
28493
28671
28847
29020
29190
29357
29524
29691
29859
30025
30192
30359
30525
30693
30863
31037
31214
31392
31570
31748
31928
32107
32286
32464
32642
32823
33010
33199
33386
33575
33763
33950
34133
34313
34488
34651
34809
34961
35108
35254
35394
35530
35664
35797
35930
36061
36192
36325
36469
36598
36740
36883
37030
37180
37334
37491
37653
37818
37990
38171
38353
38542
38735
40424
40584
40747
40911
41075
41240
41407
41573
41734
41889
42041
42190
42338
42486
42635
42784
42934
43085
43237
43390
43543
43698
43853
44009
44166
44324
44483
44644
44805
44967
45129
45297
45466
45636
45816
46001
46187
46377
46569
46758
46942
47121
47295
47465
47625
47782
47934
48086
48238
48391
48545
48698
48854
49012
49171
49332
49497
49664
49836
50013
50199
50394
50596
50806
51022
51242
51465
51694
51930
52173
52431
52704
52989
53275
53569
53847
54131
54411
54684
54964
55245
55525
55808
56090
56368
56657
