2014
2118
2233
2356
2478
2599
2721
2842
2963
3085
3206
3327
3449
3572
3695
3819
3944
4071
4198
4328
4459
4591
4725
4861
4999
5140
5284
5430
5580
5735
5903
6090
7937
8063
8203
8348
8501
8654
8808
8967
9126
9286
9448
9612
9778
9946
10115
10285
10456
10629
10804
10981
11163
11357
11571
13061
13212
13388
13579
13791
15121
15267
15435
15609
15785
15961
16138
16316
16492
16665
16836
17004
17170
17334
17497
17656
17814
17968
18120
18270
18420
18568
18714
18859
19003
19148
19297
19453
19598
19745
19893
20041
20189
20338
20488
20638
20791
20944
21100
21259
21421
21584
21747
21913
22078
22251
24450
24579
24734
24898
25064
25230
25396
25562
25735
25924
27691
27839
28005
28181
28359
28549
28741
31581
31738
31905
32081
32261
32439
32619
32798
32979
33160
33342
33525
33710
33895
34083
34272
34465
36209
36326
36466
36620
36775
36930
37085
37239
37393
37548
37702
37857
38012
38170
38330
38492
38656
38823
38991
39162
39335
39510
39688
39868
40052
40240
40432
40625
40817
41008
41198
41388
41579
41769
41964
42155
42347
42537
42729
42923
43122
