16038
16181
16325
16462
16596
16728
16856
16982
17105
17227
17345
17461
17576
17689
17800
17910
18019
18127
18235
18343
18450
18558
18665
18771
18878
18984
19091
19198
19305
19412
19519
19627
19735
19843
19952
20061
20171
20281
20392
20503
20615
20728
20843
20964
21081
21204
21335
21476
23633
24005
24143
24287
24431
24575
24720
24866
25012
25154
25295
25437
25581
25724
25868
26012
26158
26303
26450
26597
26745
26895
27048
27205
27366
27528
27685
27848
28020
28203
28374
29776
29903
30066
30231
30406
30587
30767
30955
31156
32199
32363
32531
32698
32865
33033
33202
33371
33541
33713
33887
34061
34236
34410
34584
34758
34934
35110
35286
35461
35636
35809
35981
36151
36320
36489
36656
36820
36982
37143
37303
37462
37618
37774
37930
38086
38243
38402
38562
38723
38887
39052
39218
39385
39553
39722
39890
40060
40230
40398
40569
40735
40901
41066
41230
41396
41561
41726
41895
42066
42241
42423
42610
42799
42989
43175
43355
43533
43710
43889
44068
44248
44427
44605
44785
44963
45143
45324
45506
45686
45867
46046
46224
46402
46577
46749
46925
47105
47285
47462
47643
47828
48016
48208
48402
48602
48770
48927
49087
49247
49403
49554
49701
49845
49989
50133
50277
50420
50564
50719
50866
51018
51174
51334
51498
51665
51837
52012
52197
52384
52572
52761
52955
53154
54282
54428
54599
54770
54940
55111
55284
55461
55634
55799
55962
56123
56283
56444
56606
56769
56934
57100
57266
57432
57599
57766
57934
58103
58274
58446
58619
58796
58973
59154
59337
59523
59711
59900
60091
60281
60471
60658
60843
61025
61201
61371
61538
61700
61862
62021
62179
62338
62496
62654
62812
62969
63129
63289
63452
63618
63787
63960
64136
64316
64501
64690
64883
65081
65285
65489
65698
65914
66138
66372
66611
66863
67125
67382
67641
67898
68158
68416
68669
68917
69164
69420
69683
