8077
8157
8240
8321
8402
8482
8562
8641
8720
8799
8877
8956
9034
9113
9191
9268
9346
9424
9501
9578
9656
9734
9812
9889
9966
10042
10119
10195
10270
10344
10419
10492
10565
10638
10711
10782
10854
10926
10997
11067
11137
11207
11276
11345
11413
11480
11548
11615
11681
11747
11813
11879
11945
12010
12075
12141
12205
12270
12334
12399
12463
12527
12592
12656
12721
12785
12850
12914
12979
13044
13109
13174
13239
13305
13371
13437
13505
13580
13661
13744
13830
13921
16377
16477
16586
16695
16805
16914
17024
17135
17247
17361
17476
17592
17712
17829
17946
18063
18181
18298
18416
18534
18653
18771
18890
19009
19128
19248
19367
19486
19606
19725
19844
19962
20080
20202
20331
20465
22325
22425
22531
22637
22744
22851
22962
23078
23197
23321
23450
25199
25276
25372
25465
25554
25641
25726
25812
25898
25984
26069
26154
26240
26325
26409
26494
26580
26664
26748
26832
26916
27001
27085
27168
27252
27336
27419
27502
27585
27668
27752
27835
27918
28001
28084
28167
28250
28333
28415
28498
28581
28664
28747
28831
28914
28996
29079
29160
29243
29324
29406
29488
29569
29650
29731
29812
29893
29974
30055
30136
30218
30300
30383
30466
30551
30635
30720
30806
30892
30977
31063
31152
31240
31328
31416
31504
31590
31678
31765
31853
31941
32031
32122
32214
32306
32399
32492
32585
32678
32771
32863
32955
33047
33139
33229
33319
33406
33493
33579
33663
33748
33831
33915
33999
34083
34167
34253
34339
34426
34514
34602
34692
34783
34876
34971
35068
35166
35267
35371
35479
35593
35712
35840
35991
37275
37377
37494
37612
37732
37854
37978
38101
38225
38349
38471
38594
38717
38839
38960
39082
39203
39324
39445
39567
39691
39815
39938
40059
40178
40297
40416
40535
40655
40776
40896
41017
41138
41259
41380
41501
41627
41756
41884
42012
42144
42277
42414
42554
42701
44129
44230
44335
44437
44537
44634
44729
44824
44921
45017
45114
45212
45309
45407
45504
45602
45701
45800
45899
45997
46096
46194
46291
46387
46482
46583
46687
46795
46907
47021
47138
47258
47382
48147
48262
48383
50977
51089
51201
51311
51420
51529
51637
51744
51851
51958
52063
52170
52278
52389
52502
52615
52725
52832
52937
53042
53147
53253
53358
53464
53570
53676
53782
53889
53998
54106
54215
54323
54432
54540
54648
54756
54865
54972
55079
55185
55292
55399
55505
55611
55717
55823
55930
56036
56143
56249
56355
56459
56565
56671
56777
56884
56990
57098
57208
57320
57434
57550
57670
57791
57915
58041
58167
58295
58424
58555
58682
58809
58933
59055
59174
59290
59403
59511
59617
59723
59828
59933
60038
60144
60250
60357
60465
60575
60687
60800
60915
61032
61150
61270
61393
61517
61642
61769
61897
62026
62157
62291
62426
62563
62702
62842
62983
63124
63268
63412
63559
63707
63856
64002
64151
64300
64450
64602
64754
64904
65056
65207
65360
65511
65663
65815
65967
66117
66265
66414
66562
66713
66859
67007
67157
67312
67472
67641
