1657
1767
1877
1986
2092
2198
2303
2408
2513
2617
2722
2826
2930
3034
3138
3242
3345
3449
3551
3653
3755
3856
3958
4061
4164
4269
4375
4483
4593
4705
4819
4935
5053
5173
5295
5419
5546
5675
5806
5940
6076
6214
6355
6497
6643
6791
6941
7093
7245
7397
7557
7715
7880
8060
10097
10210
10338
10466
10597
10727
10858
10989
11120
11251
11386
11517
11647
11776
11905
12033
12161
12289
12416
12544
12671
12799
12926
13055
13187
13327
13461
13605
13750
13896
14044
14196
15208
15316
15445
15580
15721
15863
16005
16152
16296
16447
18321
18415
18531
18646
18761
18879
18997
19116
19235
19356
19476
19598
19720
19844
19968
20095
20223
20353
20486
20621
20759
20899
21042
21189
21339
21493
21652
21816
21984
22154
22325
22496
22669
22841
23012
23183
23354
23524
23695
23864
24025
24182
24334
24484
24631
24776
24921
25062
25202
25339
25474
25606
25737
25865
25991
26117
26244
26367
26489
26609
26729
26848
26966
27084
27202
27322
27442
27563
27685
27809
27936
28068
28207
28356
28523
29739
29873
30031
30199
30379
30563
30753
30950
31150
31351
31552
31749
31944
32138
32332
32526
32708
32835
33125
33247
33516
33644
33840
33992
34141
34286
34430
34573
34724
34879
35036
35202
37206
37303
37424
37546
37667
37788
37907
38027
38146
38265
38385
38506
38627
38749
38876
39000
39127
39259
39395
39536
39680
39829
39983
42969
43071
43201
43329
43458
43587
43717
43847
43976
44105
44231
44359
44488
44617
44746
44874
45003
45133
45263
45394
45525
45655
45786
45915
46043
46170
46297
46425
46553
46681
46810
46939
47068
47197
47327
47457
47589
47724
47862
48002
48146
48290
48436
48582
48729
48877
49022
49168
49308
49445
49579
49712
49843
49974
50109
50245
50383
50523
50664
50807
50952
51099
51249
51402
51558
51716
51876
52041
52209
52379
52553
52731
52914
53101
53290
53482
53677
53877
54081
54287
54496
54705
54918
55134
55345
55558
55774
55988
56201
56417
56639
56857
57057
