10854
10991
11133
11277
11422
11569
11717
11865
12013
12161
12309
12455
12601
12746
12888
13030
13171
13311
13451
13590
13730
13869
14007
14146
14285
14424
14562
14702
14840
14979
15119
15257
15396
15534
15673
15811
15950
16095
16256
16416
18675
18851
19037
19223
19410
19595
19778
19955
20128
20301
20467
20629
20784
20935
21084
21230
21374
21515
21654
21792
21927
22062
22195
22327
22458
22589
22719
22848
22975
23104
23237
23379
23514
23656
23801
25549
25659
25793
25935
26094
26253
26421
26605
27898
28041
28191
28344
28500
28658
28818
28977
29137
29296
29455
29612
29769
29924
30079
30234
30390
30546
30703
30861
31018
31176
31334
31491
31649
31807
31964
32122
32280
32437
32595
32752
32912
33074
33236
33403
33576
33749
33926
34105
34289
34473
34660
34848
35037
35227
35416
35605
35791
35970
36148
36325
36503
36679
36851
37025
37200
37371
37544
37725
37918
38123
38335
38556
38762
38952
39130
39303
39474
39642
39812
39981
40153
40325
40499
40673
40848
41023
41201
41381
41565
41748
41931
42115
42301
42495
42692
42898
43113
43340
45096
45233
45371
45507
45643
45779
45916
46051
46188
46323
46457
46591
46733
46866
47006
47146
47288
47429
47572
47715
47859
48005
48152
48301
48453
48608
48769
48936
49111
49297
49498
49709
50556
50736
50922
51106
51291
51477
51663
51852
52033
52203
52370
52537
52703
52873
53038
53200
53364
53527
53690
53851
54012
54175
54340
54506
54673
54842
55011
55184
55357
55535
55716
55901
56095
56296
56503
56720
56946
57169
57377
57565
57740
57907
58071
58234
58397
58562
58728
58895
59065
59238
59411
59587
59766
59951
60142
60335
60531
60723
60915
61111
61308
61506
61704
61908
62111
62312
62521
62733
62952
63181
63412
63648
63876
64105
64334
64560
64773
64996
65216
65426
