1586
1690
1798
1914
2022
2130
2238
2346
2454
2561
2668
2775
2881
2987
3094
3199
3305
3410
3514
3618
3723
3827
3931
4036
4141
4248
4355
4464
4574
4685
4798
4913
5030
5149
5271
5395
5522
5653
5785
5921
6059
6201
6346
6494
6644
6798
6954
7114
7276
7439
7604
7771
7938
8105
8271
8442
8617
8795
10937
11046
11177
11309
11443
11577
11710
11844
11978
12111
12248
12384
12519
12654
12788
12922
13055
13189
13321
13454
13586
13719
13854
13998
14140
14287
14435
14585
14738
14889
16122
16235
16363
16492
16625
16768
16906
17045
17195
17336
17487
18979
19085
19203
19322
19443
19566
19690
19815
19941
20068
20196
20325
20455
20585
20717
20848
20980
21112
21244
21377
21510
21644
21778
21913
22048
22184
22319
22454
22589
22723
22858
22993
23129
23267
23406
23542
23677
23813
23948
24082
24217
24351
24484
24617
24750
24881
25011
25140
25269
25397
25526
25654
25784
25910
26035
26160
26285
26411
26538
26665
26794
26924
27056
27189
27324
27464
27612
27778
29021
29165
29334
29511
29696
29886
30079
30275
30470
30667
30862
31059
31256
31449
31637
31822
32005
32185
32361
32534
32703
32871
33045
33215
33388
33563
33734
35619
35740
35864
35986
36107
36227
36347
36467
36585
36704
36822
36946
37071
37198
37332
37471
37619
41007
41101
41225
41347
41470
41593
41717
41842
41967
42091
42215
42339
42462
42591
42719
42845
42972
43099
43227
43356
43484
43611
43739
43865
43989
44115
44240
44367
44494
44621
44749
44877
45006
45135
45265
45396
45530
45667
45805
45946
46088
46230
46374
46520
46666
46942
47077
47204
47335
47464
47595
47728
47862
48000
48138
48280
48424
48569
48718
48870
49025
49184
49346
49512
49681
49855
50032
50214
50401
50592
50781
50973
51168
51367
51567
51771
51976
52183
52392
52599
52810
53023
53237
53453
53669
53883
54101
54324
54547
