3367
3439
3511
3582
3652
3721
3790
3858
3926
3994
4062
4130
4197
4265
4332
4400
4468
4536
4604
4672
4740
4809
4877
4946
5016
5085
5156
5226
5297
5369
5442
5515
5590
5665
5742
5820
5899
5979
6062
6145
6230
6317
6405
6494
6586
6680
6776
6875
6977
7077
7183
7288
7395
7503
7614
7725
7836
7947
8058
8169
8280
8390
8500
8610
8718
8827
8935
9043
9151
9258
9365
9471
9577
9682
9785
9887
9987
10085
10183
10291
10397
10503
13584
13664
13751
13841
13931
14022
14113
14205
14296
14387
14478
14569
14660
14751
14841
14931
15019
15106
15193
15280
15368
15455
15542
15629
15716
15802
15888
15973
16058
16144
16229
16314
16399
16484
16568
16653
16737
16821
16905
16988
17071
17153
17234
17315
17396
17476
17556
17636
17715
17793
17871
17948
18024
18100
18175
18251
18333
18422
20734
20802
20873
20943
21014
21084
21155
21227
21301
21382
21469
21556
21646
23064
23149
23236
23326
23418
23511
23605
23701
23798
23896
23995
24096
24197
24298
24401
24504
24608
24712
24816
24921
25027
25133
25239
25345
25452
25560
25667
25775
25883
25991
26100
26208
26316
26424
26531
26639
26747
26855
26962
27069
27175
27282
27388
27494
27599
27704
27809
27914
28018
28122
28227
28329
28432
28535
28637
28738
28840
28940
29040
29140
29241
29342
29441
29541
29641
29740
29839
29939
30038
30136
30234
30332
30430
30527
30624
30721
30817
30912
31008
31103
31198
31292
31386
31479
31572
31665
31757
31850
31940
32029
32118
32207
32296
32384
32473
32561
32649
32736
32823
32911
32998
33085
33171
33258
33344
33430
33515
33599
33684
33768
33852
33935
34019
34104
34190
34278
34369
36160
36228
36299
36370
36441
36511
36581
36651
36721
36791
36862
36932
37003
37074
37146
37217
37289
37362
37435
37508
37582
37656
37731
37807
37883
37961
38039
38118
38198
38279
38361
38445
38530
38616
38704
38793
38884
38976
39071
39168
39266
39366
39468
39573
39678
39784
39890
39996
40102
40208
40315
40422
40528
40635
40746
40860
40974
41090
41214
41316
43677
43757
43839
43920
44000
44080
44159
44239
44318
44397
44477
44556
44636
44715
44795
44874
44954
45033
45113
45193
45273
45353
45432
45511
45590
45669
45747
45826
45904
45983
46061
46141
46226
46315
46405
46497
46589
46680
46770
46858
46946
49764
49850
49940
50030
50120
50209
50300
50391
50484
50577
50671
50766
50862
50959
51056
51152
51245
51337
51428
51519
51609
51700
51791
51882
51972
52063
52153
52243
52334
52424
52514
52604
52694
52783
52873
52963
53052
53142
53232
53321
53410
53500
53589
53679
53768
53857
53946
54035
54124
54214
54303
54392
54481
54570
54659
54749
54839
54930
55021
55113
55206
55299
55393
55487
55581
55676
55770
55866
55963
56061
56159
56258
56357
56456
56557
57665
57753
57846
57940
58035
58131
58227
58325
58424
58524
58625
58727
58829
58932
59035
59141
59246
59353
59459
59567
59674
59783
59891
60001
60111
60221
60331
60441
60552
60663
60773
60885
60998
61109
61223
61335
61450
61565
61679
61794
61908
62023
62137
62252
62368
62485
62601
62717
62834
62949
63066
63182
63298
63414
63530
63647
63763
63880
63996
64112
64228
64344
64460
64576
64691
64806
64920
65036
65151
65264
65380
65492
65609
65717
