3294
3391
3494
3604
3714
3823
3933
4042
4150
4259
4368
4477
4587
4697
4808
4920
5033
5148
5264
5381
5500
5621
5743
5870
5999
6135
6278
6434
6606
8508
8624
8752
8882
9011
9139
9266
9395
9520
9645
9767
9887
10007
10126
10243
10360
10475
10589
10703
10816
10929
11041
11152
11263
11372
11480
11587
11696
11807
11922
12048
12179
12323
14039
14169
14315
14481
14667
16150
16289
16450
16627
16807
16989
17172
17356
17542
17727
17912
18098
18285
18470
18654
18834
19010
19182
19349
19510
19666
19819
19966
20112
20255
20396
20535
20675
20819
20958
21097
21237
21376
21516
21657
21797
21939
22081
22224
22366
22508
22651
22795
22940
23085
23230
23376
23522
23672
23822
26490
26632
26787
26947
27107
27274
27451
29313
29459
29629
29801
29976
30152
30330
30521
33627
33775
33933
34093
34262
34437
34614
34792
34970
35150
35331
35512
35695
35877
36057
36239
36421
36605
36792
36978
38679
38808
38960
39128
39293
39455
39613
39768
39918
40065
40211
40356
40500
40644
40788
40934
41081
41230
41382
41536
41693
41853
42015
42180
42348
42519
42694
42875
43059
43245
43432
43622
43813
44005
44195
44383
44573
44762
44951
45140
45328
45516
45703
45891
46077
46263
46453
