3282
3392
3514
3637
3769
3906
4048
4191
4337
4485
4634
4786
4939
5094
5247
5399
5552
5703
5857
6014
6174
8400
8521
8659
8804
8960
9120
9279
9439
9598
9758
9920
10081
10245
10408
10573
10739
10905
11076
11260
12566
12679
12829
12994
13181
14486
14627
14775
14928
15084
15241
15400
15558
15717
15875
16032
16191
16350
16509
16669
16829
16988
17147
17307
17468
17628
17789
17951
18114
18274
18436
18598
18760
18923
19089
19252
19413
19573
19734
19894
20054
20213
20372
20530
20686
20845
21004
21163
21321
21480
21638
21798
21956
22114
22275
22440
22614
24525
24678
24843
25016
25193
25373
25555
25739
25923
26111
26298
26485
26668
26848
27027
27212
29041
29181
29335
29491
29650
29812
29985
30155
30335
32449
32585
32735
32892
33059
33228
33395
33563
33733
33905
34078
34250
34423
34597
34771
34946
35121
35295
35469
35645
35824
36005
36192
37709
37854
38014
38175
38334
38491
38647
38802
38956
39108
39259
39411
39562
39713
39864
40017
40173
40331
40492
40656
40823
40994
41167
41343
41524
41706
41894
42084
42278
42469
42663
42857
43051
43245
43439
43631
43822
44013
44203
44400
