2247
2399
2566
2743
2936
4660
4786
4930
5071
5211
5348
5482
5615
5747
5878
6008
6136
6263
6389
6514
6639
6763
6887
7012
7138
7265
7394
7524
7656
7790
7924
8058
8192
8325
8456
8586
8714
8842
8970
9098
9226
9354
9481
9609
9737
9865
9994
10122
10251
10381
10514
10658
10801
10948
11105
12950
13110
13275
13438
13600
13763
13924
14083
14242
14398
14551
14701
14849
14994
15136
15276
15413
15548
15682
15814
15946
16075
16204
16334
16471
16613
16751
16893
17041
17186
18724
18860
19001
19155
19318
19481
19654
19839
20029
20893
21043
21204
21367
21532
21699
21867
22034
22202
22370
22538
22704
22871
23038
23205
23371
23537
23703
23868
24034
24199
24364
24528
24691
24856
25020
25183
25349
25514
25681
25847
26015
26183
26356
26535
26721
26913
27104
27292
27481
27673
27866
28057
28248
28436
28625
28816
29004
29191
29377
29562
29749
29933
30118
30306
30488
30672
30869
31085
31306
32118
32285
32460
32639
32818
33001
33187
33376
33567
33760
33956
34151
34343
34535
34722
34907
35092
35273
35454
35628
35806
35992
36185
36383
38126
38296
38474
38651
38830
39007
39184
39361
39537
39722
39907
40102
40302
40506
40703
43028
43203
43397
43592
43793
43998
44197
44386
44576
44769
44963
45157
45353
45552
45750
45949
46148
46346
46545
46741
46938
47133
47334
47540
47747
49387
49529
49687
49843
50000
50154
50311
50466
50625
50786
50950
51116
51285
51457
51635
51818
52005
52199
52400
52604
52788
52986
53209
53428
53658
53902
54151
54396
54647
54905
55184
55456
55675
55898
56106
56370
