3141
3284
3424
3560
3693
3823
3951
4078
4203
4325
4446
4566
4684
4801
4917
5031
5145
5258
5371
5483
5595
5706
5818
5930
6042
6155
6268
6382
6496
6611
6725
6840
6955
7070
7185
7300
7418
7542
7659
7786
7919
8061
8208
8338
10359
10675
10810
10952
11093
11234
11376
11518
11662
11800
11940
12080
12220
12361
12502
12644
12787
12932
13078
13224
13371
13518
13665
13814
13965
14121
14286
14451
14619
14798
14958
15295
16372
16519
16676
16834
17000
17173
17345
17518
17701
17889
18072
19068
19214
19371
19528
19683
19839
19995
20152
20309
20466
20622
20779
20935
21091
21247
21403
21559
21717
21875
22035
22194
22354
22514
22674
22834
22994
23153
23314
23475
23635
23796
23957
24119
24282
24446
24611
24777
24944
25111
25278
25445
25611
25777
25944
26114
26279
26444
26609
26774
26939
27105
27272
27441
27615
27786
27968
28155
28345
28535
28722
28905
29087
29269
29448
29628
29806
29983
30158
30332
30506
30678
30852
31028
31207
31385
31564
31743
31925
32106
32288
32471
32656
32847
33043
33238
33436
33636
33840
34034
34205
34380
34549
34714
34876
35033
35185
35337
35488
35640
35793
35948
36110
36273
36441
36612
36789
36970
37155
37343
37542
37740
37940
38134
38330
38529
39992
40123
40296
40470
40643
40818
40996
41178
41360
41534
41705
41872
42038
42203
42370
42538
42708
42880
43052
43225
43398
43573
43748
43925
44105
44288
44479
44673
44873
45074
45279
45483
45685
45886
46080
46266
46447
46622
46796
46965
47132
47299
47465
47633
47801
47971
48142
48315
48486
48661
48838
49015
49198
49384
49574
49768
49966
50168
50377
50591
50815
51048
51285
51532
51790
52064
52345
52628
52910
53192
53468
53744
54014
54297
54572
54845
55116
55396
