1458
1528
1610
1691
1772
1852
1932
2010
2088
2164
2241
2316
2392
2467
2541
2616
2690
2765
2839
2913
2987
3062
3136
3211
3286
3362
3438
3515
3593
3671
3751
3831
3912
3994
4076
4160
4244
4329
4416
4504
4593
4683
4775
4867
4960
5054
5149
5244
5343
5445
5549
5655
5763
5875
7861
7949
8044
8141
8238
8336
8434
8532
8631
8730
8829
8927
9024
9122
9219
9317
9416
9515
9614
9714
9814
9915
10016
10117
10219
10322
10424
10526
10629
10741
10852
10965
11079
11195
11312
11429
11543
12741
12824
12925
13028
13131
13235
13343
13454
13568
13684
13805
14961
15056
15151
15247
15344
15440
15537
15634
15732
15829
15928
16026
16126
16226
16327
16428
16531
16635
16739
16845
16953
17062
17172
17284
17399
17515
17632
17751
17872
17994
18118
18243
18369
18494
18619
18743
18866
18988
19108
19228
19347
19464
19580
19694
19808
19921
20034
20146
20257
20368
20479
20589
20700
20811
20921
21031
21141
21249
21358
21465
21571
21676
21780
21885
21989
22093
22196
22300
22403
22506
22609
22712
22816
22921
23029
23138
23250
23365
24605
24702
24806
24910
25016
25121
25227
25333
25440
25547
25655
25762
25871
25979
26088
26198
26308
26418
26529
26640
26751
26862
26972
27082
27191
27300
27409
27518
27628
27742
27851
27960
28072
28186
28302
28421
28544
30208
30298
30393
30487
30585
30684
30783
30883
30983
31083
31184
31284
31387
31494
31604
31716
31832
31950
32070
32193
34465
34563
34664
34768
34873
34980
35090
35201
35307
35411
35510
35608
35706
35806
35906
36006
36107
36209
36311
36413
36516
36618
36722
36825
36929
37033
37138
37244
37349
37455
37562
37671
37781
37892
38003
38116
38229
38344
38460
38577
39131
39227
39326
39426
39526
39626
39727
39829
39933
40038
40143
40250
40358
40467
40577
40688
40800
40912
41029
41145
41262
41382
41504
41628
41753
41881
42011
42143
42278
42414
42554
42695
42840
42986
43134
43283
43433
43583
43735
43889
44042
44197
44354
44513
44672
44831
44987
45143
45297
45450
45602
45754
45904
46056
46207
46358
46508
46660
46806
46954
