13262
13334
13412
13491
13570
13648
13725
13801
13877
13952
14027
14101
14176
14250
14324
14398
14472
14546
14619
14693
14766
14839
14911
14984
15057
15130
15203
15276
15349
15422
15495
15569
15642
15716
15790
15864
15938
16013
16087
16162
16238
16319
16403
16489
16578
16669
16763
16859
16958
18853
18921
19008
19098
19189
19282
19376
19471
19566
19661
19756
19850
19944
20038
20132
20226
20321
20417
20512
20608
20705
20802
20900
20997
21095
21194
21293
21392
21497
21606
21718
21832
21948
22063
23395
23464
23561
23661
23766
23874
23983
24096
24213
24332
24461
25588
25657
25751
25847
25943
26039
26136
26233
26331
26429
26527
26626
26725
26825
26926
27027
27129
27231
27335
27440
27546
27653
27762
27873
27985
28098
28212
28327
28442
28558
28675
28792
28910
29028
29145
29262
29379
29494
29609
29722
29835
29946
30055
30165
30274
30382
30489
30597
30704
30811
30918
31025
31131
31238
31343
31447
31551
31655
31759
31861
31964
32067
32170
32273
32375
32479
32586
32694
32806
32919
33042
33158
33929
34024
34124
34224
34326
34428
34531
34633
34736
34838
34941
35044
35148
35251
35354
35457
35560
35662
35765
35868
35970
36072
36176
36279
36384
36490
36592
36699
36807
36917
37028
37141
37254
37369
38562
38647
38736
38827
38919
39011
39104
39198
39292
39387
39481
39576
39671
39766
39871
39975
40084
40197
40312
40428
40544
40662
40779
40897
41020
42226
42314
42414
42516
42618
42722
42826
42931
43038
43143
43245
43344
43442
43540
43637
43735
43833
43932
44030
44130
44228
44328
44428
44528
44628
44729
44830
44931
45032
45133
45234
45334
45436
45538
45640
45745
45850
45957
46065
46173
46283
46392
46500
46606
46711
46813
46914
47012
47110
47206
47302
47397
47492
47587
47682
47778
47873
47967
48061
48155
48249
48342
48436
48529
48623
48717
48811
48905
49001
49097
49194
49293
49393
49494
49597
49702
49809
49919
50032
50149
50270
50398
50531
50670
50817
50975
51140
51317
51510
51708
51914
52087
52276
52463
52644
52820
52991
53159
53318
53476
53630
53782
53932
54080
54228
54374
54521
54667
54813
54962
55112
55265
