3231
3314
3401
3485
3569
3654
3737
3821
3904
3987
4070
4152
4235
4318
4400
4482
4563
4645
4726
4807
4888
4968
5048
5127
5206
5284
5362
5439
5516
5592
5668
5744
5819
5893
5966
6039
6112
6184
6254
6325
6395
6465
6534
6602
6671
6738
6805
6871
6937
7003
7069
7133
7198
7263
7327
7391
7456
7523
7594
7670
7748
7824
7901
7983
9762
9849
9956
10058
10154
10249
10346
10442
10538
10633
10728
10822
10916
11009
11103
11200
11295
11389
11484
11578
11673
11770
11866
11963
12061
12158
12255
12353
12451
12549
12647
12745
12843
12942
13042
13142
13242
13343
13445
13547
13649
13753
13861
13973
14087
14205
14327
14455
14582
14709
14831
15795
15882
15986
16096
16208
16319
16429
16545
16670
16798
16926
17053
17168
17809
17892
17995
18095
18195
18294
18393
18492
18591
18689
18787
18885
18982
19079
19176
19273
19370
19466
19562
19658
19754
19849
19944
20039
20133
20227
20320
20413
20506
20597
20689
20779
20869
20959
21048
21137
21225
21313
21400
21486
21572
21659
21745
21830
21914
21997
22080
22164
22246
22329
22412
22495
22578
22662
22745
22829
22914
23001
23089
23179
23269
23359
23450
23542
23634
23727
23821
23915
24010
24106
24202
24299
24397
24495
24600
24705
24809
24915
25022
25130
25239
25349
25459
25571
25681
25792
25903
26014
26127
26239
26352
26464
26576
26689
26807
26927
27051
27177
28165
28267
28373
28481
28590
28700
28810
28920
29031
29143
29255
29367
29479
29592
29703
29815
29927
30039
30151
30263
30375
30486
30598
30710
30823
30935
31049
31164
31280
31396
31503
31613
31725
31839
31955
32073
32192
32314
32438
32564
33817
33909
34003
34095
34185
34273
34361
34450
34537
34623
34710
34795
34880
34965
35048
35131
35216
35309
35405
35501
35601
35703
35805
35909
36014
36123
38162
38253
38353
38450
38546
38642
38739
38836
38933
39031
39129
39228
39327
39427
39528
39630
39729
39829
39929
40029
40130
40230
40330
40429
40528
40627
40726
40826
40924
41024
41123
41222
41321
41420
41520
41620
41720
41821
41921
42022
42124
42225
42327
42429
42532
42636
42742
42848
42957
43068
43181
43296
43412
43530
43648
43767
43885
44005
44120
44233
44345
44456
44565
44674
44784
44895
45008
45122
45237
45353
45470
45589
45709
45829
45952
46075
46201
46329
46457
46589
46723
46859
46997
47136
47275
47415
47556
47699
47843
47988
48135
48284
48433
48585
48740
48896
49056
49214
49373
49531
49685
49845
50001
50160
50316
50471
50625
50779
50935
51095
51266
51410
