965
1087
1241
1395
1553
1715
1882
2056
2224
2375
2524
2670
2817
2966
3117
3268
3418
3567
3716
3864
4011
4156
4299
4439
4576
4711
4845
4977
5108
5238
5366
5494
5620
5746
5872
5996
6118
6240
6361
6482
6601
6721
6840
6959
7079
7199
7320
7442
7565
7689
7815
7941
8071
8208
8334
8472
8614
8764
8918
9084
11097
11228
11372
11516
11662
11807
11953
12097
12244
12387
12528
12667
12804
12939
13072
13205
13337
13465
13592
13717
13841
13965
14089
14212
14335
14458
14581
14705
14830
14960
15091
15218
15354
15492
15631
15771
15914
16058
16207
16357
16509
16662
16815
16970
17128
17743
17883
18030
18174
18318
18463
18607
18754
18906
19062
19214
19364
19518
19678
19843
20011
20855
20972
21126
21286
21451
21618
21785
21954
22128
22304
22484
22665
22849
23032
23216
23399
23582
23765
23947
24128
24309
24487
24664
24840
25014
25188
25361
25533
25707
25880
26053
26228
26403
26576
26748
26917
27088
27257
27427
27598
27771
27945
28122
28299
28475
28651
28825
28999
29172
29342
29512
29675
29839
30001
30158
30315
30470
30626
30781
30936
31092
31249
31406
32925
33064
33207
33348
33490
33632
33775
33918
34063
34210
34358
34509
34661
34816
34973
35132
35294
35460
35631
35810
35994
36181
36368
36557
36748
36935
37122
37307
37490
37671
37854
38031
38208
38386
38565
38744
38922
39099
39277
39607
39761
39919
40076
40233
40389
40545
40700
40853
41007
41159
41311
41463
41614
41766
41920
42083
42234
42395
42558
42722
42887
43056
43225
43397
43570
43748
43928
44110
44292
44474
44656
44838
45019
45200
45381
45567
45910
46063
46222
46382
46544
46706
46869
47032
47189
47345
47501
47657
47814
47971
48130
48290
48451
48613
48777
48942
49106
49272
49440
49608
49777
49947
50117
50288
50462
50638
50817
50996
51179
51364
51553
51747
51945
52132
52315
52491
52661
52833
53008
53186
53362
53538
53715
53892
54072
54256
54444
54634
54824
55011
55202
55395
55592
55796
55994
56215
56411
56652
56837
57073
57272
57496
57705
57923
58145
58353
58578
58780
59188
59394
59631
59840
60067
60295
60528
60768
60998
61225
