1304
1523
1620
1741
1857
1970
2081
2189
2298
2407
2516
2626
2734
2842
2950
3056
3161
3266
3369
3472
3574
3676
3777
3878
3978
4079
4180
4281
4382
4483
4585
4686
4789
4892
4995
5099
5203
5307
5412
5516
5620
5724
5828
5933
6037
6142
6246
6351
6456
6561
6668
6777
6890
7002
7122
7247
7378
7519
9453
9561
9673
9787
9903
10020
10140
10259
10380
10502
10625
10746
10867
10988
11108
11229
11350
11471
11591
11712
11832
11952
12073
12194
12316
12439
12564
12694
12829
12964
13107
13249
13392
13536
13685
14891
15001
15121
15245
15375
15511
15641
15782
15921
16062
16186
17665
17777
17890
18005
18121
18239
18358
18478
18598
18720
18843
18968
19094
19222
19352
19484
19619
19757
19900
20046
20197
20352
20511
20675
20842
21013
21188
21367
21547
21729
21913
22098
22284
22471
22657
22843
23030
23215
23401
23590
23786
23970
24142
24307
24466
24620
24771
24921
25069
25214
25356
25497
25637
25780
25921
26062
26199
26335
26470
26603
26736
26869
27002
27135
27266
27398
27529
27663
27801
27944
28090
28243
28951
29078
29206
29335
29465
29597
29730
29863
29998
30134
30270
30408
30546
30684
30823
30963
31104
31244
31384
31523
31663
31805
31946
32089
32230
32371
32511
32658
32812
32962
33115
33271
33429
33589
33751
33911
34049
35294
35431
35565
35697
35829
35963
36094
36224
36352
36481
36610
36739
36868
36997
37127
37258
37397
37522
37659
37800
37944
38092
38242
38399
38561
41461
41572
41707
41840
41974
42110
42247
42386
42524
42662
42799
42934
43070
43206
43342
43479
43616
43754
43892
44030
44168
44306
44444
44582
44720
44858
44996
45135
45272
45409
45546
45683
45820
45959
46099
46240
46385
46532
46683
46836
46989
47145
47305
47467
48055
48190
48330
48469
48612
48756
48903
49052
49204
49358
49516
49676
49838
50001
50165
50331
50498
50668
50840
51014
51190
51368
51551
51739
51932
52128
52329
52534
52741
52952
53164
53379
53596
53811
54027
54240
54458
54677
54893
55109
55323
55536
55754
55980
