3193
3327
3467
3610
3752
3893
4033
4174
4313
4453
4592
4731
4869
5007
5145
5281
5417
5553
5689
5825
5962
6100
6238
6376
6514
6652
6791
6928
7065
7202
7338
7472
7606
7739
7872
8004
8137
8269
8404
8558
8713
10698
10849
11008
11174
11343
11511
11679
11848
12015
12183
12349
12513
12676
12839
13002
13165
13328
13491
13655
13818
13982
14155
14329
14502
14676
14853
15962
16090
16249
16428
16613
16803
17014
18179
18341
18514
18688
18867
19045
19234
19422
19607
19791
19975
20160
20340
20522
20705
20889
21072
21257
21444
21631
21819
22007
22198
22392
22586
22777
22969
23163
23357
23551
23745
23939
24132
24324
24513
24701
24888
25074
25258
25441
25618
25801
25996
26207
26428
26644
26844
27032
27206
27372
27538
27703
27870
28039
28211
28386
28565
28746
28929
29115
29306
29495
29687
29879
30069
30260
30460
30669
30892
32267
32409
32552
32695
32836
32977
33116
33255
33392
33530
33679
33815
33955
34097
34239
34382
34525
34670
34817
34967
35121
35280
35446
35621
35809
36767
36944
37126
37310
37494
37673
37842
38008
38175
38340
38507
38671
38834
38998
39161
39325
39490
39655
39821
39988
40156
40324
40493
40665
40838
41015
41197
41388
41586
41788
41992
42191
42383
42571
42755
42939
43121
43305
43488
43673
43861
44051
44247
44446
44642
44844
45050
45257
45467
45682
45899
46112
46328
46546
46772
47000
47231
47469
47705
47941
48179
48423
48668
48912
49148
49385
49633
