2570
2693
2847
3005
3169
3339
3516
3709
5270
5401
5546
5694
5842
5989
6136
6281
6425
6566
6705
6841
6975
7107
7237
7366
7495
7621
7746
7870
7992
8113
8233
8351
8468
8583
8697
8809
8921
9032
9142
9252
9360
9469
9576
9684
9792
9900
10008
10116
10225
10335
10447
10562
10678
10793
10919
11049
11189
11340
13619
13755
13904
14053
14202
14353
14503
14657
14810
14963
15116
15265
15412
15556
15697
15833
15965
16092
16217
16339
16460
16580
16700
16817
16934
17051
17172
17291
17411
17538
17666
17797
19702
19830
19971
20113
20256
20399
20543
20691
20847
21003
21158
21321
21492
21676
22365
22524
22692
22863
23039
23218
23397
23577
23760
23943
24127
24312
24495
24679
24862
25045
25229
25412
25592
25773
25951
26127
26302
26474
26645
26812
26977
27141
27305
27468
27631
27795
27958
28119
28281
28442
28602
28763
28923
29086
29251
29419
29589
29760
29930
30100
30269
30437
30604
30767
30928
31085
31240
31392
31546
31698
31847
31994
32139
32284
32426
32567
32709
32851
32994
33139
33287
33436
35178
35325
35449
35583
35716
35849
35981
36113
36244
36374
36503
36633
36763
36894
37025
37156
37287
37417
37547
37677
37807
37937
38070
38204
38341
38481
38622
38767
38917
39072
39235
39408
39594
39789
39987
40186
40384
40580
40771
40961
41152
41341
41536
41729
41918
42100
42279
42995
43136
43287
43437
43587
43735
43884
44030
44175
44319
44460
44599
44738
44876
45013
45152
45302
45438
45582
45730
45880
46033
46190
46349
46512
46680
46850
47021
47193
47361
47527
47692
47856
48023
48191
48360
48532
48708
48870
49023
49183
49343
49504
49665
49826
49980
50129
50280
50431
50582
50733
50884
51033
51182
51331
51480
51628
51778
51926
52075
52226
52378
52530
52683
52836
52989
53143
53300
53461
53624
53790
53958
54129
54304
54483
54666
54850
55036
55221
55404
55585
55762
55933
56100
56265
56430
56598
56768
56939
57113
57290
57468
57650
57834
58019
58210
58404
58605
58813
59031
59246
59491
59680
60179
60449
60665
60960
61142
61429
61629
61910
62123
62380
62598
62846
63075
63326
63571
63834
