3091
3175
3264
3350
3432
3513
3592
3670
3747
3822
3896
3968
4040
4112
4184
4255
4326
4397
4468
4539
4610
4681
4751
4822
4892
4963
5033
5104
5175
5246
5319
5392
5467
5542
5620
5698
5778
5860
5944
6029
6117
6206
6297
6391
6487
6586
6687
6792
6899
7010
7124
7242
7362
7485
7608
7733
7858
7985
8112
8239
8368
8496
8624
8753
8882
9012
9141
9271
9399
9528
9655
9782
9908
10034
10160
10284
10407
10531
10658
10785
10916
11051
11199
12627
12738
13342
13452
13568
13683
13798
13914
14031
14146
14262
14376
14495
14612
14728
14845
14961
15077
15193
15310
15426
15542
15657
15773
15887
16002
16118
16233
16348
16464
16580
16696
16812
16928
17045
17163
17285
17416
17551
17705
19338
19431
19548
19662
19777
19894
20012
20135
20265
20404
20556
21971
22068
22172
22276
22380
22484
22589
22693
22797
22901
23004
23106
23208
23309
23409
23509
23608
23706
23805
23902
23999
24095
24189
24283
24376
24466
24556
24643
24730
24814
24899
24983
25066
25148
25231
25313
25394
25475
25556
25636
25716
25796
25875
25955
26035
26115
26195
26276
26356
26436
26517
26597
26678
26760
26842
26924
27007
27091
27176
27263
27351
27440
27530
27620
27711
27802
27894
27986
28078
28172
28265
28360
28455
28552
28650
28751
28854
28961
29070
29181
29294
29407
29521
29637
29753
29871
29989
30109
30229
30350
30472
30595
30718
30842
30966
31091
31216
31342
31469
31596
31727
31864
32011
33163
33263
33382
33501
33620
33739
33857
33975
34094
34213
34331
34448
34566
34682
34799
34915
35032
35149
35268
35388
35509
35631
35752
35875
36000
36125
36252
36381
36511
36641
36772
36904
37040
37180
37322
37466
37610
37756
37905
38056
38211
39294
39400
39509
39614
39716
39816
39913
40010
40106
40200
40294
40386
40477
40567
40657
40747
40837
40927
41018
41119
41220
41324
41432
41543
41656
41757
41864
41970
42179
44677
44795
44913
45028
45143
45258
45373
45490
45609
45728
45847
45966
46082
46195
46307
46418
46529
46640
46750
46860
46971
47081
47192
47303
47414
47523
47632
47741
47850
47958
48066
48175
48284
48394
48504
48613
48723
48834
48944
49055
49166
49277
49390
49502
49616
49733
49850
49970
50092
50216
50341
50469
50600
50732
50866
51003
51141
51277
51410
51540
51665
51786
51906
52026
52146
52267
52391
52515
52641
52768
52896
53026
53156
53287
53421
53555
53690
53827
53966
54106
54248
54391
54535
54679
54824
54971
55118
55267
55419
55570
55725
55882
56039
56197
56357
56516
56676
56838
57001
57162
57324
57483
57644
57802
57962
58123
58286
58449
58610
58772
58933
59095
59260
59427
59596
59767
59946
