2797
2894
2991
3084
3176
3266
3355
3442
3531
3619
3707
3794
3882
3969
4056
4141
4226
4310
4394
4477
4559
4642
4723
4805
4887
4969
5050
5132
5214
5295
5376
5457
5537
5617
5697
5776
5855
5933
6012
6090
6168
6245
6322
6398
6473
6548
6625
6707
6791
6876
6964
7053
7146
8508
8593
8692
8792
8892
8994
9094
9194
9292
9388
9483
9579
9676
9773
9874
9976
10079
10182
10286
10392
10498
10605
10712
10819
10927
11036
11146
11255
11365
11475
11585
11697
11812
11927
12046
12170
12300
12436
12580
14049
14151
14267
14382
14498
14618
14743
14865
14992
15128
15266
15416
16750
16864
16980
17095
17212
17331
17450
17571
17692
17813
17936
18059
18184
18310
18436
18564
18692
18821
18949
19077
19204
19331
19457
19583
19708
19833
19957
20082
20207
20331
20454
20577
20701
20825
20947
21069
21192
21315
21438
21561
21685
21808
21931
22054
22177
22300
22423
22546
22668
22793
22918
23044
23168
23293
23416
23539
23660
23783
23906
24031
24153
24278
24417
26043
26164
26292
26423
26556
26691
26828
26967
27106
27245
27385
27525
27664
27803
27942
28080
28218
28356
28494
28632
28767
28902
29034
29171
29308
29443
29583
29724
29869
30017
30171
30333
31488
31579
31690
31798
31901
32002
32101
32199
32295
32389
32482
32573
32663
32751
32843
32942
33041
33142
33245
33350
33458
37029
37130
37236
37341
37446
37552
37658
37765
37875
37985
38095
38203
38310
38415
38520
38624
38729
38835
38940
39047
39152
39259
39365
39472
39579
39686
39793
39901
40009
40118
40228
40340
40454
40571
40691
40814
40943
41077
42460
42558
42665
42771
42877
42982
43088
43194
43300
43406
43511
43617
43722
43827
43932
44037
44143
44249
44356
44465
44573
44683
44793
44905
45018
45133
45248
45365
45483
45604
45726
45850
45976
46104
46235
46368
46503
46641
46781
46924
47069
47218
47370
47524
47680
47836
47993
48150
48307
48466
48625
48786
48944
49103
49259
49414
49567
49725
49888
50062
50246
