3440
3521
3605
3686
3766
3845
3922
3999
4074
4148
4222
4295
4367
4439
4509
4579
4648
4717
4785
4854
4923
4992
5062
5133
5205
5278
5351
5427
5504
5584
5667
5752
5839
5929
6021
6116
6213
6313
6417
6523
6633
6746
6863
6982
7102
7223
7345
7468
7592
7716
7840
7962
8084
8205
8326
8445
8564
8681
8798
8913
9028
9144
9259
9377
9502
9634
11330
11433
11553
11669
11786
11900
12012
12124
12236
12347
12459
12571
12683
12795
12907
13019
13131
13244
13354
13464
13574
13684
13794
13903
14013
14121
14231
14340
14450
14560
14670
14780
14890
15000
15110
15220
15330
15442
15557
15677
15803
15938
17429
17529
17633
17740
17846
17953
18060
18171
18287
18406
18534
18671
20106
20201
20295
20390
20481
20572
20661
20751
20840
20929
21017
21104
21191
21277
21363
21449
21534
21618
21702
21785
21867
21949
22030
22111
22191
22271
22350
22429
22508
22586
22665
22744
22822
22900
22978
23055
23132
23209
23286
23363
23439
23515
23592
23668
23745
23821
23897
23974
24050
24126
24202
24278
24354
24429
24505
24580
24655
24731
24807
24883
24959
25037
25113
25191
25270
25348
25429
25511
25594
25678
25762
25847
25932
26017
26103
26189
26275
26362
26450
26540
26632
26726
26821
26919
27018
27119
27221
27325
27431
27539
27648
27757
27869
27980
28093
28207
28320
28434
28550
28666
28782
28899
29017
29133
29249
29367
29485
29609
29744
31214
31315
31423
31533
31642
31751
31861
31971
32081
32192
32302
32413
32523
32633
32743
32854
32968
33083
33200
33318
33437
33555
33674
33794
33915
34038
34163
34288
34415
34542
34669
34798
34929
35071
35224
35391
37474
37575
37679
37782
37883
37983
38082
38180
38278
38377
38476
38575
38674
38773
38872
38970
39068
39166
39264
39361
39461
39570
39684
39802
39922
44146
44250
44361
44471
44579
44687
44794
44902
45010
45119
45231
45345
45461
45572
45681
45789
45897
46003
46111
46217
46326
46434
46543
46654
46764
46875
46988
47101
47215
47330
47444
47559
47673
47788
47902
48015
48128
48240
48352
48464
48575
48686
48797
48908
49018
49128
49237
49347
49457
49568
49679
49792
49907
50023
50142
50265
50391
50520
50652
50787
50926
51067
51211
51357
51496
51629
51753
51875
51994
52109
52220
52331
52442
52553
52665
52778
52891
53004
53118
53233
53348
53464
53581
53699
53819
53940
54063
54187
54312
54438
54567
54697
54828
54960
55094
55230
55366
55502
55639
55777
55916
56057
56199
56340
56479
56618
56759
56900
57045
57191
57336
57481
57628
57772
57919
58066
58213
58358
58504
58648
58796
58945
59105
