1484
1567
1649
1731
1813
1894
1973
2052
2131
2209
2287
2364
2441
2519
2595
2672
2749
2825
2901
2977
3054
3130
3205
3281
3357
3434
3510
3587
3664
3741
3818
3896
3973
4051
4128
4206
4284
4362
4440
4519
4598
4677
4761
4847
4936
5027
5120
5214
5311
5409
5521
7574
7665
7758
7854
7950
8048
8146
8245
8344
8445
8543
8642
8741
8840
8940
9041
9142
9244
9346
9449
9553
9657
9761
9866
9972
10077
10183
10290
10401
10513
10628
10745
10861
10979
11096
11216
11335
12594
12685
12789
12902
13010
13120
13236
13356
13479
14638
14725
14825
14925
15025
15127
15230
15333
15436
15540
15643
15748
15853
15958
16063
16169
16276
16383
16491
16598
16706
16814
16923
17032
17142
17251
17361
17471
17580
17691
17800
17909
18018
18129
18240
18350
18459
18569
18677
18785
18892
18999
19105
19211
19316
19421
19525
19629
19734
19837
19940
20044
20146
20246
20345
20445
20543
20642
20741
20841
20940
21040
21141
21243
21346
21452
21560
21669
21779
21891
22003
22122
22766
22864
22967
23073
23177
23283
23389
23496
23603
23710
23818
23926
24035
24145
24254
24363
24473
24581
24690
24798
24906
25015
25124
25233
25343
25454
25567
25678
25788
25901
26015
26130
26246
26362
26480
26599
27587
27678
27777
27876
27976
28079
28182
28286
28390
28494
28599
28704
28809
28920
29032
29143
29258
29375
29494
29615
29736
29857
29977
30093
30211
30326
30443
31572
31674
31780
31886
31993
32100
32208
32318
32428
32535
32638
32740
32843
32945
33047
33149
33252
33355
33457
33560
33663
33767
33870
33974
34079
34184
34289
34395
34502
34609
34718
34828
34939
35052
35166
35282
35399
35518
35637
35758
36436
36535
36635
36737
36839
36942
37045
37150
37256
37362
37471
37582
37694
37809
37923
38036
38150
38264
38379
38495
38611
38728
38846
38966
39087
39210
39336
39464
39595
39729
39867
40008
40153
40301
40455
40613
40776
40947
41123
41300
41482
41663
41844
42022
42192
42354
42514
42671
42827
42981
43134
43286
43435
43582
43728
43871
44014
44156
44298
44441
44584
44730
