3355
3437
3521
3604
3685
3765
3844
3923
4000
4077
4154
4230
4305
4380
4454
4528
4602
4676
4750
4824
4899
4973
5048
5124
5200
5277
5354
5432
5510
5590
5671
5753
5837
5923
6011
6101
6193
6288
6385
6485
6586
6689
6794
6899
7006
7115
7224
7335
7446
7559
7672
7787
7901
8016
8132
8248
8363
8478
8594
8709
8824
8938
9052
9165
9278
9391
9503
9622
9747
9875
12688
12792
12909
13026
13145
13264
13381
13498
13615
13732
13850
13968
14085
14204
14321
14440
14558
14677
14794
14912
15029
15146
15264
15382
15505
15634
15772
17606
17682
17794
17906
18019
18133
18251
18374
18503
18647
20263
20358
20456
20553
20650
20747
20845
20944
21044
21143
21243
21342
21441
21539
21637
21735
21832
21930
22028
22125
22221
22318
22415
22512
22608
22704
22800
22895
22991
23087
23182
23277
23371
23465
23559
23652
23745
23838
23930
24023
24116
24208
24301
24393
24486
24578
24671
24764
24856
24948
25041
25133
25225
25317
25410
25504
25598
25693
25789
25887
25986
26085
26184
26284
26384
26485
26586
26688
26790
26892
26994
27097
27200
27304
27407
27511
27614
27717
27820
27923
28026
28129
28232
28336
28437
28539
28642
28745
28848
28952
29057
29163
29269
29377
29485
29594
29704
29814
29925
30036
30149
30262
30376
30492
30611
30737
30875
32325
32425
32528
32633
32740
32847
32954
33061
33168
33275
33381
33488
33595
33702
33810
33920
34032
34147
34263
34380
34497
34613
34729
34845
34965
35087
35211
35336
35462
35588
35714
35841
35967
36093
36223
36359
36496
36635
36775
38511
38615
38721
38827
38932
39037
39142
39247
39352
39457
39563
39669
39775
39881
39988
40094
40201
40308
40415
40521
40628
40736
40847
40961
41078
41196
41314
41434
45230
45340
45456
45571
45686
45801
45916
46032
46149
46266
46386
46507
46625
46740
46852
46965
47078
47192
47306
47421
47536
47651
47767
47884
48001
48118
48236
48355
48474
48593
48712
48831
48950
49069
49187
49304
49421
49537
49654
49770
49886
50001
50116
50232
50347
50462
50578
50694
50811
50930
51051
51173
51298
51426
51557
51691
52777
52883
52993
53102
53212
53324
53437
53551
53666
53782
53900
54020
54142
54266
54391
54517
54644
54772
54901
55031
55163
55297
55432
55569
55708
55848
55990
56134
56278
56424
56570
56719
56869
57022
57177
57335
57495
57656
57814
57972
58128
58287
58443
58600
58753
58906
59058
59212
59366
59519
59672
59825
59979
60136
60306
60494
