1466
1546
1632
1715
1798
1880
1961
2041
2121
2201
2280
2358
2436
2513
2589
2664
2738
2811
2884
2956
3028
3100
3171
3242
3313
3383
3454
3524
3594
3665
3734
3805
3875
3945
4014
4084
4154
4223
4292
4360
4427
4495
4562
4629
4695
4764
4840
4919
5001
5086
7403
7480
7565
7650
7735
7821
7907
7993
8079
8166
8252
8337
8423
8510
8597
8684
8772
8860
8947
9035
9122
9209
9296
9383
9470
9556
9641
9726
9812
9900
9993
10094
10198
10304
10412
10523
10637
10755
12057
12142
12242
12340
12435
12529
12627
12731
12840
12951
13067
13189
14535
14613
14715
14818
14922
15026
15130
15234
15339
15445
15551
15657
15764
15869
15975
16081
16186
16291
16397
16502
16607
16713
16818
16923
17027
17132
17236
17341
17445
17550
17654
17759
17863
17968
18073
18180
18287
18395
18505
18615
18728
18841
18952
19063
19173
19283
19392
19502
19612
19722
19833
19943
20054
20164
20275
20389
20502
20613
20724
20835
20945
21055
21164
21275
21386
21495
21607
21726
23076
23182
23300
23422
23547
23674
23802
23931
24060
24191
24323
24455
24588
24719
24850
24979
25109
25237
25366
25494
25623
25751
25880
26008
26141
26274
26404
26536
26672
26811
26952
27098
27250
28916
28996
29078
29159
29239
29319
29398
29477
29555
29632
29708
29785
29862
29938
30016
30094
30175
30265
30361
30460
30564
30672
30785
30904
31766
31883
32013
32154
33887
34008
34151
34292
34433
34574
34715
34857
34997
35135
35273
35410
35546
35684
35822
35960
36099
36239
36379
36520
36662
36803
36945
37087
37228
37369
37508
37646
37785
37924
38064
38205
38348
38492
38639
38789
38946
39109
39279
40607
40741
40874
41006
41138
41267
41396
41523
41651
41776
41901
42026
42149
42273
42396
42520
42643
42769
42896
43025
43156
43290
43428
43569
43712
43859
44009
44162
44318
44476
44634
44797
44957
45126
45278
45470
45605
45732
45925
46212
46531
46864
47054
