14720
14842
14986
15125
15261
15394
15527
15656
15784
15910
16034
16157
16278
16399
16517
16635
16752
16868
16983
17099
17213
17327
17440
17554
17667
17781
17895
18010
18125
18240
18356
18473
18589
18707
18824
18943
19061
19181
19300
19422
19549
19674
19802
19940
20083
20213
22840
22957
23102
23244
23386
23532
23676
23819
23963
24108
24254
24402
24551
24702
24854
25007
25162
25316
25470
25624
25784
25949
26118
26290
26466
26648
26827
27012
28552
28714
28881
29055
29237
29426
29615
29809
31239
31397
31567
31736
31904
32073
32243
32413
32585
32758
32932
33106
33280
33454
33627
33800
33971
34141
34312
34481
34651
34820
34989
35158
35327
35496
35665
35834
36003
36172
36342
36512
36682
36850
37020
37191
37364
37536
37708
37881
38057
38235
38414
38595
38777
38959
39141
39327
39508
39688
39867
40046
40226
40407
40588
40772
40961
41164
41375
43016
43185
43373
43563
43754
43943
44137
44330
44524
44717
44909
45100
45290
45478
45663
45848
46038
46236
46440
46646
46850
47048
47241
47433
47620
47798
47971
48138
48304
48467
48631
48791
48947
49103
49260
49416
49574
49736
49900
50071
50246
50426
50609
50799
50989
51174
51361
51545
51738
51938
53461
53621
53800
53980
54161
54347
54537
54724
54906
55084
55260
55435
55610
55786
55964
56142
56322
56501
56681
56862
57043
57226
57409
57595
57782
57973
58170
58372
58574
58778
58981
59187
59395
59601
59804
60001
60195
60386
60573
60754
60933
61108
61284
61458
61634
61814
61993
62177
62360
62545
62733
62922
63115
63309
63509
63711
63917
64127
64344
64567
64793
65022
65259
65505
65756
66018
66281
66545
66811
67076
67331
67590
67842
68091
68348
68602
68854
69106
69357
69622
