2576
2746
2926
3958
4102
4248
4397
4546
4698
4848
4998
5146
5294
5442
5588
5732
5875
6017
6160
6301
6442
6581
6719
6855
6989
7123
7255
7386
7516
7645
7773
7901
8029
8158
8287
8416
8546
8678
8814
8947
9080
9221
9368
9524
9687
9864
10030
10553
10699
10858
11023
11194
11374
11539
11694
11846
12000
12155
12307
12459
12609
12759
12907
13051
13195
13336
13477
13616
13753
13887
14021
14152
14281
14407
14533
14656
14780
14904
15027
15151
15274
15397
15521
15648
15781
15909
16046
16185
16326
16471
16618
16766
16918
17074
18197
18331
18481
18627
18772
18917
19061
19207
19357
19513
19673
19832
19995
20166
20343
20508
21181
21332
21493
21657
21827
22000
22178
22359
22539
22724
22911
23098
23286
23471
23658
23847
24035
24222
24408
24586
24766
24943
25118
25292
25468
25644
25822
26001
26178
26356
26535
26717
26895
27073
27251
27429
27608
27789
27971
28152
28333
28511
28687
28859
29033
29205
29374
29537
29694
29849
30004
30158
30311
30464
30619
30773
30929
31087
31244
31401
31548
33271
33399
33533
33670
33813
33957
34104
34250
34400
34549
34701
34855
35011
35169
35330
35491
35654
35821
35992
36168
36351
36538
36729
36924
37123
37319
37512
37698
37882
38068
38255
38451
38651
38854
39063
39941
40105
40270
40436
40600
40764
40925
41084
41240
41397
41553
41710
41865
42020
42182
42340
42501
42669
42839
43013
43191
43371
43546
43727
43903
44085
44266
44450
44637
44829
45028
45749
45918
46084
46255
46424
46591
46758
46920
47080
47242
47403
47566
47731
47895
48058
48221
48384
48549
48715
48883
49054
49224
49395
49567
49736
49903
50071
50240
50413
50587
50764
50944
51129
51315
51500
51688
51881
52077
52269
52459
52646
52828
53005
53185
53370
53556
53747
53941
54139
54342
54553
54755
54957
55155
55353
55554
55759
55976
56186
56416
56623
56848
57043
57267
57479
57703
57925
58146
58374
58607
58834
59054
59271
59489
59702
59917
60136
60349
60562
60775
60987
61205
61418
