12658
12793
12934
13068
13198
13326
13453
13576
13698
13817
13934
14049
14161
14272
14382
14489
14595
14700
14804
14906
15008
15109
15210
15310
15410
15509
15609
15708
15807
15907
16007
16108
16209
16311
16413
16516
16619
16724
16832
16947
17060
17185
17322
19789
19917
20052
20188
20321
20457
20589
20719
20850
20981
21113
21246
21380
21514
21649
21785
21921
22058
22194
22330
22467
22608
22752
22904
23055
23211
23374
23541
23706
23875
24024
24963
25120
25285
25449
25613
25782
25964
26150
26339
26539
27853
27971
28139
28306
28474
28642
28812
28984
29159
29338
29522
29709
29904
30104
30312
30528
30749
30971
31193
31415
31636
31854
32072
32289
32504
32714
32918
33117
33309
33498
33684
33866
34047
34229
34408
34587
34764
34940
35115
35288
35462
35635
35813
35989
36166
36343
36521
36701
36881
37063
37245
37433
37620
37817
38016
38208
38390
38570
38751
38931
39111
39291
39472
39653
39833
40015
40198
40384
40569
40755
40941
41128
41315
41502
41687
41872
42061
42254
42445
42637
42832
43030
43232
43423
43592
43751
43908
44065
44220
44369
44514
44658
44802
44944
45086
45238
45383
45535
45691
45850
46014
46183
46355
46529
46706
46899
47092
47291
47492
47679
47843
48004
48947
49120
49293
49465
49636
49807
49977
50148
50319
50484
50642
50798
50952
51107
51261
51417
51575
51733
51892
52052
52213
52375
52539
52704
52870
53038
53207
53377
53547
53720
53899
54078
54264
54451
54646
54841
55036
55231
55425
55614
55801
55981
56155
56323
56489
56650
56809
56971
57135
57298
57462
57627
57794
57963
58135
58309
58485
58665
58851
59043
59241
59448
59663
59884
60112
60351
60600
60857
61131
61418
61711
62014
62312
62607
62893
63181
63468
63760
64054
64573
