1480
1557
1640
1722
1803
1881
1959
2035
2111
2186
2259
2333
2405
2476
2547
2618
2688
2759
2829
2898
2967
3036
3106
3175
3244
3314
3384
3454
3524
3595
3666
3737
3807
3878
3950
4021
4092
4164
4235
4307
4379
4450
4522
4594
4665
4737
4808
4879
4950
5021
5091
5165
5245
5328
5413
5497
5584
7404
7499
7597
7690
7782
7871
7960
8047
8134
8219
8304
8388
8472
8556
8640
8725
8809
8892
8974
9055
9136
9217
9299
9380
9461
9543
9625
9706
9789
9870
9950
10030
10109
10188
10267
10347
10427
10506
10586
10667
10747
10829
10914
11006
11103
11203
11305
11410
11519
11630
13119
13200
13292
13384
13474
13560
13646
13734
13826
13923
14025
14132
14243
14358
14484
15637
15735
15837
15938
16039
16141
16245
16346
16448
16550
16653
16756
16859
16963
17067
17170
17274
17379
17483
17587
17692
17797
17901
18006
18111
18215
18321
18426
18531
18636
18741
18847
18954
19061
19171
19279
19386
19493
19598
19703
19809
19914
20019
20124
20229
20333
20436
20540
20642
20745
20847
20949
21051
21153
21255
21357
21458
21558
21658
21757
21855
21953
22051
22147
22243
22339
22434
22527
22620
22711
22804
22901
23006
23124
24495
24600
24711
24822
24935
25050
25166
25283
25402
25521
25643
25766
25890
26015
26141
26267
26393
26519
26646
26773
26899
27025
27152
27280
27408
27535
27667
27801
27929
28059
28191
28327
28466
28609
28759
30038
30135
30230
30323
30415
30507
30598
30689
30779
30869
30960
31056
31157
31260
31365
31473
31584
31698
31817
34619
34710
34814
34916
35019
35121
35225
35329
35434
35540
35647
35755
35865
35974
36082
36188
36292
36395
36498
36602
36706
36811
36917
37024
37131
37239
37347
37455
37564
37672
37781
37890
37998
38107
38216
38326
38437
38549
38664
38781
38902
39026
39154
39286
39421
39561
39700
40624
40741
40858
40979
41098
41216
41332
41447
41563
41681
41801
41922
42046
42171
42296
42423
42551
42680
42811
42944
43078
43214
43351
43491
43633
43777
43922
44069
44218
44369
44520
44675
44831
44988
45146
45307
45470
45633
45799
45963
46127
46291
46453
46616
46776
46935
47093
47250
47407
47564
47722
47884
48051
48220
48391
48563
