7767
7848
7930
8008
8085
8161
8238
8316
8394
8473
8551
8629
8708
8785
8863
8941
9017
9094
9171
9248
9325
9402
9478
9555
9632
9708
9783
9859
9934
10009
10083
10157
10230
10304
10377
10450
10522
10594
10666
10738
10810
10881
10954
11025
11098
11169
11240
11312
11383
11454
11525
11596
11666
11737
11807
11876
11945
12014
12083
12152
12220
12289
12358
12427
12496
12566
12635
12704
12774
12846
12922
13007
13093
13184
14796
14885
14975
15071
15167
15264
15362
15462
15563
15665
15767
15870
15974
16077
16179
16282
16387
16490
16593
16696
16799
16902
17005
17109
17212
17316
17420
17524
17629
17734
17839
17945
18051
18158
18265
18372
18480
18588
18696
18805
18917
19033
19150
19274
19420
21232
21331
21433
21537
21641
21747
21856
21969
22087
22207
22332
22465
24005
24077
24169
24259
24348
24436
24524
24612
24701
24789
24876
24962
25048
25134
25219
25303
25387
25471
25555
25638
25721
25803
25886
25968
26051
26133
26214
26295
26375
26456
26536
26616
26696
26776
26856
26936
27016
27096
27177
27257
27336
27417
27496
27576
27656
27736
27816
27896
27976
28056
28137
28218
28299
28381
28462
28545
28627
28709
28792
28874
28958
29041
29124
29208
29292
29376
29461
29545
29631
29716
29802
29891
29980
30071
30163
30257
30350
30444
30539
30635
30731
30828
30924
31021
31118
31216
31313
31409
31506
31601
31697
31792
31887
31982
32076
32172
32265
32356
32447
32537
32626
32715
32804
32893
32983
33072
33162
33252
33343
33434
33525
33618
33711
33805
33900
33995
34092
34190
34288
34389
34492
34598
34710
34832
36336
36434
36552
36672
36793
36915
37039
37162
37286
37409
37532
37655
37779
37904
38029
38156
38283
38413
38543
38672
38798
38921
39045
39169
39293
39418
39542
39667
39791
39915
40039
40161
40285
40414
40545
40672
40801
40932
41065
41201
41341
41485
41638
41808
42854
42959
43064
43167
43268
43366
43462
43555
43648
43741
43834
43928
44021
44115
44209
44303
44397
44492
44586
44681
44777
44872
44967
45063
45159
45255
45349
45442
45535
45637
45741
45849
45961
46076
46194
46316
46441
46987
47069
47178
47302
49994
50090
50206
50318
50428
50535
50639
50742
50844
50944
51044
51144
51246
51349
51454
51562
51673
51785
51892
51996
52099
52202
52303
52406
52509
52613
52717
52821
52927
53034
53140
53247
53353
53460
53567
53675
53783
53891
54000
54108
54217
54325
54432
54538
54644
54750
54855
54961
55066
55172
55277
55383
55489
55596
55702
55809
55916
56023
56132
56240
56350
56462
56575
56691
56809
56930
57052
57177
57304
57431
57560
57689
57819
57949
58078
58205
58329
58449
58564
58674
58780
58884
58988
59092
59197
59302
59407
59513
59618
59725
59832
59939
60047
60155
60264
60373
60482
60593
60705
60817
60930
61046
61164
61283
61404
61528
61654
61782
61913
62046
62180
62318
62457
62598
62741
62884
63029
63176
63323
63471
63620
63770
63922
64073
64224
64373
64523
64673
64824
64974
65124
65274
65423
65571
65718
65863
66007
66150
66292
66435
66580
66729
66887
