3099
3182
3266
3350
3432
3513
3594
3675
3754
3833
3911
3989
4067
4144
4221
4299
4376
4453
4529
4605
4681
4756
4832
4907
4982
5057
5132
5206
5281
5355
5429
5503
5577
5650
5723
5795
5867
5939
6010
6080
6150
6220
6290
6359
6428
6496
6565
6633
6701
6769
6837
6905
6974
7043
7115
7194
9858
9943
10037
10130
10222
10312
10400
10487
10570
10653
10737
10821
10907
10993
11080
11168
11256
11345
11434
11523
11612
11703
11793
11884
11975
12067
12158
12250
12341
12433
12525
12617
12709
12802
12894
12991
13091
13198
13311
13429
15029
15110
15210
15308
15411
15519
15631
15752
17232
17311
17406
17498
17590
17681
17774
17867
17960
18054
18148
18243
18337
18431
18525
18619
18715
18810
18905
19001
19097
19193
19290
19387
19483
19580
19677
19774
19871
19967
20064
20161
20257
20354
20450
20546
20641
20736
20831
20926
21020
21114
21207
21301
21394
21486
21579
21671
21763
21855
21948
22040
22133
22226
22320
22414
22508
22602
22698
22795
22892
22991
23089
23187
23286
23385
23484
23583
23683
23782
23882
23982
24083
24183
24288
24392
24495
24599
24703
24809
24914
25020
25127
25233
25339
25446
25553
25659
25765
25871
25977
26082
26187
26292
26399
26508
26624
26745
26871
27863
27967
28072
28178
28283
28388
28492
28597
28701
28806
28910
29014
29119
29224
29329
29435
29541
29648
29754
29861
29968
30076
30183
30290
30397
30505
30611
30717
30823
30928
31036
31148
31265
31385
31507
31630
31756
31885
32015
33410
33502
33596
33690
33783
33878
33972
34067
34162
34257
34352
34446
34541
34640
34744
34851
34963
35077
35193
35312
35435
35566
37679
37781
37886
37988
38091
38192
38294
38397
38500
38604
38708
38813
38920
39027
39133
39239
39345
39451
39556
39661
39766
39872
39977
40083
40188
40294
40399
40505
40610
40716
40822
40928
41034
41140
41247
41354
41462
41570
41679
41791
41904
42020
42139
42260
42383
42510
42640
42774
43144
43252
43366
43476
43587
43700
43813
43927
44043
44160
44279
44399
44520
44643
44766
44891
45016
45142
45269
45397
45525
45655
45787
45922
46056
46192
46329
46468
46608
46750
46893
47037
47183
47330
47480
47630
47781
47932
48084
48235
48387
48538
48688
48839
48988
49136
49283
49430
49576
49725
49883
