1957
2047
2154
2259
2361
2461
2562
2662
2762
2861
2960
3059
3158
3257
3357
3458
3559
3662
3766
3872
3978
4087
4197
4310
4425
4542
4662
4785
4913
5045
5180
5320
5464
5613
5767
5927
6091
6259
6429
6601
6774
6946
7119
7289
7458
7626
7790
7952
8112
8277
8438
8611
10625
10744
10878
11012
11147
11283
11419
11555
11692
11832
11970
12106
12243
12380
12517
12653
12789
12923
13058
13192
13324
13455
13586
13720
13861
14002
14150
14302
14456
14611
14762
15992
16107
16239
16372
16516
16664
16810
16957
17105
17250
17401
18867
18986
19111
19236
19362
19490
19620
19750
19881
20012
20143
20275
20407
20539
20672
20804
20937
21070
21204
21338
21472
21606
21741
21875
22010
22146
22282
22418
22554
22689
22824
22961
23097
23234
23372
23507
23643
23777
23911
24046
24182
24317
24453
24588
24722
24854
24986
25117
25247
25376
25506
25633
25757
25880
26001
26122
26243
26365
26486
26608
26732
26858
26986
27116
27248
27385
27527
27678
27845
28906
29071
29240
29416
29603
29800
30006
30214
30425
30635
30843
31051
31261
31492
31794
31980
32490
32617
32874
33044
33202
33354
33504
33652
33803
33952
34099
34249
34402
34558
34718
35617
36228
36337
36459
36580
36700
36818
36932
37048
37163
37280
37396
37512
37629
37746
37865
37986
38102
38229
38363
38501
38646
41518
41887
42002
42126
42248
42370
42493
42616
42741
42865
42990
43114
43239
43366
43497
43623
43749
43876
44003
44131
44259
44387
44515
44643
44772
44900
45028
45156
45285
45413
45543
45673
45804
45936
46070
46205
46342
46482
46624
46766
46910
47054
47202
48571
48694
48822
48950
49080
49212
49345
49482
49621
49762
49906
50054
50206
50361
50521
50685
50854
51030
51210
51396
51584
51777
51971
52170
52371
52573
52778
52984
53188
53394
53596
53801
54009
54218
54424
54629
54836
55048
55263
55475
55688
55917
