1512
1587
1669
1749
1829
1907
1985
2062
2139
2216
2292
2369
2445
2521
2597
2672
2748
2823
2899
2974
3049
3124
3200
3275
3351
3426
3502
3578
3654
3730
3807
3883
3959
4036
4112
4190
4267
4344
4422
4500
4579
4665
4756
4850
4954
6760
6849
6943
7038
7133
7229
7324
7420
7516
7612
7708
7804
7900
7997
8093
8189
8285
8378
8472
8565
8656
8747
8836
8924
9011
9096
9179
9260
9339
9414
9488
9562
9634
9705
9775
9844
9913
9981
10049
10116
10184
10253
10322
10395
10473
10559
10648
10740
10835
10941
12957
13030
13133
13236
13340
13446
13552
13659
13767
13877
13991
14111
14239
14377
15542
15657
15780
15905
16032
16160
16290
16423
16557
16694
16831
16969
17105
17242
17379
17515
17649
17783
17915
18046
18176
18304
18430
18555
18678
18799
18920
19038
19156
19275
19392
19507
19622
19736
19849
19962
20073
20185
20297
20408
20520
20632
20743
20858
20972
21085
21198
21310
21421
21532
21642
21752
21862
21973
22082
22195
22313
23651
23757
23869
23983
24099
24216
24334
24453
24573
24693
24814
24935
25057
25180
25302
25424
25547
25669
25792
25914
26036
26158
26283
26412
26536
26659
26785
26915
27048
27184
27325
27473
28503
28593
28695
28796
28893
28990
29086
29181
29276
29370
29462
29560
29664
29769
29877
29988
30100
30217
30338
32845
32944
33046
33147
33247
33347
33448
33548
33649
33749
33851
33952
34053
34153
34250
34347
34444
34540
34638
34735
34833
34931
35031
35131
35230
35332
35433
35535
35638
35740
35843
35946
36049
36152
36255
36358
36462
36566
36672
36780
36890
37002
37116
37232
37348
37467
37588
37711
37835
37962
38090
38219
38347
38470
38589
38703
38815
38926
39036
39143
39249
39354
39460
39565
39672
39779
39888
39997
40106
40217
40328
40441
40556
40671
40788
40907
41028
41150
41274
41401
41531
41663
41795
41931
42068
42207
42349
42493
42638
42785
42934
43087
43243
43402
43564
43726
43887
44048
44208
44366
44523
44677
44829
44983
45139
45296
45454
45611
45770
45928
46088
46248
46409
46573
46745
