3350
3438
3528
3616
3703
3789
3874
3958
4041
4124
4205
4286
4367
4447
4526
4604
4683
4761
4838
4915
4991
5068
5143
5218
5293
5367
5442
5515
5589
5662
5735
5807
5880
5951
6023
6094
6165
6235
6304
6372
6440
6506
6572
6638
6703
6768
6832
6896
6960
7023
7086
7149
7212
7274
7337
7400
7464
7531
7600
7671
7745
9488
9560
9647
9740
9834
9930
10026
10121
10216
10309
10403
10495
10586
10676
10766
10855
10944
11034
11120
11207
11294
11383
11472
11562
11653
11744
11836
11928
12021
12115
12208
12303
12397
12491
12586
12681
12776
12873
12969
13065
13162
13259
13357
13456
13560
13671
13788
13913
14046
15622
15713
15815
15917
16018
16124
16234
16348
16467
16592
16725
17776
17869
17973
18076
18177
18280
18384
18489
18594
18701
18809
18918
19029
19141
19256
19372
19490
19610
19731
19854
19978
20104
20232
20361
20490
20621
20752
20883
21015
21145
21275
21404
21532
21658
21783
21907
22030
22150
22270
22387
22503
22618
22732
22846
22959
23072
23184
23295
23405
23514
23624
23732
23840
23948
24057
24165
24270
24376
24482
24587
24692
24798
24903
25008
25113
25219
25325
25432
25542
25651
25760
25869
25978
26089
26198
26308
26418
26528
26638
26748
26856
26966
27075
27184
27293
27404
27516
27631
27750
27872
27997
28121
28245
28367
28484
28599
28710
28820
28930
29038
29146
29254
29362
29471
29579
29687
29795
29904
30012
30122
30232
30342
30452
30563
30673
30783
30894
31004
31115
31226
31338
31449
31558
31666
31776
31888
32006
32127
32252
32380
32512
32646
34010
34105
34200
34291
34381
34472
34563
34654
34745
34836
34928
35020
35110
35201
35299
35401
35508
35618
35731
35848
35967
36093
37891
37992
38097
38199
38302
38406
38510
38614
38720
38826
38933
39040
39146
39251
39356
39462
39567
39673
39779
39885
39991
40097
40203
40309
40415
40522
40628
40734
40840
40946
41052
41159
41267
41374
41483
41593
41703
41816
41930
42046
42163
42284
42406
42531
42657
42784
42912
43039
43166
43291
43414
43536
43657
43776
43895
44016
44138
44260
44386
44515
44645
44778
44912
45048
45186
45325
45465
45607
45751
45897
46043
46192
46341
46491
46640
46791
46943
47094
47247
47400
47553
47707
47863
48020
48176
48332
48487
48641
48795
48948
49097
49245
49391
49538
49689
49843
