1727
1799
1873
1948
2021
2094
2166
2238
2310
2382
2454
2526
2597
2669
2741
2813
2885
2958
3030
3103
3176
3249
3322
3395
3469
3544
3619
3696
3772
3850
3928
4007
4088
4169
4252
4335
4419
4505
4593
4682
4775
4869
4964
5063
5162
5263
5364
5465
5567
5670
5775
5881
5987
6095
6203
6313
6422
6530
6640
6750
6860
6970
7082
7192
7302
7412
7522
7632
7740
7847
7955
8068
8174
8300
8409
11822
11913
12006
12102
12196
12292
12387
12482
12577
12670
12764
12856
12948
13040
13131
13223
13314
13406
13498
13589
13681
13772
13864
13955
14046
14137
14227
14318
14409
14499
14588
14677
14766
14854
14942
15029
15116
15203
15289
15375
15463
15552
15646
17800
17883
17961
18037
18115
18193
18272
18357
18452
20270
20349
20435
20523
20612
20702
20793
20886
20979
21073
21169
21265
21362
21460
21559
21659
21762
21864
21967
22071
22174
22278
22382
22485
22590
22695
22800
22906
23013
23119
23224
23331
23436
23542
23647
23754
23861
23969
24078
24185
24293
24401
24508
24618
24725
24834
24943
25051
25159
25268
25376
25485
25592
25701
25808
25915
26023
26134
26243
26351
26458
26566
26673
26780
26887
26994
27100
27206
27311
27417
27521
27626
27731
27834
27938
28041
28143
28246
28347
28450
28551
28651
28750
28850
28949
29047
29146
29245
29343
29441
29538
29635
29732
29828
29924
30019
30115
30210
30304
30398
30492
30586
30681
30778
32500
32582
32670
32759
32848
32936
33025
33113
33202
33291
33381
33471
33561
33653
33744
33836
33929
34022
34116
34209
34304
34398
34493
34588
34683
34778
34874
34969
35065
35162
35259
35357
35456
35555
35656
35756
35859
35965
36076
36180
36311
38926
39010
39101
39191
39278
39364
39450
39535
39620
39705
39789
39872
39955
40037
40119
40200
40281
40362
40442
40522
40601
40680
40759
40838
40916
40994
41072
41150
41228
41309
41398
41487
41581
45573
45667
45766
45868
45971
46075
46179
46286
46393
46500
46603
46709
46814
46917
47020
47120
47218
47317
47415
47514
47613
47711
47809
47907
48005
48103
48200
48298
48395
48493
48590
48687
48784
48881
48978
49076
49173
49271
49368
49466
49564
49661
49758
49855
49952
50049
50146
50244
50341
50438
50534
50631
50728
50826
50923
51021
51118
51217
51315
51414
51512
51611
51710
51808
51908
52006
52104
54328
54416
54506
54598
54691
54785
54878
54973
55068
55163
55259
55355
55452
55550
55647
55745
55844
55943
56042
56142
56242
56346
56449
56553
56657
56762
56868
56974
57081
57187
57297
57403
57513
57620
57730
57837
57947
58056
58167
58277
58389
58501
58614
58726
58844
58951
59073
59168
59382
59503
59616
59733
59847
59964
60078
60197
60311
60430
60544
60663
60777
60895
61011
61127
61243
61360
61474
61590
61705
61820
61934
62052
62165
62293
62380
62515
62622
62730
62851
