9227
9304
9389
9468
9545
9621
9695
9768
9841
9913
9985
10056
10128
10200
10272
10344
10416
10489
10561
10634
10708
10782
10856
10930
11006
11082
11158
11236
11315
11394
11475
11558
11642
11728
11814
11902
11992
12082
12174
12267
12361
12457
12554
12652
12752
12855
12959
13065
13171
13280
13389
13499
13610
13723
13836
13951
14066
14182
14297
14414
14531
14650
14769
14894
15014
15144
15281
16532
16633
16745
16859
16975
17089
17201
17313
17425
17538
17651
17763
17877
17989
18105
18220
18334
18447
18560
18674
18787
18900
19014
19128
19242
19357
19471
19586
19700
19814
19928
20043
20161
20285
20414
20561
21878
21971
22080
22189
22300
22410
22520
22632
22749
22871
22997
23130
24548
24621
24715
24807
24896
24982
25068
25155
25241
25327
25413
25499
25584
25668
25752
25835
25919
26002
26086
26169
26252
26334
26417
26498
26580
26662
26744
26825
26906
26987
27068
27149
27229
27310
27391
27472
27553
27633
27713
27793
27873
27953
28033
28114
28194
28275
28355
28436
28518
28600
28683
28765
28849
28933
29017
29103
29189
29277
29364
29453
29542
29631
29720
29809
29899
29990
30082
30175
30270
30365
30461
30558
30657
30757
30858
30961
31064
31171
31280
31391
31504
31617
31732
31848
31965
32084
32203
32323
32444
32565
32687
32809
32931
33053
33176
33300
33424
33551
33684
33832
35207
35315
35429
35544
35659
35773
35887
36001
36115
36227
36340
36453
36568
36686
36805
36925
37045
37164
37281
37396
37511
37629
37749
37873
37998
38125
38254
38384
38514
38646
38778
38914
39055
39199
39342
39488
39636
39790
39951
40109
41099
41199
41308
41416
41521
41624
41726
41828
41927
42027
42124
42221
42317
42412
42506
42599
42696
42796
42902
43011
43123
43237
43355
43473
43581
43686
43802
46530
46627
46744
46858
46970
47081
47193
47303
47415
47530
47646
47764
47879
47990
48099
48207
48314
48421
48528
48634
48740
48846
48952
49057
49162
49268
49375
49481
49587
49694
49800
49906
50012
50118
50225
50333
50441
50548
50656
50763
50871
50979
51087
51195
51302
51410
51519
51628
51737
51847
51958
52070
52183
52299
52416
52535
52655
52777
52901
53028
53156
53287
53419
53552
53683
53810
53934
54052
54167
54280
54392
54505
54620
54736
54854
54972
55093
55215
55338
55463
55590
55717
55846
55977
56110
56244
56380
56518
56658
56800
56945
57091
57240
57390
57541
57694
57849
58006
58164
58323
58482
58640
58801
58961
59121
59281
59439
59598
59758
59917
60075
60234
60393
60554
60712
60871
61030
61186
61344
61503
61666
61841
62026
