3393
3468
3541
3613
3685
3756
3828
3899
3969
4040
4110
4180
4250
4320
4390
4459
4529
4599
4669
4739
4809
4879
4950
5021
5092
5163
5235
5308
5381
5455
5529
5604
5680
5757
5835
5914
5993
6074
6156
6239
6323
6409
6497
6586
6677
6771
6867
6965
7066
7169
7273
7375
7482
7585
7693
7800
7909
8017
8123
8221
8386
8476
8568
8661
8757
8863
8968
9074
9180
9286
9391
9498
9605
9712
9818
9924
10029
10133
10237
10339
10440
10543
10650
10758
10869
14122
14203
14289
14377
14466
14555
14645
14736
14826
14917
15008
15099
15190
15281
15369
15457
15545
15633
15722
15811
15899
15987
16075
16163
16251
16338
16426
16513
16599
16686
16772
16859
16944
17029
17114
17197
17280
17362
17444
17526
17607
17688
17768
17847
17926
18005
18084
18164
18248
18339
20394
20468
20544
20617
20691
20765
20838
20912
20987
21066
21152
22952
23038
23128
23221
23316
23412
23508
23607
23705
23804
23904
24003
24104
24206
24308
24411
24514
24618
24724
24830
24936
25042
25149
25257
25364
25470
25577
25684
25794
25901
26009
26117
26224
26333
26441
26547
26655
26762
26868
26975
27081
27186
27293
27398
27503
27609
27714
27818
27922
28025
28128
28230
28334
28437
28542
28644
28747
28849
28952
29054
29155
29256
29357
29458
29559
29659
29759
29858
29957
30055
30153
30252
30349
30446
30543
30639
30735
30830
30924
31018
31110
31202
31293
31385
31476
31567
31657
31748
31838
31928
32017
32106
32195
32284
32374
32463
32552
32641
32730
32819
32908
32996
33085
33174
33263
33351
33442
33536
35366
35458
35560
35664
35769
35875
35983
36091
36201
36311
36421
36532
36644
36755
36867
36977
37089
37199
37311
37424
37534
37646
37757
37870
37982
38093
38203
38312
38422
38532
38642
38749
38857
38963
39070
39174
39279
39382
39485
39588
39691
39794
39899
40005
40113
40224
40337
40455
40571
40684
42975
43044
43130
43216
43301
43385
43470
43554
43640
43724
43809
43894
43979
44063
44147
44231
44315
44399
44482
44566
44649
44732
44815
44897
44978
45060
45140
45220
45299
45378
45455
45533
45610
45687
45764
45841
45917
45993
46069
46144
46221
46300
46386
46474
46565
50728
50823
50920
51016
51113
51211
51310
51409
51510
51613
51717
51822
51928
52034
52140
52247
52351
52452
52552
52651
52751
52850
52950
53050
53150
53249
53348
53448
53547
53645
53744
53842
53940
54038
54134
54231
54328
54425
54521
54617
54712
54808
54903
54998
55093
55188
55282
55377
55472
55566
55661
55755
55848
55942
56035
56128
56221
56313
56406
56499
56592
56684
56777
56871
56965
57060
57155
57252
57348
57446
57544
57643
57742
57841
57940
58039
58138
59697
59788
59882
59977
60073
60170
60267
60366
60465
60566
60668
60771
60875
60982
61087
61194
61302
61410
61518
61626
61734
61843
61951
62059
62168
62276
62386
62497
62609
62720
62831
62943
63055
63166
63278
63392
63506
63619
63735
63848
63965
64080
64198
64314
64436
64542
64669
64785
64908
65023
65148
65261
65388
65498
65626
65742
65863
65985
66100
66227
66338
66464
66576
66703
66815
66938
67048
67162
67268
67373
67477
67579
67679
67781
67884
67991
68101
