3557
3694
3835
3977
4119
4262
4404
4546
4688
4830
4971
5110
5247
5383
5517
5649
5781
5912
6042
6171
6299
6427
6556
6684
6811
6938
7064
7190
7316
7440
7565
7689
7812
7935
8057
8179
8302
8424
8548
8671
8796
8922
9049
9178
9314
9441
9574
9712
9853
10000
10152
10311
10479
12196
12355
12512
12668
12826
12981
13131
13274
13420
13568
13718
13867
14015
14162
14309
14454
14596
14736
14873
15008
15139
15269
15397
15523
15649
15775
15900
16026
16152
16278
16406
16539
16677
16809
16949
17092
17235
17377
17519
17663
17809
17956
18107
18261
18418
18578
18740
18904
19065
19208
19354
19506
19657
19807
19958
20111
20271
20434
20596
20762
20936
21110
21286
21464
21641
21804
21952
22118
22285
22455
22629
22804
22982
23161
23344
23526
23708
23892
24075
24257
24439
24620
24801
24981
25160
25339
25519
25700
25879
26060
26239
26412
26587
26760
26935
27110
27286
27462
27635
27807
27978
28149
28321
28492
28664
28835
29009
29184
29359
29530
29698
29866
30033
30199
30367
30531
30694
30853
31012
31168
31325
31481
31637
31796
31957
32126
33729
33866
34013
34159
34311
34463
34618
34775
34936
35099
35265
35435
35609
35785
35965
36149
36335
36521
36707
36891
37075
37258
37441
37623
37803
37986
38171
38359
38550
38743
38938
39131
39325
39520
40057
40211
40369
40525
40679
40831
40982
41132
41281
41429
41575
41720
41863
42005
42145
42287
42437
42575
42721
42871
43025
43182
43345
43515
43689
43865
45457
45613
45778
45943
46109
46274
46440
46600
46754
46909
47064
47217
47370
47523
47676
47830
47985
48141
48298
48457
48615
48774
48933
49090
49246
49400
49554
49706
49859
50012
50166
50323
50484
50652
50824
51002
51187
51377
51572
51766
51951
52125
52300
52478
52657
52838
53022
53208
53399
53592
53791
53995
54205
54418
54636
54849
55070
55286
55502
55719
55926
56134
56341
56540
56750
56961
57183
57409
57640
57870
58097
58321
58539
58755
58966
59182
59398
59618
59824
60032
60246
60456
