3345
3476
3616
3758
3901
4046
4195
4345
4497
4652
4808
4967
5128
5292
5457
5621
5784
5950
6118
6291
8191
8318
8459
8618
8776
8931
9085
9243
9401
9558
9715
9872
10030
10187
10345
10505
10664
10825
10989
11157
11340
11522
12861
13007
13179
13370
14723
14870
15045
15224
15404
15585
15768
15950
16134
16318
16500
16681
16861
17040
17218
17393
17568
17738
17905
18068
18229
18389
18546
18701
18857
19013
19162
19311
19461
19610
19758
19907
20056
20205
20354
20506
20656
20807
20957
21107
21257
21405
21552
21696
21840
21987
22138
22290
22439
22585
22727
22867
23005
23143
23278
23413
23546
23679
23811
23943
24075
24206
24336
24465
24591
24716
24838
24960
25085
25215
25350
25487
26917
27036
27167
27298
27434
27570
27713
27859
28008
28164
28336
28501
28675
30821
30951
31100
31268
31450
31628
31801
31975
32152
32331
32508
32687
32866
33046
33226
33408
33592
33776
33959
34144
34331
34520
36502
36634
36792
36947
37100
37254
37409
37565
37722
37879
38038
38198
38360
38524
38689
38856
39024
39194
39367
39543
39724
39905
40088
40272
40458
40644
40832
41022
41213
41406
41600
41795
41991
42189
42387
42586
42783
42982
43184
