3288
3368
3456
3541
3624
3705
3784
3863
3940
4016
4092
4167
4242
4317
4391
4465
4538
4610
4683
4755
4828
4900
4973
5046
5119
5193
5267
5342
5418
5495
5573
5652
5732
5815
5900
5987
6076
6168
6263
6360
6458
6561
6663
6770
6881
6995
7115
7236
7358
7482
7607
7733
7860
7988
8117
8246
8376
8505
8633
8761
8889
9017
9144
9271
9398
9523
9647
9777
9904
10044
10189
11565
11680
11802
11921
12040
12156
12268
12381
12492
12604
12714
12826
12937
13048
13162
13275
13389
13502
13614
13727
13839
13952
14065
14177
14288
14400
14513
14625
14738
14851
14964
15076
15189
15301
15415
15531
15655
15787
15924
17493
17590
17702
17815
17927
18042
18160
18285
18420
19923
20017
20120
20223
20325
20427
20529
20631
20734
20837
20940
21043
21145
21247
21347
21449
21549
21650
21749
21848
21946
22044
22140
22236
22331
22427
22522
22617
22711
22805
22899
22991
23084
23175
23267
23358
23448
23538
23628
23718
23807
23895
23983
24071
24158
24245
24332
24419
24506
24594
24682
24772
24862
24954
25046
25139
25233
25327
25423
25520
25619
25720
25823
25927
26032
26138
26244
26351
26458
26566
26675
26785
26896
27010
27123
27237
27353
27470
27587
27705
27824
27944
28063
28183
28302
28423
28545
28667
28789
28912
29036
29161
29291
29431
30741
30844
30959
31073
31187
31301
31414
31528
31640
31752
31861
31970
32077
32184
32292
32399
32507
32615
32725
32836
32948
33062
33178
33297
33418
33540
33665
33791
33918
34046
34174
34303
34439
34572
34707
34844
34985
35130
35282
36485
36575
36682
36787
36888
36988
37088
37187
37286
37385
37484
37582
37679
37776
37870
37971
38074
38180
38289
38400
38515
38631
38745
38844
38954
39064
39181
41648
41755
41869
41979
42087
42193
42298
42403
42507
42613
42720
42829
42941
43051
43159
43264
43367
43469
43571
43673
43776
43879
43981
44084
44189
44293
44399
44505
44610
44716
44823
44930
45036
45143
45250
45358
45465
45571
45677
45782
45886
45991
46096
46200
46305
46410
46515
46621
46727
46835
46943
47054
47167
47282
47401
47523
47646
47772
47901
48031
48164
48295
48427
48559
48689
48818
48945
49067
49187
49305
49422
49540
49659
49779
49900
50022
50146
50272
50400
50530
50662
50797
50934
51073
51215
51358
51504
51652
51801
51952
52104
52256
52410
52566
52723
52881
53040
53199
53358
53521
53683
53846
54007
54169
54333
54495
54657
54821
54984
55147
55310
55470
55631
55791
55950
56110
56273
56438
56619
56792
