3491
3584
3680
3773
3867
3959
4052
4145
4238
4331
4425
4519
4613
4707
4800
4893
4984
5075
5164
5251
5337
5421
5504
5586
5668
5749
5830
5910
5990
6070
6150
6229
6308
6386
6464
6541
6617
6692
6765
6838
6909
6980
7050
7120
7190
7259
7327
7396
7464
7532
7600
7668
7736
7804
7873
7944
8020
8102
8190
10980
11071
11171
11272
11372
11473
11573
11669
11765
11863
11962
12061
12161
12263
12364
12467
12570
12674
12778
12881
12981
13082
13183
13284
13385
13488
13590
13693
13797
13901
14006
14111
14218
14325
14437
14554
14674
14798
14926
15056
15185
15316
16323
16419
16524
16630
16737
16845
16953
17063
17176
17294
17416
17542
17674
17949
18776
18870
18976
19079
19181
19284
19386
19487
19589
19691
19796
19900
20005
20108
20212
20315
20419
20522
20624
20728
20830
20933
21036
21140
21243
21346
21449
21551
21654
21757
21860
21963
22064
22166
22267
22368
22469
22569
22669
22770
22869
22968
23067
23164
23263
23360
23458
23554
23651
23748
23844
23940
24035
24130
24225
24320
24414
24508
24602
24696
24790
24884
24979
25075
25171
25268
25366
25464
25564
25664
25764
25864
25963
26063
26163
26263
26363
26465
26566
26668
26770
26873
26976
27080
27186
27293
27399
27504
27611
27718
27825
27933
28041
28149
28258
28367
28475
28584
28691
28799
28909
29019
29131
29247
29365
29481
29600
29723
29847
29972
30096
30217
30333
30447
30559
30669
30778
30886
30993
31099
31205
31311
31418
31525
31632
31738
31847
31955
32066
32177
32288
32401
32513
32626
32738
32852
32966
33081
33197
33313
33430
33548
33666
33785
33906
34023
34134
34251
34371
34494
34619
34746
34875
35006
35140
35281
36484
36574
36677
36777
36876
36973
37069
37165
37261
37357
37454
37549
37644
37739
37832
37925
38017
38111
38216
38321
38432
38545
38661
38779
38901
39026
41207
41297
41407
41513
41619
41724
41829
41935
42042
42150
42260
42369
42477
42584
42690
42796
42903
43008
43113
43217
43321
43425
43529
43634
43737
43842
43946
44049
44153
44257
44361
44466
44571
44677
44783
44890
44997
45106
45217
45329
45445
45564
45685
45810
45940
46073
46209
46735
46856
46976
47095
47208
47322
47435
47548
47662
47777
47893
48010
48128
48247
48367
48487
48610
48732
48856
48981
49108
49235
49365
49495
49628
49762
49897
50033
50170
50308
50449
50591
50734
50878
51024
51171
51320
51470
51620
51769
51921
52071
52222
52374
52524
52676
52827
52977
53127
53276
53425
53572
53718
53865
54013
54163
54314
54470
