2381
2508
2646
2791
2943
3101
3262
3426
3596
3912
4051
4189
4334
4478
4623
4768
4912
5057
5202
5345
5486
5626
5764
5899
6031
6161
6289
6414
6538
6660
6781
6901
7020
7137
7253
7367
7480
7591
7701
7811
7920
8028
8135
8242
8349
8455
8560
8665
8769
8874
8977
9083
9187
9294
9403
9515
9627
9747
9872
10003
10139
12836
12969
13102
13236
13373
13508
13644
13778
13912
14045
14176
14307
14437
14564
14691
14815
14939
15062
15185
15308
15429
15551
15672
15794
15917
16044
16172
16301
16432
18619
18748
18891
19032
19172
19312
19452
19594
19739
19887
20039
20188
20334
20482
20635
20792
20954
21123
21292
21594
21742
21903
22069
22237
22406
22575
22745
22916
23088
23262
23436
23612
23789
23967
24143
24320
24497
24671
24844
25016
25186
25357
25527
25696
25862
26027
26191
26354
26517
26679
26840
27001
27161
27321
27482
27642
27803
27965
28128
28296
28460
28627
28795
28963
29133
29299
29464
29630
29795
29960
30124
30287
30450
30612
30772
30928
31082
31233
31382
31529
31675
31822
31968
32115
32266
32423
32585
32755
34109
34226
34365
34506
34648
34791
34934
35077
35218
35361
35504
35649
35795
35943
36094
36245
36398
36555
36715
36876
37040
37208
37379
37557
37736
37918
38101
38284
38465
38643
38820
38996
39173
39352
39531
39713
39897
40078
40259
40438
40620
40785
40936
41095
41251
41408
41564
41721
41875
42027
42178
42329
42479
42628
42775
42922
43073
43225
43374
43531
43691
43854
44019
44185
44351
44519
44686
44857
45032
45208
45384
45564
45741
45918
46246
46392
46555
46714
46874
47036
47197
47353
47506
47660
47815
47970
48126
48282
48439
48598
48755
48913
49071
49230
49388
49546
49702
49857
50012
50166
50323
50481
50643
50808
50978
51156
51339
51524
51711
51902
52091
52272
52444
52611
52781
52953
53131
53312
53497
53684
53879
54081
54288
54496
54703
54891
55134
55282
55541
55681
55907
56083
56486
56645
56881
57073
57292
57489
57696
57884
58111
58306
58513
58717
58916
59118
59322
59536
59761
