11024
11135
11268
11391
11512
11630
11745
11859
11971
12081
12189
12296
12401
12505
12609
12712
12815
12917
13018
13119
13220
13319
13418
13516
13614
13712
13809
13907
14005
14104
14203
14302
14402
14503
14603
14705
14807
14910
15014
15120
15231
15343
15455
15572
15692
17769
17885
18009
18135
18261
18389
18518
18647
18777
18909
19041
19173
19307
19441
19571
19700
19830
19961
20093
20226
20360
20497
20636
20778
20923
21069
21215
21364
21518
21669
21830
21990
22155
22320
22478
22644
22801
22965
23134
23299
23467
23629
24117
24248
24403
24567
24733
24908
25089
25272
25458
25652
25849
26041
26242
26782
26943
27121
27299
27480
27667
27857
28050
28246
28444
28641
28838
29034
29232
29429
29626
29820
30012
30200
30385
30567
30746
30922
31092
31257
31420
31582
31742
31901
32059
32219
32378
32538
32698
32859
33021
33185
33353
33520
33688
33855
34024
34193
34359
34526
34694
34861
35028
35196
35365
35534
35707
35880
36057
36234
36414
36599
36785
36969
37148
37323
37496
37669
37842
38015
38189
38364
38539
38710
38880
39048
39215
39383
39554
39729
39904
40084
40266
40448
40631
40815
41001
41189
41382
41577
41776
41978
42195
42370
42883
43020
43171
43321
43464
43601
43737
43870
44002
44133
44263
44399
44532
44665
44806
44947
45092
45241
45392
45546
45702
45861
46026
46203
46378
46562
46748
48607
48757
48916
49073
49233
49394
49557
49714
49868
50017
50165
50312
50459
50607
50755
50903
51053
51203
51353
51504
51655
51806
51959
52112
52267
52425
52585
52747
52911
53079
53249
53427
53605
53781
53960
54139
54318
54494
54666
54833
54995
55152
55306
55456
55607
55759
55911
56065
56218
56373
56527
56684
56842
57004
57169
57338
57513
57694
57883
58084
58292
58512
58740
58977
59224
59477
59739
60005
60276
60552
60832
61113
61392
61673
61952
62235
62528
62824
63136
