1396
1480
1565
1648
1731
1812
1893
1973
2053
2132
2211
2289
2367
2443
2519
2593
2666
2738
2809
2878
2947
3015
3083
3150
3217
3284
3350
3416
3482
3548
3614
3680
3745
3810
3876
3941
4005
4069
4133
4197
4261
4324
4388
4453
4520
4591
4666
4747
6058
6132
6210
6296
6385
6473
6562
6650
6738
6826
6914
7002
7091
7180
7270
7361
7452
7543
7634
7726
7819
7913
8008
8104
8201
8298
8395
8491
8588
8684
8779
8874
8967
9058
9146
9238
9339
9443
9550
9660
9772
9887
10005
10126
11310
11385
11488
11593
11699
11812
11931
12060
12193
13503
13605
13726
13847
13970
14095
14222
14348
14475
14602
14729
14856
14983
15111
15239
15367
15495
15622
15750
15878
16005
16133
16259
16385
16512
16638
16763
16888
17012
17134
17255
17376
17497
17622
17743
17863
17980
18097
18213
18329
18445
18562
18678
18796
18913
19032
19152
19272
19396
19518
19641
19762
19882
20000
20118
20234
20350
20465
20581
20697
20815
20937
21068
22232
22343
22464
22588
22715
22844
22977
23110
23244
23379
23514
23648
23782
23914
24045
24176
24306
24436
24567
24701
24840
24978
25121
25271
25432
27003
27078
27170
27258
27346
27435
27524
27611
27697
27783
27867
27952
28037
28131
28227
28328
28431
28539
28651
31942
32018
32116
32214
32312
32409
32507
32605
32703
32801
32898
32996
33092
33185
33276
33365
33454
33543
33632
33722
33812
33902
33993
34085
34178
34271
34365
34460
34555
34650
34746
34842
34938
35035
35132
35229
35327
35426
35526
35627
35729
35835
35942
36052
36164
36279
36397
36518
36644
36772
36902
37034
37168
37303
37438
37575
37710
37842
37974
38103
38230
38352
38468
38580
38689
38796
38902
39008
39114
39221
39327
39433
39539
39645
39751
39857
39963
40070
40178
40288
40398
40511
40625
40740
40857
40975
41093
41215
41339
41465
41594
41725
41859
41994
42130
42269
42407
42548
42690
42835
42981
43128
43275
43424
43572
43719
43869
44018
44166
44315
44465
44620
44775
44929
45081
45228
45374
45523
45682
45850
46033
