2642
2777
2923
3077
3242
4685
4821
4961
5104
5246
5389
5532
5675
5818
5960
6101
6240
6376
6511
6642
6772
6900
7028
7153
7279
7404
7529
7654
7780
7905
8029
8153
8275
8398
8519
8640
8761
8881
9000
9119
9239
9359
9479
9599
9719
9841
9962
10084
10207
10337
10456
10586
10720
10861
11007
11157
12309
12465
12628
12789
12945
13099
13252
13404
13557
13709
13859
14007
14154
14300
14446
14592
14735
14877
15016
15154
15290
15424
15557
15688
15815
15941
16066
16190
16314
16437
16560
16681
16802
16923
17043
17162
17281
17403
17529
17653
17784
17917
20532
20636
20771
20906
21042
21178
21315
21452
21594
21741
21888
22034
22185
22344
22502
22667
23287
23431
23586
23742
23899
24058
24220
24385
24554
24727
24906
25082
25261
25441
25621
25798
25977
26157
26339
26523
26707
26890
27073
27254
27433
27612
27788
27961
28131
28300
28468
28637
28806
28976
29146
29316
29484
29651
29819
29984
30151
30319
30484
30651
30820
30990
31161
31330
31498
31663
31825
31988
32149
32313
32473
32632
32790
32945
33099
33252
33404
33553
33703
33852
34001
34151
34301
34455
35999
36138
36280
36418
36559
36700
36841
36984
37129
37276
37425
37575
37725
37875
38025
38177
38330
38486
38646
38808
38970
39136
39306
39481
39659
39841
40026
40210
40394
40576
40757
40938
41122
41311
41503
41696
41887
42080
43028
43164
43315
43464
43614
43763
43913
44062
44209
44356
44501
44645
44788
44931
45075
45230
45372
45522
45676
45830
45989
46151
46314
46479
46648
46817
47326
47494
47665
47843
48027
48550
48693
48863
49028
49195
49363
49523
49680
49839
49998
50156
50314
50473
50633
50793
50955
51117
51278
51441
51603
51766
51928
52090
52252
52415
52578
52743
52912
53083
53257
53432
53609
53791
53972
54150
54325
54498
54662
54830
55000
55173
55351
55527
55705
55887
56073
56262
56453
56645
56840
57033
57227
57424
57624
57826
58034
58245
58456
58674
58886
59123
59314
59554
59753
60013
60219
60462
60696
60938
61174
61402
61628
61854
62078
62307
