11167
12579
12730
12884
13038
13193
13346
13498
13647
13794
13936
14077
14215
14350
14484
14615
14743
14870
14995
15119
15242
15363
15484
15603
15721
15839
15954
16069
16184
16299
16412
16526
16639
16751
16861
16971
17080
17189
17297
17406
17514
17622
17729
17837
17944
18051
18160
18282
18399
18524
18657
20273
20421
20570
20719
20871
21025
21181
21338
21495
21651
21807
21963
22116
22269
22418
22565
22707
22846
22982
23115
23247
23375
23502
23627
23749
23870
23990
24109
24230
24360
24486
24617
24751
24887
25032
26325
26437
26567
26703
26854
27010
27177
27361
27569
28309
28443
28599
28759
28919
29083
29246
29408
29570
29733
29894
30055
30215
30373
30531
30689
30846
31003
31160
31317
31474
31630
31786
31941
32096
32252
32408
32564
32720
32878
33037
33198
33359
33523
33690
33859
34030
34204
34381
34562
34745
34928
35109
35290
35471
35650
35828
36007
36184
36359
36533
36706
36880
37053
37227
37398
37579
37767
37982
38197
38422
38632
38815
38992
39166
39337
39510
39687
39868
40053
40243
40436
40634
40833
41033
41232
41426
41623
41819
42014
42205
42396
42593
42793
43000
44626
44770
44915
45056
45194
45331
45466
45599
45732
45875
46007
46146
46285
46425
46566
46709
46855
47006
47160
47321
47491
47672
47869
48913
49062
49231
49401
49570
49739
49910
50081
50248
50413
50574
50735
50893
51051
51208
51365
51523
51681
51841
52003
52167
52333
52501
52674
52854
53038
53227
53421
53620
53821
54023
54223
54424
54620
54812
54993
55172
55344
55514
55685
55858
56032
56205
56375
56547
56723
56903
57085
57270
57462
57654
57855
58060
58275
58494
58719
58955
59200
59455
59715
59988
60260
60533
60812
61074
61338
61601
61850
62080
62302
62551
