1546
1632
1716
1801
1884
1967
2050
2133
2215
2298
2379
2460
2541
2622
2702
2783
2864
2945
3026
3107
3188
3268
3349
3430
3511
3592
3674
3755
3838
3921
4004
4088
4172
4257
4343
4430
4517
4603
4691
4777
4864
4951
5043
5137
5235
5335
5438
5544
7590
7680
7772
7866
7961
8058
8155
8253
8351
8447
8544
8641
8739
8837
8935
9034
9134
9234
9336
9437
9540
9643
9746
9850
9954
10058
10168
10281
10396
10514
10632
10754
10873
10998
12262
12354
12455
12558
12662
12770
12880
12990
13103
13223
13355
14500
14587
14683
14781
14879
14978
15079
15179
15281
15383
15486
15590
15695
15801
15909
16017
16128
16241
16356
16474
16593
16715
16839
16965
17093
17221
17351
17481
17610
17739
17866
17991
18114
18236
18356
18475
18591
18706
18820
18932
19043
19153
19263
19372
19481
19590
19699
19809
19917
20028
20137
20245
20353
20461
20569
20678
20786
20896
21006
21116
21226
21338
21452
21571
21695
22758
22864
22974
23086
23197
23310
23424
23538
23654
23770
23887
24004
24121
24237
24352
24466
24578
24690
24800
24911
25022
25134
25252
25363
25475
25590
25707
25825
25946
27304
27398
27494
27594
27696
27797
27900
28002
28105
28209
28313
28420
28527
28640
28756
28874
28993
29113
29236
29361
30926
31013
31119
31222
31327
31434
31542
31649
31755
31860
31963
32067
32170
32274
32378
32481
32584
32687
32790
32893
32997
33100
33204
33308
33412
33517
33623
33730
33838
33947
34057
34168
34279
34391
34503
34614
34726
34837
34947
35053
35157
35258
35357
35454
35551
35647
35742
35838
35934
36030
36127
36224
36320
36418
36515
36614
36713
36813
36915
37018
37122
37227
37335
37445
37558
37673
37791
37914
38040
38171
38305
38446
38590
38741
38896
39054
39213
39374
39536
39700
39867
40032
40196
40359
40522
40684
40844
41001
41160
41314
41469
41621
41772
41921
42071
42220
42374
42528
