1540
1651
1760
1868
1974
2078
2183
2286
2390
2492
2595
2697
2799
2900
3000
3099
3199
3297
3394
3492
3589
3688
3787
3887
3989
4094
4200
4309
4420
4535
4652
4773
4898
5028
5163
5303
5447
5596
5750
5910
6074
6246
6421
6598
6776
6955
7134
7313
7488
7664
7837
8006
8172
8336
8505
8672
8847
10955
11071
11199
11328
11459
11591
11724
11856
11991
12126
12261
12395
12529
12662
12795
12927
13058
13189
13318
13448
13575
13702
13829
13958
14089
14227
14358
14500
14639
14781
14923
15067
15211
15353
15489
16121
16246
16383
16526
16668
16825
16962
18775
18887
19010
19134
19257
19382
19507
19633
19759
19886
20012
20139
20267
20394
20521
20650
20779
20908
21038
21169
21299
21430
21560
21692
21824
21956
22089
22223
22358
22492
22628
22763
22898
23033
23170
23308
23443
23579
23714
23850
23986
24121
24256
24392
24526
24660
24792
24924
25054
25183
25311
25442
25571
25697
25823
25949
26074
26199
26324
26449
26575
26701
26827
26954
27082
27214
27352
27499
27662
28806
28957
29114
29277
29445
29622
29808
29996
30188
30381
30575
30770
30961
31149
31337
31526
31709
31892
32070
32244
32416
32581
32739
32899
33052
33202
33352
33504
33658
33814
33975
35778
35865
35978
36093
36208
36319
36430
36541
36654
36766
36879
36992
37105
37219
37333
37450
37570
37686
37812
37945
38084
38231
39053
39183
41654
41776
41897
42018
42140
42263
42387
42510
42633
42755
42877
42999
43123
43247
43369
43492
43616
43741
43865
43991
44116
44242
44367
44492
44617
44742
44867
44991
45115
45241
45366
45493
45619
45746
45873
46001
46130
46258
46388
46519
46653
46788
46926
47063
47202
47341
47479
47616
47752
47887
48023
48159
48294
48428
48559
48689
48817
48949
49079
49209
49343
49479
49618
49760
49905
50053
50203
50355
50511
50670
50833
51000
51170
51344
51523
51707
51898
52092
52288
52487
52687
52887
53089
53290
53494
53699
53909
54119
54331
54542
54752
54965
55176
55385
55594
55801
56007
56218
56437
56661
