11862
11982
12121
12264
12406
12548
12690
12832
12973
13113
13254
13394
13534
13673
13810
13946
14080
14214
14347
14479
14610
14740
14871
15001
15132
15262
15392
15523
15654
15785
15916
16046
16177
16307
16440
16586
16731
16892
18368
18487
18641
18799
18956
19115
19274
19432
19589
19746
19902
20055
20206
20353
20498
20640
20779
20916
21051
21183
21313
21443
21572
21702
21836
21977
22115
22258
22406
23757
23874
24010
24151
24312
24472
24645
24836
25962
26117
26277
26438
26603
26767
26932
27096
27261
27426
27590
27753
27915
28077
28239
28403
28566
28731
28895
29060
29225
29391
29557
29724
29890
30055
30226
30398
30576
30752
30927
31103
31279
31457
31638
31818
31996
32174
32351
32526
32702
32878
33054
33229
33404
33578
33750
33927
34113
34302
34494
34689
34880
35062
35243
35421
35595
35767
35939
36113
36287
36464
36642
36819
36996
37174
37350
37525
37701
37882
38071
38273
38490
39738
39899
40063
40226
40387
40547
40705
40867
41031
41192
41356
41523
41690
41861
42034
42214
42408
43829
44017
44216
44413
44613
44812
45004
45190
45377
45564
45752
45938
46122
46303
46486
46671
46858
47045
47235
47430
47635
47844
48069
49485
49645
49814
49984
50155
50325
50495
50663
50832
51002
51175
51352
51533
51719
51912
52110
52312
52520
52737
52961
53197
53439
53693
53956
54228
54520
54808
55092
55368
55660
55946
56246
