2832
2924
3032
3142
3249
3354
3458
3562
3664
3765
3866
3965
4063
4160
4256
4352
4447
4543
4638
4734
4829
4924
5019
5115
5212
5310
5409
5510
5613
5718
5824
5934
6046
6161
6279
6399
6522
6648
6778
6909
7044
7180
7317
7456
7598
7741
7888
8036
8186
8338
8490
8642
8794
8952
9105
9265
9445
11358
11465
11592
11719
11848
11978
12108
12238
12368
12499
12634
12766
12898
13030
13161
13292
13423
13553
13683
13813
13941
14069
14198
14331
14472
14608
14753
14899
15047
15199
15355
15500
16522
16635
16759
16886
17017
17158
17292
17433
17577
17721
17868
18015
19440
19529
19643
19760
19878
19999
20121
20243
20367
20491
20616
20742
20868
20995
21123
21252
21381
21512
21643
21776
21909
22044
22180
22317
22457
22598
22741
22885
23030
23176
23322
23467
23613
23758
23904
24051
24199
24342
24483
24624
24763
24902
25039
25176
25312
25446
25579
25711
25842
25971
26099
26226
26352
26477
26605
26731
26855
26979
27103
27227
27352
27477
27604
27733
27861
27990
28119
28249
28384
28522
28674
30076
30193
30349
30517
30693
30875
31064
31255
31448
31642
31835
32028
32219
32409
32595
32779
32959
33137
33313
33486
33658
33830
34005
34188
34373
34558
34739
34922
36984
37104
37229
37354
37478
37602
37727
37852
37977
38102
38229
38356
38485
38623
38748
38887
39034
39184
39342
39909
40043
40187
40334
40497
42580
42680
42809
42936
43066
43196
43328
43461
43594
43728
43862
43995
44129
44260
44391
44522
44655
44787
44919
45052
45186
45319
45453
45588
45723
45859
45995
46131
46267
46402
46538
46673
46810
46946
47084
47222
47360
47498
47638
47781
47926
48075
48226
48376
48528
48679
48828
48970
49114
49254
49394
49534
49674
49818
49966
50117
50272
50430
50594
50762
50932
51105
51281
51461
51644
51830
52022
52216
52415
52617
52821
53026
53230
53438
53645
53852
54059
54267
54477
54690
54904
55119
55336
55547
55761
55974
56187
56422
