3076
3133
3219
3301
3384
3466
3547
3628
3708
3788
3867
3945
4023
4101
4178
4255
4331
4407
4483
4559
4635
4711
4787
4864
4940
5016
5092
5168
5244
5320
5395
5471
5546
5622
5697
5773
5849
5925
6002
6080
6158
6238
6322
6419
6520
8318
8408
8500
8594
8689
8785
8882
8980
9078
9176
9275
9374
9473
9574
9675
9778
9882
9987
10093
10200
10307
10416
10526
10638
10751
10865
10983
11112
11247
11400
12642
12762
12893
13032
13175
14399
14508
14645
14790
14941
15098
15260
15428
15601
15777
15956
16135
16317
16500
16683
16867
17050
17231
17410
17584
17756
17925
18087
18243
18395
18542
18686
18826
18963
19104
19239
19374
19506
19637
19769
19901
20036
20171
20309
20445
20582
20722
20864
21008
21151
21296
21442
21589
21743
22835
22969
23107
23248
23391
23533
23674
23816
23958
24098
24238
24378
24518
24660
24810
24972
26476
26617
26776
26939
27105
27275
27447
27622
27807
27992
30499
30651
30816
30988
31157
31333
31512
31693
31874
32057
32239
32419
32598
32777
32957
33135
33317
33499
33683
33869
34056
36243
36368
36512
36658
36804
36950
37095
37237
37377
37516
37654
37792
37930
38069
38211
38355
38503
38653
38807
38964
39125
40219
40384
40543
40715
40893
41072
41255
41428
41624
41791
41981
42170
42361
42556
42751
42950
