3499
3618
3737
3856
3974
4092
4210
4330
4448
4566
4683
4800
4916
5031
5144
5258
5369
5479
5590
5700
5809
5917
6024
6130
6235
6340
6445
6548
6652
6754
6857
6959
7061
7163
7264
7366
7467
7568
7668
7769
7869
7968
8068
8167
8265
8363
8461
8558
8655
8752
8850
8947
9043
9140
9236
9332
9429
9527
9625
9728
9833
9941
12411
12506
12614
12723
12833
12943
13054
13165
13277
13390
13504
13619
13736
13857
13975
14094
14213
14331
14449
14567
14684
14799
14915
15030
15146
15262
15378
15496
15615
15739
15864
15998
16139
16278
16422
17805
17913
18035
18163
18298
18432
18571
18706
18978
21029
21134
21250
21366
21482
21600
21719
21839
21961
22082
22205
22329
22454
22579
22706
22834
22965
23096
23230
23367
23508
23652
23800
23953
24111
24272
24438
24610
24788
24971
25159
25350
25542
25737
25931
26125
26320
26514
26707
26900
27092
27284
27478
27680
27865
28046
28223
28396
28566
28732
28893
29051
29206
29359
29510
29656
29810
29958
30103
30247
30389
30529
30668
30806
30943
31079
31214
31351
31490
31633
31779
31927
32078
32227
32375
32522
32667
32810
32951
33093
33235
33379
33526
33675
33823
33970
34115
34258
34399
34540
34679
34819
34959
35100
35242
35383
35523
35665
35817
35971
36125
36282
36444
36611
38548
38648
38774
38900
39025
39148
39271
39394
39517
39639
39760
39881
40000
40118
40236
40354
40472
40591
40715
40836
40962
41095
41234
41378
41531
42224
42342
45023
45136
45263
45389
45517
45646
45775
45905
46036
46168
46301
46436
46569
46700
46828
46957
47085
47214
47344
47473
47603
47733
47863
47993
48122
48252
48381
48511
48642
48773
48905
49036
49168
49300
49433
49568
49705
49844
49988
50133
50281
50430
51991
52107
52238
52372
52508
52647
52789
52935
53083
53235
53390
53549
53711
53876
54045
54217
54392
54569
54751
54939
55131
55328
55528
55731
55936
56146
56361
56582
56803
57026
57248
57467
57686
57904
58123
58343
58563
58779
58993
59209
59426
59644
