3325
3423
3512
3600
3687
3771
3855
3937
4019
4099
4179
4258
4336
4413
4490
4567
4643
4719
4794
4868
4942
5016
5089
5162
5235
5307
5379
5450
5522
5592
5662
5732
5801
5869
5937
6004
6071
6137
6203
6268
6333
6397
6461
6523
6586
6649
6711
6772
6834
6896
6958
7021
7086
7154
7222
8935
9015
9098
9186
9277
9368
9458
9548
9637
9725
9812
9899
9985
10072
10159
10246
10332
10423
10510
10597
10683
10771
10860
10950
11041
11133
11224
11317
11410
11504
11598
11692
11788
11883
11979
12076
12173
12270
12366
12462
12557
12653
12747
12841
12936
13036
13146
13260
13378
13502
13627
13760
15058
15147
15250
15355
15461
15566
15672
15782
15895
16013
16134
16260
16389
17373
17468
17566
17663
17759
17856
17953
18051
18148
18247
18345
18445
18544
18644
18743
18843
18942
19042
19142
19240
19340
19438
19537
19635
19734
19831
19929
20026
20124
20220
20317
20412
20507
20602
20695
20788
20880
20972
21064
21155
21246
21336
21426
21514
21602
21689
21777
21864
21952
22039
22127
22214
22301
22389
22477
22565
22655
22746
22838
22930
23024
23118
23212
23307
23402
23498
23594
23691
23788
23886
23985
24085
24185
24286
24388
24494
24601
24708
24816
24928
25041
25154
25269
25383
25499
25612
25726
25838
25949
26059
26169
26280
26391
26505
26618
26736
26854
26974
27095
27217
27337
27457
27574
27687
27799
27909
28020
28130
28240
28351
28461
28571
28681
28791
28900
29009
29118
29227
29336
29445
29555
29664
29772
29881
29991
30100
30209
30318
30428
30537
30647
30757
30867
30978
31090
31202
31312
31420
31531
31647
31763
31882
32002
32125
32249
32376
32506
34000
34097
34195
34292
34387
34483
34579
34676
34774
34871
34969
35066
35164
35262
35369
35476
35587
35701
35817
35934
36053
36174
36299
36438
38522
38630
38736
38840
38943
39046
39148
39252
39357
39462
39567
39673
39782
39889
39997
40104
40213
40322
40431
40540
40649
40757
40865
40972
41078
41185
41291
41398
41504
41611
41717
41824
41931
42039
42147
42256
42366
42478
42591
42706
42823
42942
43062
43184
43306
43430
43555
43680
43806
43931
44055
44175
44294
44409
44523
44639
44755
44873
44993
45114
45237
45361
45486
45611
45741
45868
45998
46131
46265
46399
46534
46672
46807
46948
47086
47227
47368
47511
47655
47799
47945
48091
48238
48387
48536
48684
48834
48985
49135
49288
49442
49597
49750
49904
50056
50207
50359
50509
50658
50808
50959
51110
51254
