3219
3289
3363
3436
3509
3580
3651
3721
3791
3860
3930
3999
4068
4137
4206
4275
4344
4413
4482
4551
4621
4690
4760
4831
4901
4973
5044
5116
5189
5262
5336
5411
5486
5563
5639
5717
5797
5877
5959
6043
6129
6216
6306
6397
6492
6588
6686
6787
6890
6993
7098
7204
7312
7421
7530
7640
7752
7863
7975
8087
8199
8312
8424
8535
8648
8761
8871
8982
9094
9203
9312
9420
9526
9632
9735
9837
9936
10034
10131
10333
10442
13752
13835
13926
14018
14111
14204
14297
14391
14484
14578
14670
14762
14855
14947
15037
15127
15217
15307
15397
15488
15577
15667
15756
15844
15933
16021
16110
16197
16285
16372
16459
16546
16632
16718
16804
16888
16972
17056
17138
17220
17302
17382
17462
17542
17621
17699
17777
17855
17932
18009
18085
18162
18238
18316
18401
18492
18584
20687
20760
20832
20903
20974
21046
21117
21190
21262
21338
21418
21507
21598
21692
23135
23218
23304
23392
23481
23572
23664
23759
23854
23950
24046
24143
24242
24341
24440
24541
24642
24745
24847
24951
25055
25159
25264
25370
25476
25582
25689
25796
25903
26011
26119
26226
26334
26442
26550
26659
26768
26877
26987
27096
27204
27313
27422
27531
27638
27747
27855
27963
28069
28175
28281
28386
28491
28596
28700
28803
28906
29008
29109
29210
29311
29413
29512
29612
29711
29811
29910
30009
30108
30207
30305
30403
30501
30599
30696
30792
30889
30985
31081
31176
31271
31365
31460
31554
31647
31741
31834
31927
32019
32110
32199
32288
32377
32466
32553
32641
32729
32816
32903
32990
33077
33163
33249
33335
33421
33507
33593
33678
33763
33848
33932
34017
34102
34187
34273
34360
34449
34541
36147
36219
36294
36368
36441
36515
36588
36660
36733
36806
36879
36951
37024
37097
37171
37244
37318
37392
37467
37542
37618
37694
37771
37849
37928
38008
38089
38171
38254
38340
38427
38515
38606
38698
38793
38888
38986
39086
39187
39290
39395
39501
39608
39717
39826
39936
40048
40160
40272
40383
40495
40606
40717
40828
40942
41066
41182
43809
43892
43979
44066
44153
44239
44325
44412
44500
44588
44676
44764
44852
44940
45029
45117
45205
45294
45382
45469
45557
45645
45732
45820
45906
45992
46078
46174
46269
46368
46469
46571
49995
50079
50170
50262
50355
50448
50542
50637
50731
50827
50922
51018
51113
51209
51303
51395
51486
51578
51670
51763
51855
51946
52037
52128
52219
52310
52401
52492
52582
52672
52762
52852
52942
53032
53122
53212
53302
53391
53481
53570
53659
53749
53838
53927
54017
54107
54196
54285
54374
54464
54554
54644
54734
54825
54917
55010
55104
55198
55294
55391
55490
55589
55689
55789
55889
57293
57380
57470
57561
57652
57744
57837
57930
58025
58120
58216
58311
58409
58506
58604
58703
58803
58903
59004
59107
59209
59313
59416
59521
59627
59733
59841
59949
60058
60167
60277
60389
60501
60613
60726
60840
60955
61070
61185
61302
61418
61536
61653
61769
61887
62003
62122
62239
62357
62475
62594
62711
62829
62946
63065
63183
63301
63418
63535
63654
63771
63887
64003
64118
64234
64349
64465
64579
64694
64809
64919
65041
65146
