1907
1984
2061
2137
2213
2288
2363
2438
2513
2588
2662
2737
2812
2887
2962
3037
3113
3189
3265
3341
3418
3495
3573
3652
3732
3812
3893
3976
4059
4145
4232
4320
4409
4500
4593
4687
4783
4880
4979
5080
5182
5285
5389
5493
5598
5703
5809
5915
6021
6128
6235
6343
6451
6560
6668
6777
6887
6996
7105
7214
7323
7432
7541
7649
7758
7867
7982
8095
8218
8343
11172
11260
11356
11453
11551
11651
11750
11849
11949
12048
12146
12245
12343
12439
12536
12635
12733
12831
12929
13027
13125
13221
13319
13416
13513
13610
13707
13805
13902
14000
14099
14199
14308
16327
16413
16531
16604
16710
16817
16908
19011
19095
19184
19274
19365
19456
19548
19640
19732
19824
19917
20009
20101
20194
20287
20380
20473
20568
20663
20757
20851
20946
21041
21138
21235
21333
21433
21533
21634
21736
21839
21942
22045
22150
22255
22360
22465
22572
22681
22789
22897
23007
23115
23224
23333
23444
23554
23665
23777
23888
23999
24110
24221
24332
24443
24554
24664
24775
24885
24994
25104
25214
25324
25433
25544
25654
25763
25873
25982
26091
26199
26308
26416
26524
26632
26739
26847
26953
27060
27165
27270
27374
27478
27582
27686
27791
27893
27995
28096
28197
28297
28397
28496
28596
28695
28794
28893
28992
29090
29188
29286
29384
29483
29586
31203
31296
31394
31492
31591
31690
31790
31891
31992
32094
32196
32299
32402
32506
32610
32714
32817
32921
33025
33128
33232
33335
33437
33539
33641
33743
33846
33950
34054
34159
34265
34378
34492
34619
34716
37395
37473
37567
37655
37742
37830
37918
38006
38095
38183
38271
38360
38448
38536
38623
38710
38797
38883
38969
39054
39139
39222
39306
39389
39471
39553
39635
39718
39800
39881
39964
40046
40131
40224
40318
40414
40515
44721
44820
44921
45020
45121
45222
45325
45427
45531
45635
45737
45841
45943
46044
46145
46246
46346
46446
46547
46647
46747
46847
46947
47047
47146
47245
47344
47443
47542
47641
47739
47839
47938
48037
48136
48235
48334
48434
48533
48633
48732
48832
48932
49032
49131
49231
49331
49431
49531
49632
49733
49833
49935
50037
50139
50242
50345
50450
50554
50659
50766
50875
50985
52734
52825
52920
53017
53114
53212
53310
53408
53506
53604
53704
53803
53903
54003
54104
54205
54306
54408
54511
54614
54717
54822
54925
55031
55135
55241
55347
55455
55563
55671
55781
55892
56004
56115
56227
56340
56453
56566
56679
56794
56909
57024
57140
57259
57375
57493
57611
57729
57847
57965
58083
58201
58319
58438
58556
58676
58795
58913
59033
59152
59269
59388
59506
59626
59744
59863
59982
60102
60222
60341
60461
60583
60704
60826
60951
61077
61205
61325
