3209
3293
3384
3472
3559
3642
3724
3805
3885
3965
4044
4122
4200
4277
4354
4431
4508
4584
4660
4737
4814
4890
4967
5045
5122
5201
5279
5358
5437
5516
5594
5672
5748
5823
5898
5971
6044
6115
6184
6253
6321
6388
6455
6521
6586
6652
6717
6781
6846
6910
6974
7037
7100
7163
7226
7289
7351
7414
7478
7544
7613
7684
7757
7831
10800
10885
10982
11079
11174
11270
11365
11460
11556
11652
11750
11848
11946
12045
12146
12246
12347
12448
12550
12651
12753
12855
12957
13059
13160
13262
13364
13466
13568
13671
13774
13879
13988
14103
14223
14350
14482
14616
14752
15927
16011
16116
16221
16330
16441
16552
16665
16785
16910
17042
17185
18404
18503
18600
18697
18796
18894
18994
19094
19193
19292
19391
19491
19590
19690
19789
19890
19990
20090
20190
20290
20391
20491
20591
20691
20791
20891
20991
21090
21189
21288
21387
21486
21585
21683
21780
21878
21974
22071
22167
22264
22359
22454
22550
22645
22741
22835
22929
23022
23116
23209
23303
23396
23491
23585
23680
23775
23870
23966
24063
24160
24257
24356
24455
24556
24656
24756
24857
24957
25057
25157
25258
25360
25462
25565
25669
25773
25878
25984
26093
26201
26309
26418
26527
26638
26749
26860
26972
27084
27197
27310
27424
27535
27644
27753
27861
27971
28081
28194
28309
28428
28552
28684
29835
29944
30054
30164
30274
30384
30495
30605
30716
30826
30937
31048
31159
31271
31383
31496
31609
31723
31837
31952
32067
32183
32299
32416
32533
32649
32763
32877
32997
33121
33248
33379
33513
33652
35099
35189
35287
35383
35477
35570
35664
35758
35852
35945
36038
36135
36240
36346
36457
36571
36686
36803
36924
37048
37179
37310
38981
39092
39202
39309
39415
39519
39624
39730
39837
39945
40054
40163
40273
40381
40489
40597
40705
40814
40922
41030
41139
41248
41356
41463
41571
41678
41784
41891
41998
42106
42214
42324
42434
42547
42660
42777
42895
43016
43141
43268
43398
43528
43660
43790
43920
44048
44171
44291
44409
44528
44648
44770
44893
45019
45146
45274
45405
45538
45672
45807
45945
46086
46225
46369
46513
46658
46806
46957
47110
47265
47421
47578
47736
47894
48054
48216
48374
48533
48692
48851
49010
49168
49325
49482
49637
49792
49947
50101
50259
50424
50606
50755
