1394
1481
1567
1651
1734
1817
1898
1980
2060
2140
2220
2300
2379
2459
2538
2617
2696
2774
2853
2932
3010
3088
3166
3245
3323
3401
3479
3557
3635
3713
3791
3870
3948
4026
4105
4183
4262
4341
4419
4501
4588
4676
4767
4860
4955
5052
5151
7296
7376
7462
7549
7638
7727
7816
7906
7996
8086
8175
8264
8353
8443
8533
8624
8715
8807
8899
8992
9086
9180
9274
9369
9465
9561
9657
9753
9849
9950
10055
10163
10274
10386
10499
10612
10726
10841
10958
11074
11191
11309
11941
12038
12137
12238
12341
12449
12555
12666
12782
12902
13024
13152
14125
14213
14311
14409
14508
14607
14707
14806
14906
15005
15105
15205
15305
15405
15506
15607
15708
15809
15911
16013
16114
16216
16318
16420
16522
16625
16727
16830
16933
17037
17142
17246
17350
17454
17558
17661
17765
17869
17973
18076
18179
18282
18384
18486
18587
18688
18789
18889
18989
19089
19190
19290
19390
19491
19591
19691
19792
19891
19988
20085
20182
20279
20376
20473
20570
20668
20765
20863
20961
21060
21160
21261
21368
21480
23175
23264
23362
23462
23563
23664
23766
23868
23971
24073
24177
24281
24386
24491
24596
24702
24808
24914
25020
25126
25232
25338
25444
25550
25658
25767
25878
25983
26092
26205
26318
26434
26552
26672
26794
26917
27042
27928
28018
28113
28208
28303
28398
28495
28593
28690
28788
28886
28984
29081
29178
29280
29383
29492
29603
29718
29833
29949
30066
30184
30304
30424
32076
32168
32267
32368
32469
32572
32675
32780
32887
32990
33090
33188
33284
33380
33476
33573
33670
33767
33864
33962
34060
34158
34256
34355
34455
34554
34654
34755
34856
34957
35059
35162
35267
35372
35480
35591
35703
35817
35932
36050
36169
36287
36405
36744
36847
36947
37047
37147
37246
37344
37442
37541
37640
37740
37842
37944
38048
38153
38259
38367
38476
38587
38699
38812
38927
39042
39159
39277
39397
39520
39646
39776
39911
40049
40192
40338
40489
40642
40798
40958
41119
41282
41449
41619
41785
41951
42115
42277
42439
42599
42758
42917
43073
43230
43384
43539
43693
43844
43994
44145
44297
44449
44601
44756
44911
