3332
3401
3477
3553
3628
3703
3778
3853
3927
4001
4074
4148
4221
4295
4368
4441
4514
4587
4661
4734
4808
4882
4956
5031
5106
5181
5256
5332
5409
5486
5564
5642
5722
5803
5885
5968
6053
6139
6226
6315
6406
6497
6590
6685
6782
6882
6984
7089
7195
7303
7410
7520
7628
7737
7845
7952
8058
8150
8243
8332
8440
8552
8666
8779
8893
9006
9119
9231
9343
9456
9571
9689
9808
9937
10053
13713
13803
13896
13991
14085
14180
14274
14368
14462
14557
14651
14746
14840
14935
15029
15124
15219
15313
15408
15502
15596
15691
15785
15880
15975
16069
16163
16257
16350
16443
16535
16628
16722
16823
16924
18867
18946
19026
19106
19186
19269
19358
19452
19552
21202
21288
21378
21468
21562
21656
21753
21851
21950
22051
22153
22256
22360
22465
22571
22679
22787
22896
23006
23116
23226
23336
23446
23557
23668
23780
23892
24005
24117
24229
24342
24453
24566
24678
24790
24902
25014
25126
25238
25349
25460
25572
25684
25795
25906
26017
26127
26238
26348
26459
26570
26681
26793
26903
27014
27124
27234
27344
27453
27562
27670
27777
27884
27991
28097
28203
28309
28414
28519
28624
28728
28832
28936
29038
29141
29243
29345
29446
29548
29649
29750
29851
29952
30052
30152
30253
30353
30452
30552
30652
30753
30856
30959
31063
31167
32112
32207
32305
32405
32506
32607
32709
32812
32915
33018
33122
33227
33331
33435
33540
33645
33749
33854
33960
34064
34169
34273
34377
34481
34585
34688
34791
34895
34997
35101
35205
35309
35413
35517
35625
35735
35848
35963
36078
36301
38445
38520
38609
38698
38786
38874
38962
39051
39139
39228
39317
39405
39493
39581
39668
39754
39840
39926
40012
40096
40180
40264
40346
40427
40508
40589
40671
40761
40851
40943
41037
41132
44828
44912
45014
45109
45204
45298
45394
45491
45588
45686
45786
45885
45984
46085
46186
46287
46389
46490
46589
46687
46786
46884
46984
47083
47183
47284
47385
47485
47586
47687
47788
47889
47989
48089
48190
48290
48391
48492
48592
48694
48796
48897
48997
49098
49199
49299
49400
49502
49603
49704
49805
49906
50007
50109
50210
50311
50412
50512
50613
50714
50816
50918
51020
51124
51228
51333
51438
51544
53229
53321
53415
53511
53608
53707
53805
53904
54004
54104
54204
54304
54405
54507
54610
54714
54820
54927
55035
55143
55251
55362
55472
55583
55695
55807
55919
56033
56146
56261
56374
56488
56603
56718
56833
56949
57064
57181
57298
57415
57531
57650
57765
57884
58000
58117
58235
58353
58470
58589
58706
58825
58941
59059
59177
59294
59412
59531
59647
59767
59886
60002
60126
60238
