2989
3090
3204
3324
3447
3570
3693
3818
3944
4070
4197
4325
4454
4585
4716
4847
4979
5112
5246
5381
5517
5656
5796
5940
6089
6252
8195
8323
8457
8594
8730
8865
8999
9131
9265
9396
9526
9654
9782
9907
10031
10154
10276
10397
10517
10636
10755
10872
10988
11103
11218
11329
11440
11553
11677
11808
11947
13743
13874
14018
14175
14348
14548
15454
15571
15716
15872
16037
16207
16381
16558
16735
16914
17094
17275
17453
17628
17804
17977
18149
18321
18492
18661
18831
18999
19170
19340
19507
19671
19833
19993
20152
20310
20465
20619
20772
20922
21073
21222
21369
21515
21662
21816
23054
23187
23328
23470
23613
23757
23899
24043
24187
24330
24471
24613
24762
24926
26531
26649
26793
26950
27112
27277
27444
27621
27802
27988
30477
30633
30805
30980
31160
31343
31528
31713
31897
32084
32270
32457
32641
32826
33011
33195
33379
33564
33756
33953
35507
35639
35793
35961
36129
36294
36456
36619
36780
36941
37103
37264
37426
37588
37752
37917
38084
38254
38427
38604
38780
38961
39145
39329
39517
39706
39895
40086
40280
40474
40671
40869
41069
41269
41468
41667
41868
42070
42270
42470
42672
42875
43077
