3271
3414
3569
3724
3877
4029
4179
4326
4471
4614
4757
4900
5040
5178
5314
5447
5579
5710
5839
5970
6097
6226
6356
6487
6618
6749
6879
7009
7139
7268
7397
7526
7654
7782
7911
8037
8164
8288
8413
8538
8662
8787
8912
9037
9165
9305
9442
9587
9741
11257
11416
11570
11723
11876
12027
12176
12324
12471
12614
12756
12896
13032
13165
13298
13425
13550
13672
13790
13906
14021
14133
14245
14356
14469
14586
14705
14825
14948
15073
15202
15337
16298
16405
16533
16669
16827
16970
17144
17317
18179
18317
18469
18624
18779
18937
19095
19254
19412
19570
19727
19882
20038
20192
20346
20500
20653
20807
20961
21115
21269
21423
21578
21733
21890
22048
22206
22364
22523
22682
22843
23005
23173
23347
23517
23687
23857
24030
24202
24376
24550
24726
24903
25079
25254
25430
25603
25775
25946
26116
26284
26453
26623
26793
26965
27144
27334
27540
28417
28574
28742
28909
29076
29247
29417
29589
29764
29939
30114
30289
30464
30640
30819
30992
31166
31339
31512
31683
31858
32044
32238
32439
32654
34553
34709
34870
35029
35186
35341
35493
35641
35788
35943
36094
36246
36400
36555
36710
36867
37027
37189
37357
37531
37712
37907
39320
39504
39695
39888
40081
40276
40463
40645
40821
40995
41169
41341
41512
41681
41852
42023
42196
42370
42542
42716
42891
43068
43248
43433
43626
43827
44040
44264
44498
45350
45510
45680
45847
46007
46161
46311
46459
46606
46755
46903
47051
47202
47355
47514
47674
47840
48014
48195
48383
48580
48784
48992
49198
49405
49621
49843
50069
50303
50548
50803
51059
51306
51566
51830
52107
52386
52626
52876
53116
53382
