1949
2063
2183
2305
2428
2550
2672
2793
2911
3029
3145
3261
3376
3490
3604
3717
3830
3942
4054
4165
4276
4386
4497
4607
4718
4828
4939
5051
5163
5277
5394
5516
5648
7713
7844
7983
8128
8282
8437
8591
8743
8900
9055
9207
9358
9507
9653
9798
9941
10084
10227
10369
10512
10656
10802
10949
11096
11243
11395
11560
11744
13381
13493
13654
13822
14000
14207
15522
15683
15862
16044
16228
16417
16608
16799
16994
17188
17384
17578
17771
17961
18147
18330
18510
18684
18855
19023
19189
19354
19518
19682
19845
20008
20171
20335
20493
20651
20809
20971
21133
21298
21463
21630
21797
21966
22133
22302
22469
22637
22803
22969
23134
23302
25146
25289
25441
25597
25753
25910
26067
26226
26385
26545
26704
26861
27015
27169
27331
29117
29265
29425
29589
29756
29928
30102
30281
30469
30658
33716
33853
34026
34198
34372
34552
34731
34910
35091
35272
35454
35636
35819
36004
36189
36376
36563
36751
36937
37125
37315
37513
39633
39749
39911
40078
40242
40403
40561
40717
40869
41020
41170
41319
41466
41613
41759
41907
42057
42208
42361
42515
42673
42834
42998
43165
43338
43514
43696
43883
44076
44272
44471
44671
44877
45081
45289
45497
45704
45909
46115
46317
46519
46716
46914
47107
47301
47494
47688
47882
48074
