11470
11624
11796
11979
12165
12356
12553
12759
13473
13619
13764
13903
14036
14164
14290
14412
14532
14650
14767
14881
14995
15107
15216
15325
15433
15540
15646
15751
15853
15956
16059
16160
16262
16364
16465
16566
16667
16769
16870
16972
17074
17176
17279
17381
17484
17586
17690
17793
17898
18005
18113
18222
18335
18454
18578
18709
18827
18953
21231
21325
21467
21616
21762
21906
22048
22190
22332
22474
22611
22747
22883
23020
23158
23295
23434
23574
23714
23857
23999
24143
24288
24433
24582
24734
24892
25053
25219
25383
25556
25729
27031
27181
27348
27515
27690
27872
28058
28247
28442
28635
28833
29962
30096
30274
30459
30647
30837
31032
31230
31430
31633
31838
32045
32254
32464
32676
32890
33106
33322
33540
33759
33977
34194
34406
34615
34823
35022
35213
35396
35576
35754
35929
36103
36277
36451
36626
36801
36977
37153
37329
37506
37684
37863
38042
38221
38400
38579
38755
38927
39098
39267
39436
39606
39779
39953
40124
40299
40480
40668
40864
41069
41275
41475
41669
41863
42054
42242
42429
42613
42795
42976
43156
43340
43528
43716
43905
44092
44277
44463
44650
44838
45027
45214
45401
45586
45775
45969
46161
46350
46543
46738
46936
47140
47854
47997
48151
48306
48456
48601
48744
48886
49029
49171
49315
49471
49619
49772
49929
50088
50251
50417
50587
50763
50945
51128
51316
51507
51697
53879
54024
54192
54359
54526
54694
54865
55037
55209
55375
55538
55695
55852
56008
56164
56321
56479
56639
56800
56962
57126
57290
57454
57619
57784
57949
58115
58282
58451
58622
58797
58974
59158
59347
59539
59734
59932
60130
60328
60523
60714
60900
61079
61252
61418
61576
61730
61884
62040
62198
62357
62514
62672
62828
62985
63143
63303
63466
63633
63808
63986
64176
64376
64587
64807
65035
65270
65512
65758
66015
66279
66550
66824
67100
67376
67646
67920
68191
68472
68740
68992
69252
69495
69757
70009
70273
70527
70780
