3723
3855
3994
4137
4282
4428
4573
4719
4865
5010
5156
5301
5445
5588
5730
5871
6011
6149
6285
6420
6554
6688
6820
6952
7083
7215
7346
7478
7609
7739
7869
7999
8129
8258
8388
8518
8648
8777
8906
9034
9162
9290
9418
9547
9675
9805
9944
10068
10204
10343
10487
10635
10790
10951
11600
11754
11911
12075
12247
12424
12605
12767
12931
13088
13245
13401
13555
13709
13862
14014
14162
14311
14457
14602
14745
14886
15024
15160
15295
15427
15557
15687
15816
15946
16075
16204
16332
16460
16589
16725
16860
16993
17134
17274
17415
17557
17699
17844
17990
18139
18290
18444
18601
18758
18914
19066
19209
19348
19496
19637
19780
19924
20069
20215
20364
20519
20671
20823
20980
21140
21305
21472
22129
22268
22414
22578
22745
22913
23081
23251
23422
23594
23767
23940
24114
24288
24463
24639
24814
24990
25166
25342
25517
25692
25864
26037
26208
26377
26546
26713
26880
27045
27212
27378
27542
27704
27868
28033
28198
28365
28533
28703
28877
29053
29230
29408
29583
29757
29930
30103
30276
30449
30623
30791
30958
31122
31283
31445
31605
31766
31925
32084
32244
32404
32567
32733
32899
33066
33234
33416
33597
33754
33912
34069
34224
34379
34531
34682
34829
34974
35116
35260
35402
35547
35693
35841
35991
36141
36295
36450
36608
36770
36936
37106
37279
37458
37641
37829
38018
38204
38389
38572
38754
38936
39118
39300
39485
39668
39853
40039
40225
40410
40578
40743
40909
41067
41223
41377
41530
41685
41842
41997
42150
42301
42450
42595
42740
42882
43025
43167
43310
43453
43596
43742
43899
44044
44199
44356
44514
44677
44843
45012
45184
45360
45538
45715
45892
46069
46248
46421
46593
46771
46954
47141
47306
47456
47620
47785
47951
48116
48281
48445
48602
48755
48910
49064
49219
49374
49528
49680
49833
49985
50138
50292
50446
50601
50755
50910
51063
51215
51367
51520
51674
51828
51982
52136
52290
52447
52609
52777
52950
53128
53307
54184
54336
54496
54659
54827
54996
55167
55340
55515
55693
55871
56053
56236
56423
56615
56813
57014
57217
57418
57618
57813
58025
58209
58423
58609
58816
58997
59217
59391
59617
59794
60008
60201
60408
60585
60797
60996
61197
61403
61606
61814
62012
62212
62406
62600
