2431
2561
2720
2878
3042
3361
3506
3653
3800
3944
4087
4230
4372
4514
4656
4797
4938
5077
5214
5350
5485
5619
5751
5883
6014
6144
6274
6403
6532
6660
6789
6917
7045
7173
7301
7428
7554
7680
7805
7929
8052
8174
8295
8417
8538
8659
8781
8904
9026
9150
9276
9408
9536
9666
9805
9951
10105
12131
12274
12428
12579
12728
12876
13023
13169
13317
13465
13611
13757
13902
14045
14185
14321
14457
14592
14724
14855
14983
15110
15235
15359
15483
15606
15728
15851
15974
16102
16235
16365
16504
16643
16786
16931
17077
17223
17372
17524
17685
17837
18002
18160
18914
19050
19191
19333
19475
19619
19765
19917
20076
20235
20394
20559
20729
20898
21073
21255
21578
21729
21899
22070
22244
22421
22600
22781
22964
23149
23335
23521
23708
23899
24089
24282
24474
24665
24855
25043
25229
25417
25606
25793
25977
26160
26339
26516
26691
26866
27038
27209
27380
27550
27722
27897
28075
28251
28427
28604
28782
28958
29133
29309
29484
29657
29831
30000
30168
30335
30496
30655
30814
30971
31130
31288
31446
31603
31763
31923
32087
32256
34074
34196
34340
34479
34625
34772
34920
35069
35220
35372
35525
35679
35836
35995
36159
36328
36502
36681
36863
37049
37236
37422
37610
37801
37988
38173
38356
38537
38720
38902
39090
39284
39482
39683
39864
40043
40221
40392
40552
40714
40873
41032
41190
41346
41500
41651
41801
41950
42097
42244
42389
42533
42676
42830
42971
43120
43272
43427
43582
43741
43902
44069
44238
44410
44585
44765
44939
45111
45287
45464
45646
45834
46194
46345
46511
46677
46841
47004
47159
47314
47470
47626
47783
47939
48095
48252
48410
48568
48729
48891
49054
49218
49383
49546
49710
49874
50038
50203
50369
50541
50718
50901
51091
51291
52197
52362
52535
52711
52889
53070
53256
53446
53638
53834
54032
54235
54441
54634
54857
55077
55263
55513
55679
55907
56117
56343
56564
56788
57010
57228
57448
57670
57887
58113
58338
58566
58792
59019
59238
59456
59671
59890
60099
