1841
1929
2050
2165
2278
2388
2497
2606
2713
2821
2927
3034
3141
3248
3354
3461
3569
3678
3788
3899
4010
4123
4238
4356
4475
4598
4722
4850
4980
5113
5249
5390
5534
5682
5832
5987
6145
6308
6475
6647
6824
7006
7193
7379
7565
7747
7927
8103
8276
8445
8614
8790
8967
11495
11623
11754
11888
12022
12156
12291
12427
12565
12702
12845
12984
13122
13259
13396
13531
13666
13800
13933
14065
14195
14324
14454
14586
14721
14866
15006
15158
15311
15466
15620
15768
16965
17085
17216
17349
17492
17634
17779
17930
18080
18225
18387
18512
19939
20052
20176
20299
20424
20552
20681
20810
20941
21073
21206
21340
21475
21611
21750
21890
22032
22176
22323
22471
22622
22775
22931
23089
23248
23410
23573
23737
23900
24062
24224
24388
24552
24719
24891
25058
25219
25378
25532
25684
25833
25981
26127
26271
26413
26553
26691
26828
26964
27099
27237
27372
27505
27638
27770
27902
28035
28170
28306
28444
28583
28723
28863
29005
29153
29310
29484
30769
30929
31108
31295
31498
31709
31922
32134
32349
32565
32782
32994
33205
33415
33622
33821
34015
34203
34389
34574
34753
34927
35098
35265
35436
35606
35783
35958
36123
36287
36448
38098
38191
38315
38441
38567
38692
38815
38939
39063
39188
39312
39436
39561
39687
39822
39946
40080
40220
40365
40513
44159
44272
44402
44533
44664
44796
44930
45063
45196
45330
45466
45603
45737
45870
46003
46138
46272
46408
46544
46680
46817
46954
47091
47229
47367
47505
47644
47783
47923
48062
48202
48344
48487
48633
48781
48932
49083
49237
49392
49547
49701
50392
50526
50665
50801
50935
51071
51208
51346
51485
51627
51771
51917
52064
52214
52367
52520
52677
52836
52998
53164
53333
53506
53685
53871
54060
54257
54460
54670
54885
55102
55324
55549
55777
56005
56229
56450
56672
56890
57106
57320
57531
57747
