3225
3307
3398
3486
3572
3657
3741
3825
3908
3990
4072
4153
4233
4313
4392
4472
4550
4629
4708
4786
4865
4943
5022
5101
5180
5259
5337
5416
5494
5571
5647
5723
5798
5872
5944
6016
6087
6157
6226
6296
6364
6433
6501
6568
6635
6703
6770
6837
6904
6971
7038
7107
7178
7253
7335
7421
7507
9464
9564
9670
9773
9873
9971
10068
10165
10260
10355
10449
10543
10637
10733
10829
10924
11019
11115
11212
11309
11407
11504
11604
11703
11802
11902
12003
12104
12206
12306
12408
12509
12610
12712
12814
12916
13019
13121
13225
13329
13436
13546
13660
13778
13899
14022
14146
14271
14397
15241
15339
15444
15552
15660
15767
15877
15991
16112
16240
17108
17194
17300
17403
17504
17604
17705
17806
17906
18007
18108
18208
18309
18409
18510
18610
18710
18810
18910
19010
19110
19210
19310
19410
19511
19611
19711
19810
19910
20009
20108
20206
20305
20403
20501
20598
20696
20792
20889
20986
21082
21178
21273
21369
21464
21559
21654
21749
21845
21940
22036
22132
22229
22327
22424
22522
22622
22722
22822
22923
23024
23126
23229
23332
23434
23538
23641
23746
23851
23956
24067
24179
24290
24402
24516
24629
24742
24858
24976
25092
25209
25322
25434
25544
25653
25762
25871
25979
26091
26202
26317
26435
26557
26682
26809
26936
27062
27182
27299
27413
27526
27638
27750
27864
27976
28088
28201
28313
28427
28540
28654
28770
28887
29004
29122
29239
29357
29474
29592
29710
29827
29944
30062
30179
30295
30409
30524
30638
30753
30871
30991
31113
31237
31361
31487
31613
31742
31873
33038
33139
33237
33331
33423
33516
33608
33701
33793
33886
33980
34076
34180
34284
34391
34499
34608
34718
34827
34938
35049
35162
35275
35391
35509
35628
35749
35875
37400
37501
37613
37720
37826
37931
38038
38145
38252
38360
38468
38578
38688
38797
38907
39016
39125
39234
39344
39453
39561
39670
39778
39886
39994
40101
40209
40317
40425
40534
40643
40753
40863
40974
41085
41199
41313
41429
41546
41664
41783
41903
42025
42147
42270
42394
42518
42643
42767
42892
43015
43137
43259
43378
43497
43615
43734
43855
43976
44100
44225
44351
44478
44608
44738
44871
45006
45141
45278
45416
45556
45697
45838
45980
46120
46261
46403
46544
46685
46827
46971
47115
47262
47409
47558
47710
47864
48021
48179
48337
48498
48657
48817
48975
49129
49283
49437
49594
49755
49911
