3271
3352
3440
3524
3603
3681
3757
3830
3902
3974
4045
4115
4186
4255
4324
4394
4463
4532
4600
4669
4737
4805
4874
4943
5012
5081
5151
5221
5291
5363
5435
5507
5581
5656
5731
5808
5886
5966
6047
6131
6217
6304
6395
6487
6582
6680
6778
6881
6985
7091
7199
7309
7423
7538
7656
7773
7891
8009
8127
8246
8365
8484
8603
8721
8839
8956
9073
9187
9301
9415
9527
9639
9749
9859
9969
10078
10186
10296
10413
10540
12302
12516
12627
12736
12845
12955
13065
13175
13284
13393
13501
13610
13718
13827
13936
14044
14152
14259
14365
14472
14577
14681
14785
14888
14990
15091
15192
15292
15391
15490
15588
15684
15780
15874
15969
16068
16182
17885
17955
18046
18130
18212
18294
18374
18455
18537
18622
18710
18804
18905
19011
19123
19237
20663
20738
20837
20933
21028
21122
21216
21311
21406
21502
21599
21697
21795
21894
21994
22095
22196
22297
22399
22502
22606
22711
22817
22923
23030
23136
23243
23349
23456
23563
23671
23778
23886
23993
24101
24209
24316
24423
24530
24636
24743
24850
24957
25064
25171
25278
25386
25494
25602
25711
25820
25929
26038
26146
26253
26359
26467
26573
26681
26788
26896
27005
27114
27223
27331
27440
27549
27658
27767
27875
27984
28093
28201
28310
28418
28526
28636
28746
28854
28962
29071
29179
29287
29395
29503
29610
29716
29823
29929
30036
30142
30248
30355
30463
30573
30689
30812
30941
32147
32242
32340
32435
32529
32621
32713
32805
32896
32987
33078
33170
33261
33353
33446
33539
33635
33732
33833
33937
34043
34151
34261
34372
34485
34599
34718
34839
34964
35090
35217
35346
35475
35605
35741
35879
36013
36149
36288
36432
36583
36732
36888
37881
37970
38075
38179
38279
38378
38476
38574
38671
38768
38865
38961
39057
39152
39247
39342
39444
39549
39659
39772
39891
40018
40125
43077
43162
43271
43375
43478
43580
43680
43781
43881
43981
44082
44184
44286
44391
44497
44604
44707
44807
44906
45004
45103
45202
45302
45402
45503
45604
45706
45807
45908
46009
46111
46213
46315
46418
46521
46624
46728
46833
46937
47042
47147
47253
47358
47463
47568
47673
47779
47884
47990
48097
48204
48312
48420
48530
48640
48752
48865
48980
49097
49215
49336
49459
49584
49712
49842
49974
50103
50232
50336
50451
50565
50676
50784
50891
50998
51107
51217
51329
51443
51558
51677
51799
51922
52048
52176
52306
52440
52575
52711
52851
52994
53138
53285
53432
53583
53736
53893
54050
54209
54369
54530
54693
54857
55022
55188
55355
55521
55688
55854
56019
56185
56350
56516
56680
56843
57008
57171
57333
57493
57654
57816
57981
58152
58305
