1949
2086
2227
2367
2507
2646
2783
2920
3057
3193
3329
3466
3602
3737
3872
4006
4141
4275
4408
4540
4671
4801
4931
5060
5189
5318
5447
5575
5703
5831
5958
6085
6211
6339
6466
6593
6721
6853
6986
7110
7241
7376
7514
7657
7805
7963
9263
9416
9571
9725
9874
10020
10165
10308
10452
10596
10738
10881
11023
11165
11307
11447
11585
11723
11860
11995
12130
12263
12394
12524
12653
12781
12909
13038
13166
13293
13420
13546
13672
13800
13932
14060
14195
14333
14474
14617
14759
14901
15046
15195
15343
15492
15640
15790
15941
16094
16249
16406
16557
16694
16842
16984
17126
17269
17413
17559
17710
17866
18019
18172
18334
18500
18663
18839
19986
20135
20297
20459
20624
20793
20963
21137
21313
21490
21669
21847
22030
22212
22394
22576
22759
22941
23125
23305
23486
23666
23845
24020
24197
24370
24545
24718
24889
25058
25229
25403
25577
25750
25923
26095
26267
26441
26614
26789
26961
27134
27305
27474
27642
27806
27970
28131
28290
28446
28602
28757
28912
29065
29219
29374
29527
29678
29827
29976
30124
30272
30421
30569
30719
30868
31018
31170
31325
32513
32667
32824
32977
33129
33279
33430
33583
33738
33894
34053
34213
34374
34535
34696
34860
35027
35196
35369
35541
35715
35893
36074
36263
36455
36656
36852
37053
37252
37452
37649
37848
38047
38248
38447
38648
38851
39048
39241
39430
39616
39804
40719
40877
41034
41189
41341
41490
41636
41780
41921
42062
42201
42339
42475
42611
42747
42883
43019
43167
43298
43438
43583
43732
43885
44043
44205
44374
44551
44736
45274
45450
45626
45811
46891
47050
47218
47383
47548
47711
47868
48019
48173
48328
48483
48639
48797
48953
49109
49264
49421
49579
49737
49896
50057
50219
50383
50547
50710
50873
51037
51201
51367
51535
51704
51874
52047
52224
52403
52586
52773
52965
53157
53349
53537
53722
54419
54572
54730
54886
55042
55199
55357
55517
55678
55842
56008
56178
56351
56527
56709
56895
57083
57275
57474
57676
57891
58112
58348
58566
58819
59043
59302
59564
59804
60047
60280
60512
60746
60986
61230
61474
61720
61967
62215
62467
62715
62954
63196
63437
63683
63933
