11648
11775
11911
12046
12178
12308
12436
12563
12687
12811
12933
13054
13173
13293
13411
13529
13646
13764
13880
13996
14112
14228
14344
14461
14578
14696
14814
14931
15048
15166
15283
15401
15517
15635
15754
15872
15991
16111
16230
16352
16477
16610
16742
16882
17031
19560
19710
19868
20026
20183
20340
20500
20658
20812
20966
21120
21274
21428
21582
21738
21894
22051
22208
22366
22528
22695
22871
23048
23228
23411
25335
25469
25643
25826
26017
26216
26422
26631
27794
27945
28128
28312
28501
28690
28878
29065
29253
29443
29633
29822
30009
30196
30382
30569
30755
30942
31126
31311
31493
31673
31852
32029
32205
32379
32553
32727
32899
33070
33243
33416
33591
33768
33947
34128
34310
34493
34676
34859
35045
35230
35417
35600
35782
35963
36144
36324
36504
36686
36874
37071
37271
37480
37694
37886
38091
38273
38456
38643
38835
39028
39221
39414
39607
39800
39991
40181
40372
40562
40751
40936
41120
41304
41494
41686
41883
42080
42282
42486
43225
43387
43558
43729
43894
44058
44220
44383
44544
44708
44881
45047
45220
45398
45578
45762
45946
46133
46324
46516
46709
46905
47106
47309
48269
48425
48603
48781
48959
49136
49316
49498
49678
49853
50026
50196
50368
50541
50715
50890
51067
51245
51422
51601
51782
51962
52145
52331
52519
52716
52914
53117
53325
53535
53742
53941
54132
54314
54494
54669
54844
55019
55190
55365
55542
55717
55897
56076
56257
56438
56621
56808
56998
57190
57386
57587
57793
58006
58234
58470
58709
58956
59217
59485
59756
60030
60304
60595
60873
61155
61436
61716
61987
62246
62720
