7647
7883
8022
8185
8353
8491
8637
8793
8961
9142
10532
10674
10816
10949
11090
11230
11372
11514
11657
11800
11943
12086
12227
12366
12503
12638
12771
12904
13037
13170
13302
13433
13563
13690
13813
13935
14056
14176
14296
14417
14540
14664
14789
14916
15047
15185
15334
15482
15645
15824
17439
17592
17761
17934
18110
18284
18462
18637
18810
18976
19141
19302
19457
19608
19753
19892
20028
20161
20291
20420
20548
20674
20799
20923
21046
21169
21294
21424
21560
21693
21832
21973
22117
23473
23594
23735
23889
24053
24219
24396
24583
24779
24989
25523
25683
25843
26006
26173
26341
26509
26678
26849
27019
27189
27358
27528
27697
27866
28033
28200
28365
28531
28696
28861
29025
29190
29355
29522
29689
29858
30028
30200
30376
30565
30749
30931
31111
31293
31476
31661
31847
32033
32217
32399
32580
32762
32941
33121
33299
33476
33653
33829
34003
34181
34362
34562
34785
35005
35212
35401
35587
35769
35949
36129
36311
36496
36682
36868
37055
37240
37423
37608
37794
37978
38164
38347
38531
38712
38892
39082
39280
39493
40870
41027
41186
41342
41497
41653
41807
41962
42128
42288
42455
42621
42785
42949
43111
43274
43437
43605
43780
43966
45228
45387
45560
45733
45909
46087
46269
46448
46623
46794
46966
47141
47317
47493
47668
47844
48019
48194
48370
48546
48723
48904
49091
49283
49482
49688
49911
50141
50369
50585
50779
50963
51148
51324
51497
51672
51845
52019
52195
52370
52545
52722
52900
53080
53264
53451
53640
53835
54038
54244
54454
54670
54885
55114
55351
55606
55864
56127
56391
56650
56909
57143
57408
57654
57900
58149
