3129
3217
3306
3394
3480
3565
3648
3730
3811
3890
3969
4046
4124
4201
4277
4353
4429
4505
4580
4655
4729
4804
4878
4952
5025
5099
5172
5245
5318
5390
5462
5533
5605
5676
5747
5817
5887
5955
6024
6093
6161
6228
6296
6362
6428
6494
6559
6625
6689
6754
6819
6883
6947
7012
7077
7145
7214
7286
7360
7438
7519
9342
9429
9530
9630
9731
9829
9927
10023
10117
10209
10300
10390
10480
10569
10658
10747
10835
10920
11006
11094
11182
11271
11362
11453
11544
11635
11728
11820
11913
12005
12099
12193
12288
12383
12477
12573
12668
12763
12859
12955
13051
13147
13244
13342
13443
13548
13659
13773
13891
14011
14132
14254
14379
15201
15294
15396
15499
15602
15705
15807
15913
16023
16138
16257
16380
16508
17326
17407
17508
17607
17704
17801
17898
17996
18094
18192
18290
18389
18488
18586
18685
18784
18884
18983
19083
19184
19285
19386
19487
19588
19689
19791
19893
19996
20098
20201
20304
20406
20508
20610
20712
20814
20915
21015
21115
21215
21314
21411
21508
21605
21701
21796
21890
21985
22078
22171
22263
22355
22447
22539
22631
22723
22815
22907
23000
23093
23187
23282
23378
23474
23570
23667
23764
23861
23958
24056
24154
24252
24351
24449
24549
24649
24749
24853
24957
25060
25162
25266
25370
25476
25583
25690
25797
25905
26013
26121
26229
26337
26445
26553
26661
26769
26878
26991
27107
27226
27348
27472
27598
27723
27844
27956
28065
28174
28282
28390
28497
28604
28711
28819
28927
29036
29145
29254
29364
29473
29583
29692
29801
29911
30021
30130
30240
30349
30458
30567
30677
30786
30896
31005
31114
31222
31330
31438
31550
31664
31780
31897
32015
32134
32255
32377
32502
32628
32757
33906
33999
34092
34183
34274
34365
34455
34545
34636
34725
34815
34905
34993
35082
35176
35277
35380
35486
35594
35704
35814
35925
36038
36152
36271
38388
38493
38597
38698
38800
38901
39002
39104
39207
39310
39414
39518
39624
39730
39835
39941
40046
40152
40258
40364
40469
40574
40678
40782
40886
40989
41093
41197
41301
41405
41509
41615
41720
41826
41932
42039
42147
42257
42368
42481
42596
42712
42830
42950
43071
43194
43317
43438
43558
43674
43789
43902
44012
44121
44231
44342
44455
44570
44686
44804
44923
45043
45165
45289
45415
45542
45671
45801
45931
46063
46198
46335
46473
46612
46752
46892
47035
47180
47329
47479
47631
47785
47942
48101
48261
48424
48589
48754
48922
49091
49257
49425
49591
49754
49915
50078
50244
50406
50557
