3292
3404
3520
3642
3763
3882
4001
4120
4237
4353
4468
4583
4697
4811
4925
5038
5152
5266
5380
5495
5612
5730
5850
5972
6096
6221
6351
6484
6620
6759
6905
7058
7221
9111
9232
9366
9506
9646
9784
9922
10059
10199
10337
10473
10607
10739
10868
10994
11119
11241
11362
11484
11603
11721
11838
11954
12068
12182
12293
12404
12515
12631
12753
12887
13029
13187
14749
14854
14996
15159
15325
15505
15708
17034
17184
17355
17533
17713
17894
18076
18259
18443
18625
18808
18990
19171
19349
19525
19699
19870
20036
20197
20355
20510
20664
20815
20965
21114
21261
21410
21555
21701
21847
21993
22141
22288
22438
22588
22740
22893
23046
23201
23357
23512
23668
23825
23981
24136
24291
24447
24611
26071
26211
26360
26513
26666
26818
26970
27123
27277
27431
27584
27737
27888
28039
28188
28337
28489
28652
28822
30417
30568
30739
30911
31085
31260
31435
31611
31787
31974
32162
35077
35241
35422
35611
35786
35964
36146
36327
36507
36689
36869
37051
37232
37414
37596
37779
37963
38146
38327
38509
38692
38876
39061
39246
39432
39620
39805
41666
41809
41976
42144
42309
42472
42634
42793
42950
43105
43258
43409
43559
43708
43856
44006
44156
44308
44462
44617
44776
44935
45098
45264
45431
45601
45772
45945
46121
46299
46479
46661
46846
47033
47223
47411
47602
47790
47977
48164
48351
48539
48728
48918
49107
49297
49491
49696
