9683
9762
9853
9937
10023
10107
10191
10274
10357
10440
10522
10604
10686
10769
10850
10931
11013
11093
11174
11255
11336
11416
11497
11578
11659
11740
11821
11903
11984
12066
12147
12229
12311
12393
12478
12567
12659
12753
12850
12950
13052
13159
15277
15360
15453
15548
15646
15744
15842
15940
16037
16134
16232
16330
16428
16526
16625
16725
16825
16925
17026
17129
17231
17334
17438
17542
17647
17756
17868
17983
18100
18219
18340
18460
18581
18700
19839
19925
20025
20127
20235
20344
20452
20567
20686
20812
21939
22029
22128
22228
22328
22430
22532
22635
22737
22840
22944
23048
23154
23260
23368
23477
23587
23699
23812
23927
24044
24162
24281
24402
24523
24645
24767
24889
25010
25131
25250
25368
25486
25603
25718
25833
25948
26061
26172
26281
26390
26498
26605
26711
26817
26923
27028
27133
27238
27343
27448
27553
27658
27763
27866
27968
28071
28174
28278
28382
28486
28591
28695
28800
28906
29016
29131
30388
30483
30582
30684
30787
30891
30996
31101
31206
31312
31418
31524
31629
31735
31841
31947
32052
32156
32260
32364
32467
32571
32676
32784
32888
32993
33103
33215
33330
33447
33567
34651
34733
34828
34923
35023
35123
35224
35324
35425
35525
35627
35728
35830
35935
36041
36154
36268
36384
36500
36616
36733
36851
36970
37090
38310
38403
38505
38610
38719
38831
38939
39043
39145
39245
39345
39445
39545
39644
39744
39843
39943
40042
40142
40242
40342
40442
40543
40644
40745
40847
40950
41054
41160
41266
41374
41482
41591
41700
41811
41923
42036
42150
42679
42770
42863
42956
43049
43143
43237
43332
43426
43521
43616
43712
43808
43904
44001
44099
44197
44295
44394
44494
44594
44697
44800
44906
45013
45124
45237
45352
45472
45596
45726
45860
45999
46143
46291
46443
46598
46756
46914
47074
47232
47390
47547
47702
47857
48011
48164
48317
48471
48624
48778
48932
49085
49236
49385
49534
49683
49833
49985
