3283
3359
3436
3513
3588
3662
3737
3811
3886
3961
4035
4110
4184
4259
4334
4408
4484
4558
4633
4707
4782
4856
4930
5004
5077
5150
5222
5294
5366
5437
5508
5579
5649
5719
5789
5859
5928
5998
6067
6137
6206
6276
6345
6414
6483
6552
6620
6689
6757
6825
6893
6961
7029
7097
7164
7233
7300
7368
7437
7505
7574
7643
7712
7780
7849
7918
7986
8055
8124
8193
8262
8331
8404
8484
8566
8652
8741
8836
10004
10075
10148
10223
10297
10371
10447
10526
10615
10697
10780
10861
10943
11023
11104
11185
11266
11347
11428
11509
11591
11673
11754
11835
11917
12000
12084
12167
12249
12331
12413
12495
12577
12659
12741
12824
12906
12990
13073
13158
13243
13328
13414
13499
13585
13671
13756
13842
13927
14011
14095
14179
14262
14345
14429
14513
14601
14696
14796
14900
15010
16632
16718
16812
16904
16996
17086
17173
17258
17346
17438
17536
17639
17748
17862
17979
19059
19141
19227
19311
19392
19473
19555
19637
19720
19802
19884
19967
20050
20133
20215
20298
20380
20463
20546
20630
20713
20796
20880
20963
21047
21130
21214
21296
21379
21461
21543
21624
21706
21788
21869
21949
22030
22110
22191
22271
22351
22432
22512
22592
22672
22751
22830
22910
22989
23068
23146
23225
23303
23382
23461
23541
23622
23703
23785
23866
23947
24028
24110
24192
24275
24358
24441
24525
24609
24694
24780
24866
24952
25040
25128
25216
25305
25395
25486
25577
25671
25766
25860
25954
26049
26144
26239
26336
26432
26529
26626
26725
26825
26925
27028
27132
27237
27345
27454
27565
27676
27789
27904
28027
28162
29411
29507
29622
29737
29850
29963
30078
30192
30307
30422
30538
30655
30771
30887
31003
31119
31235
31351
31466
31582
31696
31810
31922
32031
32138
32244
32351
32457
32564
32670
32776
32883
32988
33093
33199
33304
33411
33519
33627
33740
33859
33983
34111
34244
34385
35375
35465
35570
35674
35776
35875
35973
36071
36170
36270
36370
36471
36572
36674
36775
36877
36978
37080
37182
37282
37377
37479
37586
37696
37808
37922
38037
38153
38272
38388
38503
38623
38713
38816
38935
39050
39168
39288
41434
41516
41613
41708
41800
41891
41981
42071
42160
42251
42342
42434
42527
42623
42722
42822
42923
43020
43111
43201
43293
43384
43475
43567
43660
43753
43848
43943
44038
44135
44231
44328
44424
44520
44616
44712
44809
44905
45001
45098
45194
45291
45388
45484
45580
45676
45772
45866
45961
46055
46149
46242
46335
46428
46520
46613
46705
46798
46890
46982
47074
47167
47260
47354
47451
47549
47650
47754
47860
47969
48079
48192
48306
48424
48543
48663
48784
48904
49011
49108
49217
49325
49431
49533
49631
49728
49824
49920
50017
50112
50208
50303
50399
50494
50590
50686
50782
50879
50976
51075
51174
51273
51374
51477
51581
51686
51792
51901
52011
52123
52236
52351
52467
52586
52707
52830
52955
53083
53214
53349
53487
53629
53773
53918
54065
54212
54361
54510
54658
54807
54957
55106
55256
55405
55554
55700
55847
55994
56139
56284
56429
56574
56718
56861
57006
57149
57295
57443
57597
