3531
3669
3814
3951
4087
4220
4352
4480
4606
4731
4853
4974
5092
5210
5325
5440
5553
5665
5776
5886
5995
6103
6210
6317
6423
6529
6634
6740
6846
6951
7058
7164
7270
7377
7483
7589
7696
7803
7910
8017
8125
8233
8343
8458
8574
8690
8816
8942
11580
11717
11857
11998
12140
12283
12427
12572
12719
12859
13000
13142
13285
13428
13571
13716
13863
14012
14161
14311
14463
14616
14771
14928
15089
15257
15429
15606
15777
15947
16124
16294
17760
17916
18075
18241
18416
18596
18781
18971
20152
20292
20447
20602
20757
20910
21064
21216
21367
21517
21666
21815
21963
22110
22256
22401
22546
22690
22833
22974
23115
23256
23396
23536
23676
23816
23955
24093
24230
24364
24498
24632
24767
24903
25042
25183
25326
25472
25620
25771
25924
26078
26235
26392
26550
26708
26866
27025
27186
27354
27518
27686
27854
28024
28194
28365
28536
28707
28881
29059
29238
29427
29617
29803
29986
30166
30345
30523
30701
30881
31062
31242
31423
31605
31787
31972
32157
32341
32525
32710
32896
33082
33266
33449
33631
33817
34006
34193
34384
35717
35857
36002
36142
36280
36418
36554
36689
36823
36962
37107
37239
37382
37526
37671
37818
37966
38113
38261
38407
38553
38702
38854
39010
39170
39334
39502
40148
40291
40446
40602
40759
40916
41074
41235
41397
41554
41709
41861
42012
42162
42313
42465
42617
42770
42924
43079
43234
43390
43545
43702
43859
44016
44175
44336
44501
44668
44840
45017
45203
45395
45593
45788
45978
46159
46334
46507
46676
46844
47010
47175
47341
47508
47674
47844
48015
48187
48360
48536
48714
48897
49086
49276
49470
49672
49876
50087
50302
50524
50750
50982
51216
51456
51704
51960
52217
52481
52743
53001
53257
53516
53770
54022
54270
54519
54790
