870
996
1124
1258
1396
2618
2709
2800
2889
2977
3063
3149
3234
3317
3401
3483
3566
3648
3731
3813
3895
3977
4058
4137
4217
4294
4370
4445
4519
4592
4664
4736
4806
4876
4945
5014
5082
5150
5217
5284
5351
5418
5484
5550
5616
5682
5748
5814
5879
5944
6009
6075
6140
6205
6270
6337
6412
6490
6569
6650
6733
6818
8270
8348
8432
8520
8613
8710
8807
8903
8997
9088
9178
9267
9356
9445
9535
9624
9715
9806
9898
9990
10084
10178
10274
10372
10471
10570
10670
10770
10869
10968
11068
11167
11266
11366
11466
11566
11666
11765
11865
11964
12071
12181
12294
12410
12530
12654
12781
12914
13053
14153
14249
14357
14464
14572
14681
14793
14907
15020
15137
15259
15385
15516
15657
16867
16967
17072
17177
17283
17389
17495
17602
17710
17818
17925
18033
18142
18251
18361
18472
18583
18694
18806
18918
19030
19143
19256
19370
19484
19598
19713
19828
19943
20058
20173
20287
20402
20518
20633
20750
20871
20990
21108
21224
21340
21457
21573
21690
21807
21924
22041
22158
22275
22392
22510
22628
22747
22864
22985
23102
23219
23334
23448
23560
23671
23780
23888
23993
24099
24201
24300
24397
24489
24582
24683
24792
24909
25036
26138
26253
26375
26497
26620
26746
26873
27003
27135
27269
27406
27546
27688
27833
27980
28128
28278
28429
28582
28734
28884
29032
29177
29320
29462
29603
29741
29880
30018
30155
30293
30435
30581
30732
30895
32105
32205
32305
32404
32502
32599
32695
32790
32885
32978
33070
33164
33264
33369
33476
33586
33699
33816
33939
36976
37081
37188
37295
37402
37510
37619
37728
37838
37947
38056
38164
38270
38372
38472
38570
38668
38766
38865
38964
39064
39164
39265
39366
39469
39572
39675
39779
39884
39989
40094
40199
40305
40411
40517
40623
40730
40837
40945
41055
41165
41277
41392
41510
41630
41753
41880
42011
42145
42280
42419
42560
42700
42842
42988
43126
43255
43372
43486
43603
43718
43831
43941
44051
44160
44269
44378
44487
44596
44705
44813
44921
45028
45137
45246
45355
45465
45576
45688
45801
45915
46031
46149
46268
46389
46511
46636
46763
46894
47027
47165
47305
47447
47594
47745
47897
48052
48207
48364
48523
48681
48837
48994
49153
49312
49470
49621
49775
49929
50090
50266
50454
