4879
5015
5152
5289
5420
5552
5684
5811
5937
6060
6184
6306
6427
6548
6667
6786
6903
7020
7135
7250
7365
7480
7595
7710
7825
7940
8053
8166
8278
8390
8501
8612
8723
8834
8945
9055
9167
9279
9391
9505
9619
9736
9863
9994
10130
10274
10432
10584
12182
12311
12453
12595
12734
12876
13016
13153
13288
13425
13559
13690
13817
13945
14070
14192
14312
14428
14543
14657
14769
14880
14988
15095
15201
15305
15407
15508
15608
15712
15809
15916
17682
17793
17913
18038
18177
18330
18489
18664
18856
20279
20437
20601
20767
20931
21099
21268
21439
21608
21776
21941
22101
22262
22423
22584
22743
22901
23059
23216
23373
23530
23687
23843
24000
24155
24310
24464
24616
24767
24917
25068
25218
25368
25519
25671
25827
25985
26148
26322
26500
26682
26862
27041
27220
27400
27581
27762
27943
28125
28306
28488
28671
28854
29036
29214
29392
29569
29745
29920
30094
30267
30439
30613
30792
30980
31186
31400
32246
32410
32579
32751
32923
33096
33269
33441
33616
33793
33973
34155
34337
34522
34708
34896
35084
35272
35460
35647
35837
36033
36232
36435
36638
36843
37063
37285
37515
37745
37971
38196
38420
38649
38880
40348
40485
40623
40759
40893
41027
41160
41293
41424
41554
41684
41814
41952
42082
42213
42348
42483
42617
42750
42882
43014
43147
43281
43417
43555
43697
43842
43994
44154
44323
44504
44709
46090
46267
46450
46628
46809
46990
47172
47352
47523
47693
47861
48029
48197
48363
48530
48700
48870
49039
49203
49369
49536
49705
49874
50043
50211
50379
50546
50713
50881
51053
51229
51412
51601
51802
52011
52215
52431
52637
52847
53052
53248
53432
53613
53793
53970
54148
54329
54509
54690
54874
55066
55255
55449
55639
55837
56041
56250
56463
56682
56910
57140
57369
57595
57820
58043
58269
58489
58701
58917
59133
59350
59573
59788
60012
60229
60448
