1810
1923
2032
2140
2245
2349
2453
2555
2658
2759
2861
2962
3064
3166
3268
3371
3474
3577
3681
3785
3890
3996
4104
4214
4325
4440
4557
4678
4801
4928
5058
5194
5336
5483
5635
5791
5951
6117
6287
6463
6644
6829
7016
7204
7392
7579
7762
7943
8122
8293
8459
8625
8790
8960
9151
11381
11509
11644
11780
11919
12057
12196
12335
12479
12620
12762
12903
13043
13182
13320
13458
13595
13730
13863
13996
14137
14279
14427
14580
14733
14887
15042
16295
16419
16552
16686
16829
16981
17133
17285
17432
19114
19233
19357
19481
19607
19735
19864
19993
20124
20256
20389
20521
20654
20787
20920
21054
21188
21323
21459
21596
21733
21871
22009
22148
22287
22427
22567
22708
22849
22990
23130
23271
23414
23556
23702
23842
23982
24122
24261
24401
24540
24679
24818
24956
25093
25228
25362
25494
25624
25753
25882
26012
26139
26264
26389
26512
26635
26757
26879
27001
27124
27249
27375
27502
27630
27762
27900
28045
28201
29397
29540
29702
29870
30047
30237
30433
30637
30842
31048
31258
31469
31680
31890
32108
32304
32620
32805
33567
33773
33999
34154
34308
34456
34604
34748
34897
35035
35177
35321
35466
35614
35767
35923
37591
37697
37815
37932
38048
38161
38272
38383
38495
38608
38721
38834
38948
39062
39177
39294
39412
39530
39658
39792
39929
40070
43505
43625
43743
43861
43979
44098
44219
44340
44462
44586
44711
44837
44963
45088
45210
45332
45454
45577
45700
45825
45949
46075
46200
46327
46453
46579
46705
46832
46958
47086
47214
47344
47474
47605
47736
47869
48002
48137
48273
48412
48553
48696
48838
48982
49127
49271
49416
49560
49704
49842
49979
50112
50244
50375
50505
50637
50768
50900
51032
51166
51302
51440
51580
51722
51867
52014
52163
52313
52466
52622
52782
52946
53113
53283
53457
53636
53819
54006
54199
54398
54601
54810
55023
55240
55458
55673
55889
56105
56322
56536
56750
56963
57170
57381
57596
57816
