3482
3554
3628
3702
3775
3849
3922
3994
4067
4140
4212
4284
4356
4429
4500
4573
4645
4717
4790
4863
4936
5010
5084
5158
5232
5307
5383
5459
5537
5615
5695
5775
5857
5940
6025
6111
6199
6288
6379
6472
6567
6666
6767
6870
6977
7085
7196
7307
7419
7530
7643
7758
7871
7984
8097
8209
8320
8431
8542
8654
8766
8877
8988
9099
9209
9321
9431
9542
9654
9764
9876
9986
10101
10221
10338
10478
10572
13890
13976
14070
14166
14263
14361
14458
14555
14651
14746
14841
14935
15030
15124
15218
15313
15406
15500
15593
15686
15780
15872
15965
16058
16151
16244
16336
16428
16520
16612
16705
16803
16911
17015
19034
19123
19217
19311
19404
19496
19588
19693
19782
21591
21674
21764
21856
21948
22041
22136
22232
22328
22426
22524
22623
22722
22822
22923
23024
23126
23229
23333
23437
23542
23648
23755
23862
23971
24081
24193
24304
24416
24529
24641
24755
24867
24981
25092
25205
25318
25430
25542
25655
25768
25880
25992
26104
26217
26327
26438
26550
26660
26772
26882
26993
27104
27216
27329
27439
27550
27661
27772
27882
27992
28101
28210
28318
28426
28535
28642
28749
28856
28961
29066
29171
29275
29379
29483
29585
29687
29790
29890
29991
30090
30190
30289
30388
30486
30585
30682
30779
30876
30973
31070
31165
31260
31354
31448
31541
31634
31727
31820
31913
32009
32105
33795
33872
33951
34031
34111
34190
34270
34349
34429
34509
34589
34669
34750
34831
34913
34995
35078
35162
35246
35332
35418
35505
35592
35680
35769
35859
35949
36041
36133
36227
36321
36416
36512
36608
36706
36804
36904
37005
37107
37210
37313
37417
37522
37629
37742
37855
37979
38080
40847
40934
41022
41111
41199
41288
41377
41465
41554
41641
41729
41817
41905
41991
42078
42164
42249
42334
42418
42503
42586
42669
42751
42833
42915
42998
43091
43181
43275
43370
47301
47396
47494
47592
47690
47790
47890
47990
48092
48193
48295
48396
48496
48595
48694
48794
48893
48992
49092
49191
49290
49388
49487
49586
49684
49782
49879
49977
50074
50171
50268
50365
50461
50558
50655
50753
50851
50949
51047
51145
51244
51343
51441
51541
51640
51740
51839
51938
52037
52136
52235
52334
52433
52533
52632
52731
52830
52929
53029
53130
53230
53331
53433
53536
55466
55554
55645
55737
55830
55923
56018
56112
56207
56303
56398
56495
56592
56689
56787
56886
56986
57087
57188
57290
57394
57498
57603
57710
57817
57924
58034
58141
58256
58361
58482
58581
58708
58797
58928
59015
59139
59242
59370
59477
59601
59717
59837
59957
60077
60198
60318
60436
60555
60672
60791
60908
61027
61144
61265
61382
61502
61620
61739
61858
61977
62099
62218
62340
62460
62582
62707
62830
