2122
2195
2273
2349
2423
2498
2572
2646
2720
2793
2867
2939
3012
3085
3158
3230
3303
3376
3448
3521
3594
3667
3740
3813
3886
3960
4035
4109
4184
4260
4335
4412
4489
4567
4645
4724
4805
4886
4968
5052
5136
5222
5308
5396
5485
5576
5667
5760
5854
5950
6048
6148
6249
6352
6456
6561
6665
6771
6878
6987
7097
7206
7316
7427
7537
7647
7756
7864
7973
8081
8189
8297
8406
8513
8620
8727
8833
8939
9044
9148
9250
9352
9451
9558
9664
9772
9881
9988
13684
13771
13861
13953
14045
14138
14231
14323
14416
14508
14600
14691
14780
14870
14959
15048
15137
15227
15316
15405
15494
15583
15672
15761
15849
15937
16025
16112
16199
16285
16371
16457
16542
16627
16710
16793
16875
16958
17040
17122
17203
17284
17364
17445
17526
17606
17691
17783
17884
19865
19937
20019
20096
20171
20247
20323
20400
20477
20556
20642
20733
20825
20920
22384
22467
22552
22640
22729
22820
22911
23004
23099
23194
23289
23386
23483
23581
23680
23781
23882
23984
24086
24189
24293
24397
24501
24607
24713
24821
24929
25039
25149
25259
25371
25482
25593
25704
25817
25929
26041
26153
26264
26376
26487
26598
26708
26819
26929
27039
27148
27257
27366
27474
27583
27691
27798
27904
28011
28118
28224
28331
28436
28543
28649
28755
28862
28969
29076
29183
29289
29394
29498
29602
29705
29808
29911
30014
30117
30219
30321
30422
30523
30622
30722
30820
30918
31015
31111
31207
31302
31397
31491
31584
31677
31768
31860
31949
32038
32126
32214
32301
32389
32475
32562
32648
32735
32820
32906
32991
33076
33161
33245
33330
33414
33498
33581
33664
33747
33830
33912
33993
34075
34155
34235
34315
34395
34477
34561
34647
34737
34832
36368
36460
36560
36661
36765
36870
36976
37082
37191
37300
37410
37521
37634
37745
37858
37971
38084
38197
38310
38422
38536
38651
38765
38879
38993
39106
39219
39331
39444
39557
39669
39782
39893
40005
40116
40226
40336
40446
40555
40664
40772
40879
40987
41094
41200
41306
41412
41518
41624
41733
41845
41958
42076
42191
42300
44558
44640
44728
44816
44903
44990
45079
45167
45255
45343
45431
45520
45609
45698
45786
45875
45962
46049
46136
46223
46310
46396
46481
46566
46650
46734
46817
46899
46980
47061
47142
47222
47301
47380
47458
47537
47621
47709
47799
47890
47983
51961
52055
52153
52252
52351
52450
52550
52650
52752
52854
52956
53059
53162
53266
53370
53473
53574
53675
53775
53874
53974
54074
54174
54274
54373
54474
54573
54672
54771
54870
54970
55068
55166
55265
55363
55461
55559
55656
55753
55850
55948
56045
56142
56239
56336
56433
56530
56627
56724
56820
56916
57013
57108
57204
57299
57395
57491
57586
57682
57777
57873
57969
58066
58163
58261
58360
58459
58560
58662
58765
58868
58972
59076
59179
60596
60681
60771
60862
60953
61044
61136
61228
61321
61415
61508
61602
61696
61791
61886
61981
62076
62172
62266
62361
62456
62551
62647
62742
62838
62935
63031
63128
63226
63325
63424
63523
63623
63723
63825
63928
64032
64137
64244
64351
64461
64571
64682
64796
64911
65027
65143
65261
65379
65498
65618
65738
65860
65980
66101
66220
66339
66460
66580
66700
66821
66941
67061
67181
67299
67420
67538
67657
67775
67893
68012
68130
68248
68365
68482
68599
68716
68835
68956
69080
69209
69332
