1437
1540
1648
1755
1862
1969
2075
2182
2290
2398
2507
2617
2726
2837
2948
3059
3170
3281
3392
3504
3616
3729
3842
3956
4071
4187
4303
4422
4540
4659
4788
4932
6584
6705
6826
6946
7067
7189
7313
7436
7560
7683
7804
7925
8042
8158
8272
8384
8495
8603
8711
8815
8916
9014
9110
9204
9295
9384
9471
9557
9640
9721
9800
9876
9950
10024
10097
10170
10241
10312
10383
10453
10522
10593
10663
10735
10807
10881
10959
11045
11138
11236
11339
11447
11560
11678
11802
11934
12072
13296
13411
13539
13668
13798
13932
14074
14225
14386
14557
14878
15580
15705
15835
15965
16095
16228
16362
16496
16632
16768
16904
17041
17177
17314
17451
17588
17724
17861
17997
18134
18271
18408
18543
18678
18813
18948
19086
19223
19361
19497
19632
19767
19901
20035
20168
20302
20435
20569
20703
20835
20970
21103
21237
21370
21501
21632
21761
21890
22016
22140
22264
22390
22516
22645
22784
22941
23107
23272
23427
23564
23688
23810
23930
24049
24170
24294
24417
24543
24670
24800
24931
25064
25198
25332
25466
25600
25733
25865
25997
26127
26259
26391
26523
26653
26785
26924
27057
27194
27334
27478
27629
27789
28893
28995
29102
29207
29308
29408
29507
29603
29698
29791
29883
29974
30068
30169
30269
30372
30477
30584
30693
30804
30919
31038
33943
34044
34158
34272
34382
34491
34601
34710
34818
34925
35030
35134
35235
35331
35424
35518
35612
35707
35801
35897
35992
36088
36184
36281
36379
36477
36576
36676
36777
36878
36980
37083
37186
37291
37396
37503
37610
37720
37831
37944
38059
38177
38298
38423
38553
38687
38826
38969
39114
39260
39408
39557
39702
39844
39979
40109
40234
40353
40467
40576
40683
40788
40893
40996
41099
41200
41300
41399
41497
41594
41691
41787
41882
41977
42072
42166
42261
42357
42452
42550
42649
42749
42850
42954
43060
43168
43279
43393
43510
43632
43757
43888
44022
44161
44303
44450
44596
44748
44903
45058
45215
45373
45533
45695
45857
46020
46182
46344
46503
46662
46820
46977
47135
47292
47451
47609
47766
47930
48104
