1382
1468
1551
1634
1716
1797
1877
1956
2034
2111
2187
2263
2338
2413
2487
2562
2635
2709
2782
2856
2929
3002
3076
3149
3222
3296
3369
3443
3518
3593
3669
3745
3823
3900
3980
4060
4140
4221
4303
4387
4476
4566
4660
4757
4856
4958
5064
7020
7110
7205
7304
7402
7502
7602
7702
7803
7905
8005
8105
8206
8307
8409
8511
8614
8717
8821
8926
9032
9138
9244
9351
9459
9567
9675
9784
9899
10016
10134
10252
10370
10488
10606
10724
10840
12239
12337
12437
12540
12646
12755
12864
12977
13092
13210
13331
14793
14893
14992
15091
15190
15290
15390
15490
15590
15690
15790
15890
15991
16092
16193
16295
16397
16500
16604
16708
16812
16917
17022
17127
17231
17337
17442
17547
17652
17757
17862
17967
18072
18176
18281
18385
18490
18593
18697
18800
18904
19006
19109
19212
19314
19416
19518
19619
19721
19822
19924
20025
20127
20228
20329
20431
20532
20633
20732
20831
20929
21027
21125
21223
21322
21420
21519
21619
21718
21818
21919
22022
22128
22234
22342
22450
22560
22671
22783
23413
23514
23615
23717
23819
23922
24025
24129
24233
24338
24443
24549
24654
24760
24865
24972
25078
25185
25291
25399
25506
25614
25720
25827
25933
26038
26144
26251
26359
26462
26570
26680
26791
26904
27018
27134
27252
28548
28642
28736
28831
28928
29026
29125
29223
29322
29420
29519
29616
29716
29821
29929
30039
30152
30265
30381
30497
30615
32588
32688
32788
32890
32994
33099
33203
33305
33402
33499
33595
33691
33788
33885
33981
34078
34175
34272
34370
34467
34565
34662
34761
34859
34957
35055
35154
35253
35352
35452
35553
35655
35759
35864
35970
36078
36186
36295
36405
36515
36625
36735
36843
36950
37055
37156
37255
37352
37447
37542
37636
37730
37824
37920
38015
38111
38209
38307
38406
38507
38608
38712
38816
38921
39026
39134
39242
39353
39465
39580
39697
39817
39940
40066
40195
40326
40461
40600
40741
40886
41033
41182
41333
41483
41638
41792
41949
42107
42267
42428
42590
42751
42913
43077
43239
43400
43562
43721
43880
44038
44195
44351
44506
44658
44809
44959
45109
45257
45407
45556
