1905
2021
2135
2251
2364
2479
2593
2708
2822
2936
3049
3162
3275
3386
3495
3601
3707
3811
3915
4019
4121
4222
4322
4422
4521
4619
4716
4813
4910
5006
5103
5198
5293
5388
5483
5578
5672
5768
5863
5959
6055
6151
6249
6346
6445
6543
6642
6741
6841
6941
7042
7141
7244
7351
7462
7576
7696
7823
9885
9979
10085
10193
10303
10414
10526
10640
10754
10869
10988
11109
11228
11346
11466
11585
11705
11825
11946
12066
12186
12305
12423
12542
12663
12784
12906
13032
13159
13290
13431
13572
13711
13853
15545
15659
15780
15904
16033
16175
16307
16449
16580
18601
18676
18795
18916
19038
19162
19287
19413
19539
19665
19792
19920
20048
20177
20306
20435
20564
20694
20825
20956
21087
21218
21351
21485
21620
21756
21893
22030
22167
22306
22445
22586
22726
22869
23011
23155
23299
23443
23588
23733
23879
24024
24170
24316
24464
24612
24760
24907
25054
25200
25343
25487
25630
25774
25920
26068
26221
28100
28210
28338
28462
28587
28712
28836
28962
29088
29216
29344
29473
29601
29731
29860
29992
30124
30255
30385
30515
30643
30771
30899
31027
31154
31282
31410
31538
31670
31808
31953
32107
32972
33081
33209
33340
33472
33605
33741
33878
34017
34159
34301
34443
34586
34730
34875
35019
35163
35306
35448
35589
35731
35872
36014
36155
36298
36440
36588
36745
36901
37061
37234
39675
39791
39919
40047
40174
40299
40423
40547
40672
40797
40923
41050
41177
41305
41434
41565
41705
41830
41968
42111
42257
42409
42571
46008
46139
46275
46411
46548
46687
46827
46967
47106
47244
47379
47513
47646
47782
47917
48052
48187
48323
48459
48595
48731
48868
49005
49142
49279
49417
49555
49694
49834
49975
50115
50257
50398
50539
50682
50826
50973
51123
51277
51435
51595
51759
51930
52374
52491
52631
52769
52913
53059
53205
53355
53506
53659
53815
53973
54132
54294
54457
54624
54795
54971
55154
55339
55529
55724
55926
56130
56337
56548
56763
56984
57206
57429
57650
57873
58097
58320
58543
58765
58987
59210
59439
59666
59892
60130
