1491
1571
1659
1746
1831
1915
1997
2078
2159
2238
2317
2395
2472
2549
2625
2701
2776
2852
2927
3002
3076
3150
3224
3297
3370
3443
3515
3587
3658
3729
3800
3870
3941
4011
4081
4150
4220
4290
4359
4428
4497
4567
4636
4706
4775
4845
4914
4983
5052
5120
5188
5257
5328
5406
5488
5572
5659
5748
7314
7402
7498
7597
7695
7790
7883
7977
8070
8161
8253
8344
8435
8527
8620
8713
8806
8899
8992
9086
9181
9277
9374
9471
9570
9669
9768
9869
9969
10070
10171
10271
10371
10468
10564
10664
10770
10879
10993
11110
11231
11356
11485
11620
11755
12899
12999
13107
13217
13326
13436
13547
13660
13772
13884
13998
14118
14242
14370
14503
14649
15546
15649
15760
15872
15985
16097
16211
16324
16438
16553
16668
16784
16899
17014
17130
17246
17362
17478
17594
17711
17828
17945
18061
18178
18294
18410
18525
18641
18756
18871
18987
19102
19218
19335
19452
19570
19689
19805
19922
20038
20155
20272
20389
20506
20623
20739
20855
20970
21085
21199
21312
21424
21535
21647
21759
21871
21981
22090
22199
22306
22412
22517
22621
22724
22826
22928
23029
23130
23229
23327
23425
23522
23621
23729
23850
25047
25153
25268
25385
25503
25624
25745
25868
25992
26118
26246
26374
26504
26636
26769
26903
27037
27173
27308
27444
27580
27716
27852
27988
28124
28260
28396
28531
28670
28804
28939
29077
29220
29368
29524
29687
31183
31276
31383
31489
31592
31690
31788
31885
31980
32075
32167
32258
32348
32438
32527
32617
32715
32813
32915
33018
33123
33231
33342
33458
37169
37263
37373
37480
37587
37693
37799
37905
38012
38119
38229
38336
38442
38546
38649
38751
38854
38957
39060
39164
39267
39371
39475
39578
39682
39786
39890
39994
40098
40202
40305
40408
40512
40615
40719
40823
40928
41033
41140
41248
41359
41473
41590
41710
41834
41962
42094
42227
42361
42499
42635
43293
43409
43526
43646
43765
43882
43999
44117
44235
44355
44477
44599
44722
44846
44972
45097
45224
45352
45481
45610
45740
45872
46006
46140
46276
46413
46551
46689
46830
46972
47115
47260
47406
47553
47699
47847
47998
48150
48306
48464
48624
48785
48946
49107
49269
49430
49590
49751
49913
50075
50238
50400
50559
50719
50881
51052
51239
