2986
3056
3128
3201
3273
3344
3416
3487
3558
3629
3700
3771
3843
3914
3986
4058
4130
4203
4275
4349
4422
4496
4570
4644
4719
4795
4871
4948
5025
5104
5183
5263
5344
5427
5511
5596
5682
5770
5860
5952
6045
6141
6239
6339
6440
6541
6644
6748
6854
6961
7070
7180
7291
7401
7511
7622
7731
7841
7952
8062
8172
8282
8391
8500
8609
8717
8825
8931
9038
9143
9247
9350
9452
9555
9664
9771
13262
13349
13441
13534
13627
13721
13814
13908
14002
14096
14188
14279
14370
14461
14553
14644
14734
14824
14915
15005
15095
15184
15273
15362
15450
15539
15627
15714
15801
15888
15974
16059
16143
16227
16310
16392
16474
16555
16637
16718
16799
16880
16963
17052
19410
19491
19568
19645
19724
19801
19879
19961
20050
20143
20233
21729
21810
21900
21993
22087
22182
22278
22376
22475
22574
22675
22777
22879
22982
23087
23192
23298
23405
23512
23620
23728
23836
23944
24052
24162
24271
24380
24489
24598
24707
24816
24924
25031
25139
25247
25355
25462
25570
25677
25784
25891
25998
26104
26210
26316
26421
26527
26632
26736
26840
26944
27047
27150
27254
27356
27458
27561
27664
27769
27872
27974
28075
28177
28278
28380
28481
28582
28683
28783
28884
28984
29085
29184
29284
29382
29480
29579
29676
29774
29871
29967
30063
30160
30254
30349
30443
30536
30629
30721
30814
30906
30997
31089
31180
31271
31362
31453
31543
31632
31722
31811
31900
31988
32076
32164
32252
32341
32430
32521
34191
34266
34342
34419
34494
34570
34646
34722
34797
34873
34950
35026
35104
35181
35259
35337
35415
35495
35574
35655
35736
35818
35901
35985
36070
36156
36243
36331
36421
36512
36605
36700
36795
36893
36992
37091
37193
37297
37401
37506
37613
37720
37828
37936
38044
38153
38262
38371
38479
38587
38696
38803
38911
39018
39126
39239
39356
39473
41760
41845
41933
42020
42108
42196
42284
42373
42462
42552
42642
42731
42821
42910
43000
43090
43179
43268
43357
43446
43534
43622
43709
43796
43883
43968
44053
44137
44221
44311
44406
44503
47977
48061
48152
48245
48339
48434
48530
48627
48725
48824
48924
49023
49123
49222
49318
49412
49505
49599
49693
49787
49882
49976
50070
50164
50258
50351
50445
50538
50631
50723
50815
50907
50998
51090
51181
51272
51363
51453
51544
51634
51724
51814
51904
51994
52084
52174
52265
52354
52444
52534
52624
52713
52803
52892
52982
53071
53162
53252
53342
53433
53525
53619
53713
53809
53907
55908
55995
56085
56176
56268
56361
56455
56551
56648
56746
56845
56945
57047
57149
57253
57357
57462
57569
57675
57783
57891
58000
58109
58219
58330
58440
58550
58662
58773
58885
58997
59109
59221
59334
59447
59560
59673
59787
59900
60014
60129
60244
60359
60474
60589
60704
60819
60935
61048
61161
61275
61388
61502
61616
61731
61844
61958
62071
62184
62298
62412
62525
62639
62752
62866
62979
63093
63206
63319
63431
63545
63659
63771
63885
63999
64115
