355
690
806
922
1037
1149
1261
1377
2627
2708
2789
2869
2949
3028
3106
3183
3260
3336
3411
3487
3562
3636
3711
3785
3859
3932
4006
4079
4153
4226
4299
4373
4446
4519
4592
4665
4739
4812
4885
4959
5032
5106
5180
5254
5329
5409
5492
5577
5664
5752
5842
8108
8194
8283
8374
8466
8559
8652
8744
8836
8928
9021
9114
9208
9303
9398
9493
9590
9687
9785
9884
9983
10083
10183
10285
10387
10492
10600
10710
10823
10936
11050
11165
11282
11400
11518
11637
12483
12576
12678
12783
12894
13006
13116
13232
13352
14680
14776
14875
14973
15072
15171
15270
15369
15469
15568
15669
15769
15870
15972
16073
16174
16275
16377
16479
16582
16684
16787
16891
16994
17099
17203
17308
17413
17518
17624
17729
17834
17938
18042
18146
18250
18355
18459
18562
18666
18768
18870
18972
19073
19173
19273
19373
19472
19571
19670
19769
19868
19967
20065
20164
20260
20355
20450
20545
20640
20735
20830
20925
21021
21117
21213
21310
21407
21505
21605
21708
21812
21917
22023
22131
22240
22351
22774
22875
22977
23080
23182
23284
23387
23489
23591
23694
23796
23898
24001
24103
24205
24308
24410
24513
24615
24717
24820
24923
25025
25128
25232
25335
25438
25541
25644
25747
25851
25956
26063
26165
26272
26381
26491
26603
26716
26830
26945
27060
27176
27295
27415
28052
28146
28241
28337
28433
28531
28629
28727
28826
28924
29023
29123
29221
29320
29418
29523
29628
29737
29849
29962
30077
30192
30307
30425
30543
30662
30782
32234
32331
32433
32534
32637
32740
32843
32947
33053
33159
33263
33366
33466
33565
33664
33763
33862
33961
34061
34161
34261
34361
34462
34564
34666
34769
34872
34976
35080
35185
35290
35396
35503
35610
35720
35831
35943
36057
36171
36286
36402
36519
36636
36752
36867
36978
37085
37190
37293
37395
37496
37597
37697
37797
37899
38002
38106
38211
38317
38425
38535
38646
38758
38871
38985
39100
39216
39334
39454
39575
39698
39825
39953
40085
40219
40355
40494
40635
40777
40922
41068
41216
41365
41517
41668
41822
41977
42135
42288
42444
42597
42750
42902
43053
43205
43355
43501
43648
43793
43938
44080
44224
44365
44507
44648
44789
44929
45069
45210
45354
45504
