2951
3040
3128
3215
3302
3387
3472
3557
3641
3725
3807
3889
3970
4051
4131
4210
4288
4366
4443
4521
4598
4674
4750
4825
4900
4975
5049
5122
5195
5266
5338
5407
5476
5545
5613
5680
5747
5814
5880
5946
6012
6077
6141
6205
6269
6334
6402
6473
6544
6616
6691
8585
8663
8750
8841
8944
9045
9151
9252
9353
9450
9547
9643
9737
9832
9926
10019
10112
10205
10298
10392
10484
10576
10667
10759
10851
10943
11036
11130
11223
11318
11412
11508
11603
11698
11794
11890
11987
12083
12179
12276
12372
12468
12564
12661
12758
12855
12952
13049
13146
13246
13353
13466
13584
13706
13833
13963
14098
15705
15783
15886
15995
16107
16219
16332
16451
16578
16718
16851
16976
17691
17776
17875
17975
18071
18169
18268
18366
18465
18564
18663
18762
18862
18962
19063
19164
19266
19369
19472
19575
19680
19785
19892
20001
20110
20221
20334
20448
20560
20672
20784
20898
21014
21129
21246
21362
21478
21594
21709
21823
21937
22051
22165
22280
22397
22516
22633
22749
22863
22978
23092
23207
23321
23435
23549
23664
23778
23890
24000
24109
24218
24325
24431
24537
24642
24747
24852
24958
25063
25167
25273
25379
25489
25600
25711
25822
25933
26044
26156
26267
26378
26490
26601
26712
26822
26932
27041
27150
27259
27366
27476
27587
27701
27820
27946
28957
29055
29159
29263
29368
29472
29576
29680
29784
29888
29993
30098
30203
30309
30416
30523
30631
30740
30848
30957
31066
31175
31284
31392
31501
31610
31719
31827
31934
32043
32155
32270
32388
32508
32630
32753
32877
33004
33134
34302
34389
34485
34578
34668
34759
34850
34941
35032
35123
35214
35305
35397
35495
35596
35700
35808
35917
36027
36138
36251
36365
36483
36605
36734
38651
38754
38855
38956
39057
39156
39256
39356
39457
39558
39661
39762
39866
39969
40071
40173
40275
40378
40481
40583
40685
40787
40888
40990
41091
41193
41294
41395
41497
41599
41701
41803
41905
42008
42111
42215
42319
42425
42532
42642
42754
42869
42985
43104
43223
43343
43465
43585
43706
43825
43942
44056
44168
44274
44383
44492
44604
44716
44830
44945
45062
45180
45301
45423
45547
45672
45797
45923
46051
46180
46311
46443
46577
46710
46843
46975
47115
47261
47403
47547
47694
47842
47994
48146
48302
48456
48613
48771
48928
49088
49248
49406
49564
49720
49874
50028
50179
50331
50487
50640
50794
50944
51100
