2959
3054
3167
3287
3414
3540
3665
3792
3917
4044
4170
4297
4425
4554
4683
4813
4946
5081
5217
5356
5496
5638
5781
5926
6073
6222
6375
6531
6700
6873
8394
8528
8668
8812
8958
9104
9250
9395
9541
9691
9840
9990
10138
10286
10433
10581
10730
10878
11026
11175
11324
11473
11624
11775
11927
12080
12242
12414
12601
13994
14104
14242
14403
14568
14746
14930
16140
16275
16426
16580
16733
16885
17035
17186
17334
17480
17626
17770
17915
18059
18205
18352
18499
18649
18802
18956
19115
19278
19445
19615
19788
19962
20137
20312
20488
20665
20841
21018
21195
21371
21544
21714
21883
22051
22215
22377
22537
22697
22857
23015
23173
23329
23486
23648
23827
25423
25551
25692
25844
25999
26157
26330
26502
27906
28018
28159
28311
28464
28616
28769
28925
29094
29253
29431
31703
31846
32005
32170
32319
32472
32625
32779
32931
33084
33235
33384
33534
33683
33832
33980
34130
34280
34432
34586
34741
34899
35062
35227
35396
35567
36723
36854
36999
37151
37304
37456
37606
37755
37904
38049
38192
38332
38469
38605
38740
38876
39010
39144
39279
39417
39557
39700
39847
39998
40157
40323
40495
40675
40862
41051
41244
41437
41631
41827
42021
42218
42415
42613
42810
43008
43206
43402
43602
43805
44013
44220
