2905
3049
3197
3351
3508
3672
3853
4555
4705
4851
4996
5141
5291
5439
5588
5738
5889
6040
6189
6336
6480
6623
6764
6903
7041
7178
7314
7447
7579
7709
7839
7967
8095
8222
8348
8473
8598
8722
8845
8969
9091
9215
9339
9463
9587
9711
9834
9959
10084
10211
10346
10472
10608
10749
10897
11054
11223
12235
12396
12570
12755
12915
13080
13243
13401
13558
13714
13870
14025
14180
14337
14493
14647
14799
14949
15095
15239
15380
15518
15653
15786
15918
16045
16173
16298
16423
16550
16676
16807
16943
17077
19632
19754
19892
20034
20180
20329
20486
20643
20803
20970
21144
21323
22380
22546
22718
22891
23064
23239
23418
23599
23783
23969
24156
24346
24540
24734
24928
25120
25310
25500
25687
25873
26059
26243
26425
26605
26784
26961
27139
27317
27496
27678
27864
28049
28229
28408
28584
28762
28939
29117
29292
29465
29637
29806
29973
30142
30303
30465
30625
30783
30943
31102
31265
31428
31587
31748
32095
32267
32953
33119
33279
33435
33590
33743
33896
34050
34202
34352
34506
34664
34825
34989
35156
35327
35503
35684
35870
36056
36248
36443
36639
36841
37042
37241
37435
37623
37813
38005
38208
38418
39390
39549
39720
39896
40071
40240
40405
40566
40725
40884
41043
41201
41362
41529
41688
41854
42021
42194
42372
42550
42734
42918
43099
43283
43461
43639
43823
43999
44167
44340
44512
44687
44860
45026
45195
45364
45530
45696
45861
46026
46194
46362
46532
46703
46874
47045
47217
47389
47563
47739
47919
48099
48282
48466
48647
49722
49894
50072
50249
50434
50623
50811
51003
51199
51397
51593
51796
52005
52221
52448
52645
52842
53058
53231
53625
53821
54026
54234
54458
54659
54872
55097
55309
55523
55735
55954
56173
56390
56594
56790
57008
57214
57442
57636
57853
