7786
7866
7959
8049
8140
8228
8315
8400
8484
8568
8651
8735
8818
8900
8983
9065
9146
9227
9308
9388
9469
9549
9628
9707
9786
9865
9944
10022
10100
10178
10256
10333
10410
10487
10564
10639
10715
10789
10864
10937
11009
11082
11153
11224
11295
11365
11436
11505
11574
11642
11711
11779
11846
11914
11981
12048
12114
12181
12249
12317
12390
12471
12552
12636
12725
15013
15103
15200
15297
15393
15487
15582
15675
15769
15863
15957
16052
16150
16247
16343
16440
16537
16636
16736
16837
16938
17041
17144
17248
17352
17456
17562
17666
17772
17878
17984
18091
18199
18307
18416
18526
18636
18748
18865
18985
19106
19233
19364
21043
21149
21258
21370
21483
21597
21709
21826
21948
22072
22201
22335
23629
23734
23836
23938
24039
24141
24243
24346
24448
24552
24655
24758
24861
24965
25068
25172
25275
25378
25481
25584
25686
25788
25891
25993
26095
26196
26298
26399
26500
26600
26701
26801
26900
26999
27098
27197
27295
27394
27491
27588
27685
27781
27878
27974
28070
28166
28261
28356
28450
28544
28638
28732
28826
28920
29014
29108
29203
29297
29392
29487
29583
29679
29776
29874
29972
30072
30172
30272
30373
30474
30575
30677
30780
30883
30987
31091
31196
31302
31408
31514
31620
31731
31843
31955
32067
32180
32294
32408
32522
32637
32752
32866
32981
33094
33208
33322
33435
33547
33660
33775
33894
34016
34140
34266
34395
35135
35245
35357
35468
35579
35691
35803
35914
36026
36138
36251
36364
36478
36592
36707
36822
36938
37055
37171
37288
37405
37522
37638
37755
37872
37990
38107
38225
38344
38464
38585
38707
38826
38942
39062
39187
39314
39443
39574
39707
39841
41359
41452
41554
41653
41751
41846
41941
42037
42133
42229
42325
42422
42520
42617
42715
42811
42907
43002
43102
43206
43316
43429
43545
43663
43783
43905
44030
46392
46499
46605
46710
46815
46919
47024
47128
47233
47338
47444
47551
47658
47766
47874
47982
48089
48195
48300
48406
48511
48616
48721
48826
48932
49036
49141
49245
49349
49453
49557
49662
49766
49871
49976
50082
50188
50294
50400
50507
50614
50723
50832
50942
51054
51167
51282
51399
51518
51639
51762
51887
52013
52143
52274
52404
52534
52662
52789
52912
53033
53153
53271
53387
53503
53618
53734
53851
53969
54088
54207
54328
54449
54572
54695
54820
54944
55071
55197
55326
55454
55584
55714
55845
55977
56110
56243
56378
56514
56651
56790
56930
57071
57215
57360
57507
57658
57810
57966
58124
58282
58442
58608
58773
58944
59117
59294
59469
59644
59818
59989
60153
60312
60468
60625
60781
60942
61100
