673
783
892
998
1107
1217
1330
1444
2571
2652
2735
2817
2898
2978
3057
3136
3214
3292
3368
3445
3521
3597
3672
3747
3821
3896
3970
4044
4118
4192
4266
4340
4415
4489
4562
4636
4710
4784
4859
4934
5009
5084
5159
5235
5311
5387
5464
5543
5627
5714
5803
5894
5987
6083
8149
8233
8319
8407
8496
8585
8673
8761
8850
8939
9030
9120
9210
9301
9393
9484
9576
9668
9760
9853
9945
10038
10131
10225
10318
10413
10513
10617
10724
10834
10944
11056
12426
12501
12595
12688
12784
12882
12983
13085
13190
13299
13410
13527
14713
14800
14891
14983
15075
15168
15262
15356
15449
15544
15638
15734
15830
15926
16023
16121
16220
16319
16419
16519
16620
16721
16823
16925
17028
17130
17233
17336
17438
17542
17645
17749
17853
17957
18060
18163
18267
18370
18473
18575
18677
18779
18880
18981
19082
19182
19282
19382
19481
19580
19679
19778
19877
19976
20074
20174
20272
20371
20469
20566
20663
20760
20858
20955
21052
21150
21248
21346
21445
21544
21644
21744
21846
21949
22057
22166
22278
22391
22507
23263
23366
23469
23572
23675
23778
23882
23986
24090
24194
24298
24403
24508
24613
24718
24823
24928
25033
25138
25243
25348
25452
25557
25662
25767
25871
25975
26080
26186
26293
26401
26504
26612
26722
26834
26947
27062
27179
27297
28484
28565
28659
28752
28849
28946
29045
29144
29243
29343
29442
29542
29643
29744
29847
29952
30063
30178
30294
30411
30529
30648
30767
30886
32338
32430
32531
32633
32735
32838
32941
33045
33151
33259
33369
33477
33580
33681
33778
33875
33972
34069
34167
34265
34363
34461
34560
34658
34757
34856
34955
35055
35155
35256
35357
35458
35561
35664
35770
35877
35985
36095
36206
36318
36432
36546
36662
36778
36894
37221
37321
37419
37517
37616
37714
37813
37913
38015
38118
38222
38327
38435
38544
38656
38770
38885
39002
39120
39238
39357
39476
39595
39715
39836
39959
40085
40212
40342
40475
40610
40749
40889
41033
41178
41326
41474
41624
41775
41927
42076
42225
42373
42522
42670
42819
42968
43116
43265
43412
43560
43705
43850
43994
44139
44281
44421
44559
44694
44831
44968
45107
