1275
1355
1442
1528
1613
1697
1779
1861
1942
2024
2105
2186
2267
2348
2428
2510
2592
2674
2755
2837
2918
2999
3080
3161
3242
3323
3404
3485
3566
3648
3730
3811
3894
3976
4059
4142
4225
4310
4400
4493
4590
4691
4802
6998
7082
7175
7271
7369
7468
7566
7664
7763
7860
7957
8053
8150
8247
8344
8442
8540
8639
8738
8837
8936
9036
9135
9236
9336
9435
9533
9634
9742
9852
9964
10077
10192
10308
10423
10541
10661
10782
11785
11884
11984
12087
12193
12300
12406
12516
12630
12752
13999
14097
14194
14291
14391
14491
14592
14693
14795
14897
14999
15102
15204
15309
15415
15520
15628
15737
15846
15957
16068
16182
16296
16412
16528
16646
16765
16885
17005
17127
17249
17370
17491
17613
17732
17849
17965
18081
18198
18311
18424
18536
18648
18758
18867
18975
19083
19190
19297
19403
19510
19616
19723
19830
19935
20041
20148
20254
20360
20465
20570
20675
20780
20885
20990
21096
21202
21308
21415
21523
21632
21743
21859
21980
22106
23346
23448
23557
23667
23778
23890
24002
24115
24227
24340
24453
24566
24680
24793
24907
25021
25136
25249
25362
25475
25586
25695
25804
25912
26021
26129
26238
26348
26461
26565
26671
26780
26890
27002
27115
27231
27348
27467
27588
27710
27836
29211
29297
29394
29494
29591
29693
29795
29898
29999
30101
30202
30303
30405
30507
30612
30717
30826
30939
31056
31176
31300
31428
33784
33885
33994
34106
34219
34326
34430
34529
34626
34725
34824
34922
35021
35120
35220
35321
35422
35523
35625
35728
35830
35934
36037
36142
36246
36351
36457
36563
36671
36780
36891
37003
37117
37232
37348
37465
37583
37701
37820
37938
38056
38172
38285
38395
38501
38606
38709
38812
38913
39016
39121
39226
39332
39440
39548
39658
39770
39883
39996
40109
40223
40338
40455
40573
40692
40812
40936
41063
41193
41326
41463
41603
41745
41891
42039
42189
42342
42497
42653
42812
42969
43126
43284
43440
43599
43759
43919
44074
44238
44390
44545
44701
44854
45011
45168
45319
45471
45623
45773
45922
46074
46230
46388
