1952
2098
2254
2414
2573
2732
2888
3045
3199
3354
3508
3661
3813
3964
4115
4265
4414
4562
4709
4855
4999
5142
5284
5424
5563
5700
5835
5970
6103
6235
6365
6495
6625
6753
6881
7007
7132
7257
7381
7505
7629
7755
7890
8022
8157
8296
8439
8591
10896
11047
11207
11368
11531
11693
11855
12014
12172
12328
12482
12633
12783
12932
13078
13222
13365
13506
13646
13784
13921
14057
14192
14328
14464
14602
14749
14896
15041
15190
15341
16924
17050
17181
17317
17463
17615
17769
17931
18105
19516
19657
19815
19978
20143
20308
20475
20644
20812
20983
21156
21329
21502
21675
21847
22020
22192
22363
22534
22706
22878
23048
23219
23390
23561
23732
23901
24071
24242
24413
24586
24759
24931
25108
25287
25471
25660
25844
26028
26215
26402
26593
26783
26973
27165
27359
27550
27741
27930
28118
28306
28491
28674
28858
29043
29227
29416
29605
29795
30000
30216
30451
30675
30888
31086
31279
31462
31642
31821
32001
32181
32365
32548
32733
32919
33108
33296
33485
33678
33873
34069
34267
34467
34666
34865
35066
35275
35489
35707
37804
37952
38103
38251
38397
38540
38681
38820
38956
39092
39228
39372
39503
39640
39778
39917
40056
40196
40338
40481
40626
40775
40927
41083
41244
42897
43062
43232
43406
43581
43758
43940
44122
44296
44465
44633
44801
44968
45134
45300
45466
45631
45797
45963
46131
46299
46468
46637
46806
46977
47148
47319
47492
47667
47846
48029
48217
48412
48615
48832
49046
49879
50054
50231
50410
50590
50772
50956
51142
51331
51524
51719
51917
52118
52324
52531
52741
52956
53174
53395
53621
53851
54081
54318
54555
54798
55039
55282
55531
55780
56026
56280
56539
56797
57051
57303
57555
57806
58053
58296
58540
58793
59048
