12739
12880
13025
13167
13306
13444
13580
13716
13849
13979
14108
14235
14359
14481
14602
14720
14837
14953
15067
15180
15292
15403
15513
15622
15730
15838
15945
16052
16159
16266
16373
16480
16588
16697
16806
16916
17027
17138
17251
17366
17486
17606
17729
17861
17998
18140
20190
20568
20709
20856
21003
21150
21297
21444
21588
21732
21878
22025
22173
22323
22473
22625
22776
22928
23080
23232
23387
23542
23698
23857
24025
24200
24375
24559
24737
25093
26428
26583
26742
26902
27071
27247
27428
27612
27799
27994
29213
29360
29525
29689
29854
30020
30186
30352
30521
30691
30863
31036
31212
31389
31567
31746
31926
32107
32289
32470
32652
32835
33016
33198
33379
33558
33737
33914
34090
34264
34439
34611
34782
34951
35120
35289
35458
35627
35797
35965
36134
36305
36477
36651
36826
37000
37173
37342
37512
37682
37853
38024
38195
38366
38537
38708
38885
39067
39261
39463
40050
40222
40398
40577
40758
40941
41126
41312
41498
41686
41872
42054
42236
42418
42600
42780
42958
43135
43308
43480
43656
43837
44022
44209
44395
44583
44773
44967
45154
45334
45507
45677
45844
46007
46166
46322
46477
46633
46789
46945
47101
47262
47430
47598
47774
47950
48125
48305
48481
48660
48837
49016
49199
49380
49565
49751
49938
50837
51003
51176
51348
51518
51690
51864
52040
52216
52389
52557
52726
52894
53060
53229
53397
53567
53738
53911
54085
54260
54436
54612
54789
54965
55141
55316
55492
55670
55850
56034
56219
56410
56602
56796
56988
57176
57360
57539
57714
57886
58055
58222
58390
58557
58724
58893
59063
59232
59403
59575
59749
59923
60102
60283
60467
60655
60846
61042
61242
61447
61656
61873
62097
62331
62571
62818
63071
63326
63579
63833
64090
64348
64599
64848
65097
65350
65603
65856
66109
66356
