2183
2318
2460
2611
2765
2922
3081
3243
3408
3575
3743
3913
4083
4254
4426
4598
4770
4941
5112
5283
5453
5620
5784
5946
6107
6267
6423
6575
6723
6870
7016
7160
7302
7441
7578
7714
7847
7980
8111
8242
8372
8502
8629
8754
8877
8998
9117
9235
9351
9466
9581
9694
9806
9918
10030
10141
10251
10361
10470
10578
10686
10793
10899
11004
11109
11213
11316
11419
11521
11622
11723
11824
11924
12025
12125
12223
12320
12419
12521
12625
12726
12821
12913
13002
13093
13183
13273
13363
13453
13544
13634
13725
13815
13907
13998
14090
14182
14274
14366
14459
14553
14647
14741
14836
14933
15030
15129
15229
15332
15439
15549
15664
15784
15909
16038
16172
16309
16448
16590
16735
16883
17035
17192
17354
17521
17691
17865
18038
18213
18392
18576
18763
18951
19138
19326
19515
19705
19900
20095
20291
20487
20684
20885
21085
21285
21487
21686
21884
22079
22274
22467
22659
22858
