2957
3086
3224
3370
3528
3700
3872
4048
4227
4410
4590
4763
4928
5088
5243
5394
5543
5688
5829
5969
6107
6243
6376
6509
6640
6769
6896
7022
7146
7268
7390
7509
7627
7745
7861
7975
8089
8201
8312
8423
8532
8640
8747
8852
8957
9060
9163
9267
9370
9473
9576
9679
9781
9884
9987
10091
10195
10299
10404
10510
10617
10724
10833
10943
11054
11166
11278
11392
11507
11622
11740
11859
11978
12100
12223
12347
12472
12597
12723
12850
12978
13106
13236
13365
13495
13625
13754
13883
14013
14142
14272
14401
14531
14661
14790
14920
15051
15182
15314
15447
15581
15715
15849
15984
16119
16253
16388
16521
16653
16784
16914
17044
17172
17300
17427
17555
17683
17813
17942
18072
18202
18332
18463
18596
18730
18866
19004
19144
19286
19430
19578
19732
19888
20048
20213
20383
20555
20733
20916
21102
21286
21475
21670
21872
22080
22296
22513
22728
22938
23151
23366
23583
23804
24019
24231
24448
24666
24884
25099
25318
25536
25756
25971
26184
26399
26613
26828
27039
27252
27455
27661
27864
28072
28277
28474
28667
28854
29042
29232
29419
29611
29804
29995
30185
30377
30567
30757
30948
31141
31334
31524
31718
31912
32105
32288
32481
32678
32877
33078
33282
33488
33700
33917
34137
34363
34595
34834
35075
35320
35562
35802
36035
36267
36494
36724
36952
37179
37409
37646
37870
38102
38332
38566
38815
39058
39306
39537
39765
39995
40224
40485
