8410
8566
8739
8915
9093
9270
9448
9622
9790
9949
10101
10246
10385
10521
10651
10778
10900
11019
11135
11248
11358
11466
11571
11675
11778
11879
11978
12075
12171
12266
12359
12449
12538
12627
12715
12802
12888
12973
13056
13139
13221
13301
13382
15082
15159
15230
15312
15392
15474
15555
15637
15721
15805
15890
15975
16061
16148
16236
16326
16417
16510
16604
16700
16798
16896
16994
17093
17193
17292
17391
17489
17587
17685
17783
17881
17979
18078
18177
18275
18375
18474
18574
18676
18778
18883
18989
19099
19212
19328
19449
19573
19700
19831
19964
20098
20235
20372
20511
20650
20790
20930
21069
21208
21347
21485
21620
21754
21888
22020
22153
22287
22423
22560
22700
22843
22986
23133
23281
23434
23590
23751
23913
24078
24245
24416
24586
24760
24939
25123
25312
25503
25700
25904
26109
26310
26512
26718
26927
27139
27351
27567
27784
28001
28224
28451
28682
28910
29136
29358
29578
29795
30013
30232
30446
30661
30882
31105
31324
31539
31755
31967
32180
32387
32591
32790
32989
33192
33396
33599
33805
34010
34218
34422
34626
34835
35045
35259
35473
35689
35905
36124
36349
36572
36792
37010
37230
37449
37678
37917
38152
38396
38642
38895
39149
39432
39709
40002
40288
40620
41030
41605
42095
42451
42768
43083
43399
43682
43987
44293
44648
44955
45288
45523
