2290
2353
2417
2480
2543
2605
2667
2729
2790
2851
2911
2971
3031
3090
3149
3208
3266
3326
3384
3444
3503
3562
3622
3681
3741
3801
3861
3921
3982
4042
4103
4164
4225
4286
4348
4409
4471
4532
4595
4656
4718
4780
4842
4905
4967
5030
5092
5156
5219
5282
5345
5409
5472
5536
5600
5664
5728
5792
5856
5921
5985
6051
6116
6182
6249
6315
6382
6450
6518
6586
6655
6724
6793
6862
6932
7002
7072
7142
7211
7281
7351
7421
7491
7561
7631
7700
7770
7840
7910
7981
8052
8124
8196
8269
8343
8418
8495
8571
8650
8729
8809
8889
8970
9051
9132
9213
9295
9376
9458
9539
9621
9701
9782
9862
9941
10020
10099
10178
10256
10335
10414
10493
10572
10652
10732
10813
10894
10976
11058
11141
11224
11307
11390
11471
11552
11633
11713
11793
11875
11956
12039
12122
12206
12290
12375
12460
12546
12631
12716
12801
12886
12972
13057
13143
13229
13315
13402
13488
13575
13662
13750
13837
13924
14012
14101
14190
14279
14370
14462
14555
14649
14745
14842
14938
15034
15131
15228
15326
15425
15525
15627
15729
15836
15943
16051
16161
16273
16385
16500
16616
16731
16846
16961
17077
17196
17318
17448
17578
17710
17841
17976
18110
18246
18382
18522
18662
18804
18948
19094
19241
19390
19540
19690
19842
19994
20148
20302
20455
20609
20761
20914
21065
21216
21367
21516
21666
21816
21967
22118
22270
22423
22577
22732
22888
23044
23199
23354
23507
23660
23814
23968
24122
24277
24432
24586
24741
24896
25051
25204
25358
25511
25665
25819
25974
26129
26284
26440
26596
26754
26912
27072
27233
27394
27555
27716
27876
28037
28197
28357
28517
28676
28834
28992
29149
29307
29466
29625
29785
29945
30106
30267
30430
30595
30759
30924
31089
31253
31416
31579
31741
31902
32062
32222
32381
32542
