2108
2195
2262
2352
2423
2508
2587
2667
2747
2826
2904
2981
3057
3133
3207
3281
3355
3427
3499
3571
3642
3712
3782
3852
3921
3990
4058
4126
4194
4261
4328
4394
4461
4527
4592
4657
4722
4786
4850
4913
4976
5039
5101
5163
5225
5287
5348
5409
5470
5531
5592
5653
5714
5774
5834
5894
5955
6015
6075
6136
6196
6256
6317
6377
6438
6499
6561
6621
6683
6744
6805
6867
6929
6991
7054
7116
7179
7242
7306
7369
7433
7498
7563
7628
7694
7761
7828
7896
7964
8034
8104
8175
8247
8320
8394
8470
8546
8623
8701
8779
8858
8938
9018
9099
9180
9261
9342
9424
9506
9588
9671
9754
9837
9921
10005
10089
10173
10258
10342
10426
10509
10593
10677
10763
10849
10936
11024
11113
11203
11293
11385
11476
11568
11660
11752
11845
11937
12029
12121
12213
12305
12396
12487
12578
12668
12757
12847
12935
13024
13112
13200
13287
13375
13463
13551
13639
13728
13818
13907
13998
14089
14183
14277
14373
14473
14576
14676
14766
15034
17158
17263
17363
17462
17560
17658
17756
17853
17951
18049
18148
18246
18345
18444
18544
18643
18744
18845
18946
19048
19149
19252
19355
19459
19563
19667
19771
19876
19982
20088
20194
20300
20407
20514
20623
20731
20841
20950
21060
21171
21282
21394
21505
21617
21732
21844
21957
22070
22185
22300
22416
22533
22648
22765
22882
22998
23115
23233
23352
23467
23582
23697
23814
23931
24047
24165
24283
24400
24518
24637
24754
24874
24992
25111
25230
25349
25467
25585
25705
25823
25943
26061
26180
26295
26412
26530
26640
26758
26870
26985
27100
27211
27325
27437
27548
27660
27771
27882
27993
28104
28215
28327
28438
28551
28664
28777
28890
29003
29116
29229
29343
29458
29574
29690
29807
29926
30052
30177
30486
33045
33134
33243
33340
33442
33544
33648
33752
33855
33960
34066
34171
34277
34385
34492
34599
34706
34815
34925
35036
35146
35258
35370
35483
35595
35708
35821
35933
36042
36151
36260
36371
36482
36593
36704
36815
36926
37036
37148
37260
37373
37490
37604
37725
37839
37958
38075
38191
38308
38425
38542
38660
38779
38898
39017
39136
39255
39372
39492
39609
39727
39846
39962
40080
40196
40314
40429
40545
40661
40777
40892
41008
41121
41235
41348
41459
41570
41681
41792
41902
42011
42121
42231
42342
42454
42566
