2145
2245
2465
2595
2710
2842
2961
3079
3195
3310
3424
3536
3650
3763
3875
3987
4099
4210
4320
4430
4539
4647
4754
4861
4967
5073
5177
5281
5385
5488
5590
5691
5793
5894
5995
6096
6197
6297
6397
6498
6598
6698
6798
6898
6999
7099
7201
7303
7406
7510
7614
7719
7824
7929
8035
8142
8248
8355
8462
8569
8676
8782
8888
8994
9101
9207
9314
9421
9529
9636
9743
9850
9958
10067
10177
10288
10401
10514
10627
10742
10856
10972
11087
11202
11316
11430
11544
11658
11772
11886
12000
12114
12227
12340
12452
12564
12674
12789
12911
13031
13191
13282
13621
13696
13955
14136
14285
14414
14531
14644
14754
14861
14968
15075
15182
15289
15397
15506
15614
15723
15833
15943
16054
16166
16279
16392
16507
16621
16737
16853
16971
17089
17209
17330
17454
17581
17710
17841
17975
18116
18261
18411
18569
18734
18908
19084
19256
19433
19615
19805
19998
20196
20399
20609
20818
21029
21243
21460
21678
21898
22112
22324
22534
22738
22938
23134
23328
23519
23707
23893
24088
24287
24470
24695
24988
26162
26287
26499
26672
26845
27019
27197
27379
27564
27751
27942
28138
28336
28538
28746
28955
29167
29379
29592
29806
30024
30244
30467
30690
30918
31148
31381
31611
31839
32060
32285
32511
32741
32972
33201
