2125
2173
2230
2285
2341
2396
2450
2505
2558
2612
2665
2718
2771
2823
2875
2927
2979
3031
3083
3135
3188
3241
3293
3346
3399
3453
3506
3560
3613
3667
3720
3774
3827
3882
3936
3990
4044
4099
4154
4209
4264
4319
4375
4431
4487
4543
4600
4657
4715
4772
4830
4888
4947
5006
5065
5124
5183
5242
5302
5362
5422
5483
5544
5605
5666
5727
5789
5852
5915
5978
6042
6106
6170
6235
6301
6367
6432
6499
6567
6634
6702
6771
6840
6909
6980
7051
7123
7195
7269
7343
7418
7493
7569
7646
7723
7800
7879
7957
8036
8115
8195
8274
8354
8434
8513
8592
8672
8750
8829
8908
8986
9064
9143
9222
9301
9380
9460
9541
9621
9703
9785
9868
9951
10034
10118
10202
10285
10369
10454
10538
10623
10710
10797
10887
10978
11070
11163
11257
11351
11446
11542
11639
11737
11835
11935
12035
12136
12238
12342
12447
12553
12661
12770
12881
12994
13108
13225
13343
13464
13588
13713
13842
13973
14106
14242
14380
14520
14661
14802
14945
15089
15233
15381
15529
15676
15822
15966
16110
16254
16400
16548
16697
16849
17000
17151
17303
17456
17612
17771
17930
18088
18246
18402
18556
18709
18862
19014
19166
19319
19471
19624
19777
19931
20087
20244
20401
20556
20709
20859
21009
21156
21306
21457
21609
21764
21918
22072
22227
22383
22539
22693
22847
23000
23153
23305
23459
23612
23768
23923
24080
24237
24394
24550
24705
24859
25012
25165
25320
25476
25633
25790
25947
26104
26261
26417
26572
26728
26885
27041
27198
27356
27513
27671
27827
27982
28136
28287
28434
