2236
2332
2433
2530
2627
2724
2821
2919
3018
3115
3210
3301
3390
3477
3560
3643
3724
3805
3886
3966
4046
4125
4205
4285
4363
4442
4520
4598
4675
4752
4828
4903
4979
5054
5129
5203
5276
5349
5423
5496
5568
5638
5710
5780
5850
5920
5989
6057
6126
6194
6261
6328
6395
6461
6527
6593
6658
6724
6789
6853
6918
6981
7045
7108
7172
7234
7297
7360
7423
7485
7547
7610
7672
7735
7796
7858
7920
7982
8044
8107
8169
8231
8295
8360
8423
8489
8555
8622
8690
8759
8829
8902
8974
9048
9123
9199
9277
9354
9433
9511
9591
9671
9751
9831
9909
9989
10067
10146
10224
10303
10382
10460
10539
10618
10697
10776
10856
10938
11018
11100
11183
11267
11352
11439
11528
11617
11707
11796
11885
11973
12061
12149
12236
12324
12410
12498
12585
12674
12763
12852
12943
13034
13127
13220
13313
13406
13501
13597
13691
13787
13885
13981
14079
14177
14276
14376
14477
14579
14682
14787
14894
15000
15108
15218
15328
15441
15555
15671
15787
15905
16025
16146
16268
16392
16517
16643
16769
16897
17027
17159
17293
17428
17564
17700
17832
17964
18095
18229
18363
18499
18634
18769
18904
19040
19176
19313
19450
19589
19728
19870
20013
20155
20297
20439
20580
20720
20857
20992
21128
21263
21399
21535
21671
21807
21943
22077
22213
22348
22486
22623
22761
22897
23033
23173
23306
23441
23581
23718
23855
23993
24133
24272
24413
24551
24690
24828
24967
25105
25244
25384
25522
25661
25801
25941
26079
26218
26357
26497
26636
26776
26917
27057
27199
27340
27481
27623
27765
27907
28050
28192
28336
28479
28622
28766
28910
29054
29199
29343
29490
29637
29785
29932
30080
30229
30377
30525
30675
30824
30974
31125
31277
31421
31566
31703
