12383
12551
12722
12892
13064
13235
13406
13576
13743
13907
14066
14222
14374
14522
14667
14808
14947
15083
15217
15348
15476
15600
15723
15843
15962
16079
16195
16310
16424
16537
16650
16761
16871
16980
17090
17198
17306
17414
17522
17629
17737
17844
17952
18060
18169
18278
18388
18498
18608
18718
18828
18939
19050
19160
19272
19384
19497
19611
19726
19842
19959
20077
20195
20314
20433
20551
20669
20788
20908
21029
21151
21274
21398
21521
21646
21771
21896
22022
22149
22275
22402
22530
22657
22784
22912
23040
23168
23296
23424
23551
23679
23806
23932
24057
24181
24313
24449
24566
24815
24949
25168
25359
25538
25704
25812
25935
26045
26166
26286
26409
26535
26663
26793
26925
27057
27189
27321
27455
27588
27724
27860
27997
28136
28276
28417
28558
28701
28845
28990
29138
29287
29439
29594
29751
29912
30077
30245
30419
30599
30789
30986
31185
31386
31588
31792
31998
32205
32413
32623
32835
33048
33260
33476
33694
33911
34131
34351
34568
34787
35004
35221
35438
35655
35873
36090
36307
36527
36749
36978
37206
37434
37661
37888
38116
38345
38574
38803
39034
39268
39500
39735
39973
40219
40469
40720
40974
41229
41485
41737
41992
42246
42498
42755
43014
43277
43548
43824
44100
44370
44633
44903
45200
