2197
2397
2485
2747
2837
2935
3030
3124
3215
3306
3397
3487
3576
3664
3752
3839
3925
4011
4096
4179
4263
4345
4426
4506
4585
4663
4741
4817
4893
4969
5044
5119
5192
5266
5339
5411
5484
5555
5626
5697
5768
5839
5909
5978
6048
6117
6186
6254
6322
6390
6457
6524
6590
6657
6723
6789
6855
6921
6987
7052
7117
7182
7248
7313
7378
7444
7510
7575
7641
7707
7774
7841
7908
7976
8044
8113
8183
8252
8323
8393
8465
8537
8610
8683
8756
8830
8905
8979
9054
9128
9202
9277
9351
9425
9499
9573
9647
9720
9794
9867
9940
10014
10087
10160
10234
10307
10379
10452
10525
10598
10670
10742
10814
10886
10958
11029
11100
11172
11243
11314
11385
11456
11527
11598
11669
11740
11811
11882
11954
12025
12097
12168
12240
12311
12383
12455
12527
12598
12671
12742
12815
12887
12960
13032
13105
13179
13252
13326
13400
13474
13549
13624
13701
13778
13855
13934
14013
14094
14177
14262
14349
14439
14534
14628
14725
14824
14926
15031
15140
15252
15369
15489
15609
15731
15854
15980
16109
16240
16376
16514
16653
16793
16933
17072
17209
17341
17470
17598
17727
17856
17986
18116
18246
18377
18509
18641
18774
18906
19039
19173
19307
19442
19576
19711
19847
19983
20120
20258
20397
20535
20673
20813
20956
21098
21242
21387
21533
21680
21828
21976
22124
22273
22422
22571
22721
22871
23023
23174
23327
23479
23633
23785
23938
24091
24246
24400
24555
24710
24864
25018
25172
25327
25480
25631
25783
25930
26079
26228
26373
26514
26655
26789
26928
27062
27200
27469
