1984
2147
2334
2515
2694
2871
3046
3218
3386
3551
3713
3873
4030
4184
4334
4481
4624
4765
4902
5037
5170
5302
5431
5559
5686
5811
5936
6059
6182
6303
6425
6545
6666
6786
6906
7027
7148
7269
7390
7511
7633
7755
7878
8000
8124
8248
8374
8501
8628
8757
8886
9016
9146
9275
9405
9534
9664
9794
9924
10056
10187
10321
10455
10589
10724
10860
10996
11133
11270
11409
11548
11689
11831
11974
12118
12263
12409
12555
12701
12846
12992
13137
13282
13429
13577
13724
13873
14022
14172
14321
14471
14620
14770
14920
15071
15222
15374
15527
15682
15839
15999
16162
16330
16502
16677
16857
17043
17232
17426
17625
17830
18040
18251
18463
18676
18893
19112
19333
19564
19798
20039
20284
20532
20780
21026
21273
21519
21764
22006
22250
22492
22738
22986
23241
23496
23752
24006
24255
24502
24751
24998
25249
25503
25760
26020
26284
26547
26814
27086
27361
27637
27912
28186
28460
28731
29000
29267
29536
29811
30082
30361
30642
30920
