2518
2597
2684
2771
2859
2946
3033
3119
3205
3290
3374
3457
3538
3619
3699
3778
3855
3932
4008
4083
4156
4229
4301
4373
4443
4512
4581
4649
4716
4782
4848
4913
4978
5042
5105
5168
5230
5292
5353
5414
5475
5535
5595
5655
5714
5774
5833
5892
5952
6011
6070
6129
6188
6247
6306
6366
6425
6485
6545
6605
6665
6726
6787
6848
6909
6971
7032
7094
7156
7219
7282
7346
7410
7475
7540
7605
7672
7738
7805
7873
7941
8010
8080
8150
8221
8292
8364
8437
8510
8583
8658
8733
8809
8886
8964
9043
9124
9205
9287
9370
9452
9535
9618
9701
9783
9865
9946
10027
10108
10188
10267
10345
10423
10500
10577
10653
10729
10804
10879
10955
11030
11105
11181
11256
11331
11407
11483
11560
11637
11715
11795
11876
11958
12041
12125
12213
12303
12391
12574
14345
14419
14515
14598
14681
14763
14845
14926
15007
15089
15170
15251
15332
15413
15495
15576
15658
15740
15822
15905
15988
16072
16156
16241
16325
16411
16496
16582
16669
16756
16843
16930
17018
17106
17195
17285
17374
17464
17555
17646
17738
17829
17921
18013
18105
18198
18292
18387
18484
18581
18678
18777
18876
18975
19076
19178
19281
19386
19491
19596
19703
19809
19916
20024
20132
20239
20344
20450
20557
20665
20771
20879
20987
21095
21204
21313
21423
21534
21645
21755
21866
21977
22089
22201
22312
22427
22538
22652
22764
22877
22989
23103
23215
23329
23441
23554
23666
23778
23890
24002
24114
24226
24337
24447
24559
24669
24780
24890
24999
25110
25219
25329
25438
25548
25656
25766
25877
25987
26098
26208
26318
26428
26539
26649
26762
26875
26991
27164
27456
29626
29855
29949
30052
30154
30258
30362
30466
30570
30675
30780
30884
30990
31096
31203
31309
31416
31522
31630
31736
31844
31951
32060
32169
32277
32387
32494
32602
32710
32820
32929
33039
33147
33256
33364
33474
33583
33693
33802
33914
34025
34136
34245
34356
34466
34576
34685
34793
34901
35007
35115
35221
35330
35439
35548
35656
35764
35871
35977
36082
36186
36289
36390
36491
36589
36685
36779
36871
36960
37048
37135
37220
37303
37385
37466
37546
37625
37703
37781
37857
37932
38007
38082
38156
38230
38302
38376
38448
