2619
2773
2928
3079
3227
3374
3523
3673
3826
3979
4136
4293
4446
4594
4738
4878
5014
5146
5274
5398
5517
5632
5744
5854
5961
6066
6169
6270
6369
6466
6560
6654
6745
6835
6924
7012
7098
7184
7269
7354
7437
7521
7603
7686
7769
7851
7933
8015
8097
8180
8262
8345
8428
8512
8596
8680
8766
8852
8940
9028
9117
9207
9298
9390
9483
9576
9670
9764
9858
9953
10048
10143
10238
10333
10428
10523
10618
10714
10811
10908
11006
11104
11203
11302
11402
11501
11600
11699
11799
11899
12000
12100
12202
12303
12404
12505
12606
12707
12807
12908
13009
13109
13209
13308
13408
13507
13606
13704
13803
13902
14000
14098
14196
14294
14391
14489
14587
14685
14784
14883
14982
15082
15183
15285
15388
15492
15599
15707
15820
15939
16065
16190
16319
16451
16589
16731
16876
17026
17180
17338
17500
17665
17836
18008
18181
18357
18534
18712
18890
19068
19247
19425
19605
19787
19972
20157
20341
20525
20711
20898
21086
21276
21466
21856
22040
22233
22430
22628
22826
23028
23227
23428
23623
23815
24008
24206
24405
24605
24810
25011
25218
25410
25617
25799
26006
26185
26393
26581
26775
26962
27151
27339
27526
27712
27898
28084
28271
28456
28639
28824
