2341
2432
2523
2617
2709
2802
2895
2987
3077
3167
3256
3343
3430
3515
3601
3685
3769
3852
3934
4014
4094
4174
4252
4330
4407
4483
4559
4634
4709
4782
4856
4929
5001
5072
5143
5212
5283
5352
5421
5490
5559
5626
5695
5764
5831
5899
5966
6034
6101
6168
6234
6301
6367
6433
6499
6565
6631
6697
6762
6828
6894
6960
7025
7091
7156
7222
7288
7354
7420
7486
7552
7618
7684
7750
7816
7881
7949
8016
8082
8149
8216
8284
8352
8421
8490
8559
8629
8700
8772
8844
8916
8988
9061
9134
9207
9280
9353
9426
9499
9571
9643
9716
9788
9860
9931
10003
10074
10144
10215
10285
10355
10425
10494
10563
10632
10701
10770
10839
10908
10977
11046
11115
11184
11254
11323
11393
11462
11532
11601
11671
11741
11810
11879
11949
12018
12087
12156
12225
12295
12364
12434
12503
12573
12642
12712
12782
12852
12921
12991
13061
13131
13202
13272
13342
13412
13483
13554
13625
13696
13767
13839
13911
13983
14055
14128
14201
14275
14349
14423
14499
14574
14651
14728
14806
14886
14966
15048
15131
15216
15302
15390
15479
15571
15665
15762
15861
15962
16064
16167
16272
16377
16484
16592
16703
16814
16931
17049
17168
17290
17413
17535
17659
17783
17908
18032
18158
18285
18413
18541
18670
18799
18929
19060
19192
19324
19456
19589
19721
19853
19986
20118
20249
20381
20513
20646
20779
20912
21044
21177
21310
21444
21579
21717
21853
21991
22129
22270
22412
22555
22699
22845
22991
23137
23284
23434
23583
23733
23884
24033
24184
24334
24486
24637
24788
24938
25089
25239
25390
25541
25694
25850
26009
26171
26338
26510
26688
26873
27052
27223
27385
27543
27702
27860
28021
28167
28303
28445
28579
28719
28847
29000
29110
29344
29491
29599
29973
