2295
2380
2467
2554
2640
2725
2810
2894
2976
3058
3138
3216
3294
3371
3447
3523
3597
3671
3745
3817
3889
3960
4031
4101
4171
4241
4310
4378
4446
4514
4581
4647
4714
4779
4844
4909
4974
5038
5102
5165
5228
5291
5354
5416
5478
5540
5602
5663
5725
5785
5846
5906
5967
6027
6087
6147
6207
6268
6328
6388
6448
6508
6568
6629
6690
6750
6811
6872
6933
6994
7055
7117
7179
7240
7303
7365
7428
7491
7553
7617
7680
7744
7808
7873
7937
8002
8068
8134
8200
8266
8333
8400
8468
8535
8603
8671
8740
8809
8878
8947
9016
9086
9156
9226
9297
9367
9438
9509
9580
9651
9723
9795
9867
9940
10013
10087
10161
10236
10311
10387
10462
10539
10615
10692
10769
10846
10924
11001
11078
11156
11233
11310
11388
11465
11542
11619
11697
11774
11851
11928
12006
12083
12160
12238
12315
12393
12471
12550
12628
12707
12786
12866
12946
13027
13108
13191
13278
13367
13520
13752
15847
15953
16038
16128
16214
16297
16381
16465
16550
16635
16720
16806
16892
16978
17064
17151
17238
17325
17412
17500
17588
17677
17765
17854
17943
18032
18122
18211
18301
18390
18481
18571
18662
18753
18844
18936
19029
19123
19217
19311
19407
19503
19600
19698
19796
19896
19996
20097
20198
20300
20402
20504
20608
20713
20818
20923
21029
21136
21244
21353
21463
21575
21689
21805
21918
22027
22140
22252
22364
22474
22585
22696
22808
22922
23036
23149
23264
23378
23493
23609
23725
23841
23958
24074
24189
24305
24422
24539
24655
24773
24890
25010
25128
25249
25367
25487
25607
25728
25847
25969
26086
26207
26325
26446
26561
26679
26792
26907
27018
27129
27239
27348
27456
27564
27672
27780
27889
27998
28107
28218
28328
28438
28548
28658
28769
28880
28992
29105
29218
29331
29444
29561
29653
30033
32024
32116
32225
32323
32425
32528
32630
32732
32835
32937
33040
33144
33248
33353
33459
33565
33672
33779
33886
33992
34098
34205
34313
34420
34528
34636
34744
34855
34966
35076
35188
35299
35411
35522
35634
35747
35858
35972
36085
36199
36312
36426
36540
36653
36767
36881
36995
37109
37223
37338
37452
37567
37681
37796
37911
38025
38139
38254
38368
38482
38597
38711
38824
38937
39051
39164
39277
39391
39503
39616
39728
39840
39952
40066
40176
40289
40399
40510
40619
40730
40839
