2170
2320
2448
2595
2740
2889
3043
3200
3363
3533
3710
3890
4072
4257
4442
4628
4814
5001
5175
5371
5547
5734
5922
6114
6304
6491
6677
6859
7037
7211
7381
7546
7705
7860
8012
8159
8304
8446
8585
8722
8856
8987
9115
9240
9363
9484
9603
9721
9838
9955
10071
10186
10301
10415
10528
10641
10753
10864
10974
11082
11189
11296
11402
11506
11610
11713
11815
11917
12017
12116
12214
12311
12407
12502
12596
12689
12781
12872
12962
13052
13140
13228
13314
13401
13486
13571
13655
13738
13822
13904
13987
14069
14151
14233
14315
14397
14479
14560
14642
14724
14808
14894
14981
15069
15161
15255
15353
15447
15542
15639
15737
15840
15944
16052
16163
16277
16395
16517
16644
16777
16915
17059
17210
17367
17527
17688
17852
18019
18189
18362
18537
18712
18886
19060
19237
19418
19602
19789
19979
20169
20356
20546
20735
20924
21114
21304
21493
21682
21872
22060
22251
22441
22636
22829
23022
23216
23410
23608
23807
24008
24213
24418
24632
24845
25046
25273
25446
25685
25865
26098
26298
26513
26707
26917
27121
27329
27538
