2530
2675
2820
2969
3119
3271
3421
3572
3723
3877
4031
4186
4340
4494
4647
4799
4947
5091
5233
5370
5504
5636
5764
5889
6012
6133
6251
6368
6483
6596
6707
6818
6926
7033
7138
7241
7343
7443
7541
7638
7733
7828
7921
8013
8105
8197
8288
8378
8470
8561
8653
8746
8840
8934
9030
9128
9226
9327
9430
9535
9643
9755
9870
9989
10111
10237
10366
10497
10628
10759
10890
11024
11158
11293
11430
11568
11707
11846
11984
12123
12262
12401
12539
12678
12818
12960
13102
13247
13393
13540
13689
13839
13991
14144
14300
14458
14616
14773
14930
15087
15244
15400
15555
15709
15864
16019
16177
16337
16499
16662
16825
16988
17150
17313
17478
17644
17812
17984
18158
18337
18523
18706
18893
19084
19279
19471
19664
19855
20046
20235
20426
20621
20820
21019
21218
21415
21611
21807
22005
22205
22404
22605
22810
23018
23224
23427
23628
23823
24018
24210
24399
24589
24777
24966
25155
25342
25530
25720
25909
26100
26290
26482
26674
26872
27073
27278
27489
27705
27927
28150
28368
28584
28797
29008
29219
29429
29637
29849
30061
30270
30481
30688
30889
31086
31282
31479
31681
31884
32089
32293
32500
32709
32922
33138
33351
33563
33780
33999
34222
34451
34681
34907
35139
35361
35576
35779
