2148
2304
2465
2632
2803
2976
3152
3325
3496
3659
3811
3954
4088
4219
4344
4464
4579
4693
4803
4911
5016
5121
5225
5330
5436
5541
5647
5753
5860
5967
6072
6177
6282
6387
6491
6598
6704
6811
6917
7024
7130
7236
7342
7448
7553
7659
7765
7872
7980
8086
8195
8305
8415
8526
8638
8750
8865
8979
9094
9209
9323
9436
9549
9664
9780
9897
10016
10136
10259
10384
10510
10639
10769
10897
11027
11156
11286
11417
11549
11681
11816
11949
12081
12216
12348
12482
12614
12747
12879
13010
13141
13272
13404
13535
13667
13799
13932
14066
14199
14333
14468
14605
14743
14882
15024
15167
15315
15464
15617
15773
15932
16094
16261
16432
16607
16787
16973
17162
17354
17551
17749
17947
18150
18351
18549
18745
18944
19143
19345
19548
19752
19961
20173
20383
20595
20810
21024
21245
21461
21674
21886
22100
22310
22519
22725
22932
23135
23339
23537
23732
23922
24106
24293
24483
24675
24867
25060
25254
25453
25652
25852
26053
26257
26468
26680
26899
27118
27344
27572
27805
28034
28278
28514
28764
29014
29264
29515
29769
30023
30260
30480
30687
30932
31144
31378
31614
31851
