2420
2589
2763
2939
3113
3285
3455
3622
3788
3951
4112
4270
4426
4577
4725
4869
5010
5146
5282
5415
5544
5669
5792
5911
6030
6146
6260
6373
6484
6595
6704
6812
6920
7026
7132
7238
7343
7448
7552
7655
7758
7862
7965
8070
8175
8281
8389
8498
8609
8720
8833
8946
9059
9173
9287
9402
9519
9636
9753
9871
9989
10108
10226
10345
10463
10582
10701
10821
10941
11063
11185
11308
11431
11555
11678
11803
11927
12053
12180
12309
12440
12572
12706
12840
12975
13110
13245
13381
13516
13652
13789
13926
14064
14203
14343
14483
14624
14765
14907
15048
15189
15328
15467
15606
15744
15882
16021
16159
16298
16437
16576
16716
16856
16997
17138
17280
17424
17568
17713
17861
18009
18159
18311
18466
18624
18786
18953
19126
19305
19488
19675
19864
20055
20250
20444
20645
20848
21050
21251
21456
21667
21879
22094
22305
22520
22736
22953
23173
23395
23617
23840
24065
24291
24520
24752
24989
25225
25466
25699
25932
26168
26407
26636
26865
27091
27313
27537
27759
27982
28204
28421
28640
28856
29070
29284
29488
29693
29900
30107
30317
30527
30736
30949
31161
31373
31584
31792
32001
32215
32430
32648
32865
33090
33315
33542
33773
34008
34247
34488
34734
34982
35230
35482
35732
35985
36240
36498
36760
37027
37290
37561
37831
38098
38374
38650
38926
39196
39462
39733
40002
40264
40517
40762
41005
41233
41464
41691
