2253
2406
2561
2717
2871
3026
3178
3328
3475
3617
3756
3892
4025
4155
4283
4407
4529
4648
4765
4879
4992
5104
5214
5322
5430
5536
5641
5745
5847
5949
6051
6151
6252
6352
6453
6554
6655
6757
6860
6964
7067
7172
7276
7382
7488
7593
7699
7805
7912
8018
8126
8234
8343
8453
8565
8679
8793
8909
9026
9144
9264
9384
9505
9627
9749
9872
9994
10117
10240
10364
10488
10613
10739
10865
10992
11119
11246
11374
11502
11631
11760
11890
12020
12150
12279
12408
12537
12669
12806
12961
13114
13348
13458
13714
13801
14023
14339
14473
14594
14712
14837
14964
15094
15226
15360
15497
15636
15775
15916
16058
16201
16343
16487
16633
16778
16925
17073
17223
17374
17527
17683
17840
18002
18167
18336
18509
18688
18875
19070
19271
19477
19683
19890
20097
20309
20526
20748
20970
21189
21407
21632
21859
22087
22316
22546
22774
23001
23223
23442
23663
23883
24100
24313
24528
24747
24974
25204
25426
25652
25875
26102
26328
26559
26792
27024
27260
27492
27727
27962
28196
28435
28682
28933
29186
29438
29693
29944
30201
30460
30728
30993
31274
31525
31799
32057
32313
32576
32854
