2243
2370
2499
2625
2749
2872
2995
3116
3234
3349
3462
3573
3681
3789
3894
3998
4100
4201
4299
4395
4489
4581
4672
4760
4848
4934
5020
5104
5187
5269
5350
5430
5510
5589
5666
5743
5819
5894
5969
6043
6116
6188
6260
6332
6402
6472
6541
6610
6678
6746
6814
6881
6949
7016
7083
7149
7216
7283
7350
7416
7483
7550
7617
7684
7751
7818
7885
7952
8018
8084
8151
8217
8283
8350
8416
8482
8549
8616
8683
8751
8819
8888
8958
9028
9100
9172
9245
9319
9394
9469
9544
9620
9696
9772
9848
9923
9999
10074
10148
10222
10295
10368
10440
10512
10584
10655
10727
10797
10868
10939
11011
11082
11153
11225
11298
11371
11445
11519
11595
11672
11750
11828
11907
11987
12067
12147
12228
12309
12390
12471
12550
12630
12708
12786
12863
12940
13016
13091
13166
13241
13315
13389
13462
13535
13607
13678
13750
13820
13891
13961
14030
14100
14169
14238
14307
14376
14444
14513
14582
14650
14719
14787
14856
14925
14994
15063
15133
15202
15272
15342
15412
15482
15553
15623
15695
15768
15841
15915
15990
16066
16143
16220
16300
16382
16465
16551
16639
16729
16823
16919
17017
17119
17224
17330
17440
17552
17668
17790
17915
18043
18176
18312
18449
18587
18728
18869
19012
19157
19303
19451
19599
19749
19900
20052
20206
20361
20518
20675
20831
20990
21147
21303
21460
21614
21767
21922
22077
22232
22389
22545
22702
22861
23020
23178
23336
23492
23646
23798
23950
24100
24250
24400
24551
24699
24848
24995
25142
25288
25434
25581
25729
25877
26024
26173
26323
26473
26624
26776
26929
27082
27236
27391
27548
27706
27867
28028
28191
28352
28516
28681
28845
29011
29176
29343
29509
29675
29840
30006
30173
30337
30501
30668
30835
30996
31161
31323
31490
31651
31820
31981
32150
32300
