2191
2352
2515
2680
2845
3007
3168
3326
3480
3635
3791
3946
4101
4255
4406
4554
4699
4840
4979
5114
5246
5372
5497
5617
5736
5853
5967
6080
6191
6300
6408
6515
6620
6723
6824
6925
7023
7121
7217
7311
7405
7499
7592
7684
7776
7867
7958
8049
8140
8230
8320
8411
8502
8594
8685
8778
8869
8963
9055
9150
9244
9340
9437
9536
9638
9741
9848
9959
10073
10192
10315
10442
10574
10708
10844
10981
11118
11254
11388
11523
11657
11792
11926
12060
12194
12329
12465
12602
12741
12881
13022
13165
13310
13456
13603
13749
13897
14047
14197
14348
14499
14649
14799
14948
15095
15241
15386
15529
15673
15816
15958
16101
16245
16390
16536
16684
16833
16982
17132
17282
17433
17586
17738
17892
18046
18203
18361
18521
18684
18852
19019
19189
19361
19535
19711
19887
20065
20243
20418
20595
20772
20947
21122
21301
21483
21666
21851
22036
22220
22406
22590
22777
22968
23160
23354
23547
23742
23935
24130
24324
24516
24705
24890
25074
25255
25436
25617
25800
25984
26167
26350
26536
26722
26912
27103
27294
27485
27678
27875
28079
28282
28488
28693
28903
29112
29329
29532
29760
29960
30183
30388
30612
30828
31052
31272
31494
31713
31933
32147
32376
32575
32796
32996
33218
33409
33645
33808
34185
34415
34559
34796
34937
35179
35346
35614
35788
36025
36249
36489
36716
36960
