2096
2246
2395
2548
2698
2847
2999
3148
3291
3428
3559
3690
3815
3940
4062
4181
4299
4416
4533
4648
4761
4874
4985
5096
5206
5314
5422
5528
5634
5740
5844
5949
6053
6157
6261
6365
6468
6573
6677
6781
6885
6989
7092
7195
7298
7400
7503
7605
7707
7809
7912
8015
8119
8222
8326
8430
8535
8641
8746
8854
8961
9070
9178
9288
9397
9508
9616
9724
9833
9943
10055
10166
10277
10390
10502
10615
10730
10844
10958
11073
11189
11305
11421
11538
11654
11770
11886
12002
12118
12235
12351
12469
12586
12706
12823
12945
13065
13188
13309
13434
13558
13687
13819
13955
14096
14238
14382
14525
14667
14809
14948
15087
15225
15363
15501
15639
15778
15915
16053
16192
16330
16469
16608
16748
16888
17030
17172
17316
17464
17610
17757
17907
18063
18221
18384
18552
18726
18906
19094
19286
19486
19690
19899
20114
20337
20561
20786
21012
21239
21467
21698
21931
22168
22401
22635
22866
23098
23334
23567
23802
24039
24273
24507
24741
24976
25213
25452
25696
25937
26179
26417
26654
26896
27140
27393
27649
27908
28172
28451
28736
29031
29326
29618
29906
30193
30480
30773
31062
31372
31659
31963
32272
32580
32900
33171
33474
33731
33986
34246
34497
