2342
2516
2692
2867
3038
3207
3376
3546
3714
3879
4045
4207
4369
4528
4688
4846
4999
5148
5293
5432
5568
5700
5827
5950
6071
6188
6303
6416
6528
6637
6745
6850
6953
7054
7155
7250
7346
7441
7535
7629
7722
7816
7909
8003
8096
8189
8282
8375
8469
8563
8658
8752
8847
8942
9038
9133
9230
9328
9427
9528
9630
9735
9841
9950
10061
10174
10291
10412
10537
10665
10795
10924
11051
11180
11312
11446
11578
11712
11844
11975
12106
12235
12363
12491
12621
12752
12883
13015
13147
13279
13411
13543
13676
13809
13944
14080
14218
14357
14498
14640
14784
14929
15073
15217
15360
15503
15649
15795
15942
16091
16240
16390
16541
16692
16843
16996
17150
17307
17466
17626
17788
17953
18119
18286
18454
18624
18798
18978
19164
19357
19557
19763
19974
20188
20373
20594
20805
21017
21231
21442
21655
21862
22078
22287
22508
22725
22944
23157
23366
23575
23785
23996
24211
24424
24628
24830
25024
25216
25406
25599
25791
25986
26182
26379
26577
26777
26978
27175
27366
27555
27745
27937
28130
28326
28523
28722
28926
29132
29339
29546
29761
29975
30193
30411
30627
30845
31065
31287
31509
31730
31949
32167
32386
32603
32823
33044
33272
33501
33727
33961
34188
34412
34633
34859
35088
35305
35544
35758
36004
36225
36468
36705
36953
37195
37441
37686
37927
38170
38409
