14116
14279
14449
14618
14789
14959
15130
15299
15464
15624
15779
15931
16079
16224
16367
16510
16654
16795
16934
17071
17207
17341
17471
17600
17726
17852
17976
18098
18218
18337
18455
18571
18686
18800
18914
19027
19140
19253
19365
19477
19589
19700
19812
19924
20036
20149
20262
20375
20490
20605
20720
20835
20951
21068
21185
21302
21422
21544
21666
21788
21915
22044
22172
22301
22430
22560
22690
22821
22949
23079
23207
23335
23463
23592
23722
23851
23982
24112
24243
24373
24504
24635
24766
24898
25031
25165
25303
25440
25577
25716
25855
25996
26140
26286
26429
26570
26717
26873
27035
27199
27354
27496
27642
27780
27920
28063
28206
28351
28497
28643
28790
28937
29084
29232
29380
29531
29682
29833
29983
30133
30285
30440
30594
30751
30908
31068
31229
31391
31557
31728
31902
32080
32264
32451
32642
32835
33027
33217
33410
33605
33803
34000
34200
34404
34614
34828
35043
35261
35481
35705
35931
36156
36381
36609
36828
37057
37284
37516
37747
37978
38202
38428
38660
38898
39142
39388
39636
39895
40139
40368
40609
40847
41088
41322
41556
41792
42030
42272
42516
42761
43018
43253
43512
43758
44013
44272
44509
44754
44999
45239
45488
45734
45972
46211
46487
