2695
2768
2842
2918
2994
3070
3146
3220
3295
3369
3441
3513
3585
3657
3728
3798
3869
3939
4009
4079
4149
4218
4288
4357
4425
4494
4562
4630
4698
4765
4833
4900
4967
5034
5101
5167
5234
5300
5366
5432
5498
5564
5629
5695
5760
5825
5891
5956
6021
6086
6151
6216
6281
6345
6410
6475
6539
6604
6669
6734
6799
6864
6929
6994
7060
7125
7191
7257
7324
7390
7457
7525
7592
7660
7728
7797
7866
7936
8005
8076
8146
8217
8289
8360
8433
8506
8580
8654
8728
8804
8879
8954
9030
9106
9182
9258
9335
9412
9489
9566
9644
9721
9799
9877
9955
10033
10111
10189
10267
10346
10425
10505
10585
10665
10746
10827
10909
10992
11075
11158
11242
11327
11411
11496
11580
11665
11750
11835
11919
12004
12088
12172
12255
12339
12423
12507
12590
12674
12758
12842
12926
13011
13096
13181
13267
13353
13440
13527
13614
13703
13794
13886
13972
14137
14310
14396
16440
17156
17256
17348
17442
17537
17631
17726
17822
17918
18015
18111
18207
18304
18400
18497
18595
18692
18789
18887
18984
19081
19178
19275
19372
19470
19568
19666
19765
19864
19964
20066
20168
20271
20374
20478
20583
20688
20794
20901
21008
21116
21225
21335
21448
21557
21670
21782
21896
22012
22128
22244
22364
22482
22609
22724
22850
22956
23081
23198
23319
23440
23561
23683
23803
23925
24046
24169
24292
24415
24540
24665
24789
24915
25039
25167
25294
25419
25548
25674
25804
25930
26062
26180
26422
26665
26801
26913
28243
28345
28451
28561
28673
28786
28897
29008
29119
29231
29342
29455
29566
29679
29793
29907
30023
30139
30257
30378
30503
30604
31089
33987
34061
34184
34269
34386
34488
34596
34705
34814
34923
35031
35140
35246
35352
35460
35566
35674
35783
35893
36003
36114
36226
36337
36451
36561
36673
36786
36898
37011
37122
37236
37348
37459
37573
37686
37799
37915
38026
38144
38255
38371
38485
38599
38715
38830
38946
39063
39178
39295
39411
39527
39643
39761
39879
39995
40112
40229
40345
40463
40579
40696
40813
40929
41047
41164
41280
41397
41514
41630
41749
41865
41983
42100
42218
42334
42451
42564
42680
42791
42906
