2173
2268
2384
2474
2594
2698
2807
2915
3023
3130
3236
3342
3448
3553
3658
3762
3866
3969
4072
4173
4273
4373
4473
4572
4670
4769
4867
4965
5062
5159
5255
5350
5445
5539
5633
5726
5819
5911
6003
6095
6187
6279
6370
6461
6553
6644
6735
6826
6918
7008
7099
7190
7282
7373
7465
7557
7649
7741
7834
7927
8020
8113
8207
8300
8395
8489
8584
8680
8775
8870
8964
9058
9152
9248
9345
9442
9541
9640
9739
9839
9939
10039
10139
10240
10340
10440
10539
10638
10736
10834
10932
11029
11127
11225
11323
11422
11521
11622
11724
11827
11930
12033
12135
12235
12335
12433
12532
12631
12731
12830
12930
13029
13129
13229
13329
13429
13529
13629
13729
13830
13930
14031
14132
14234
14336
14439
14542
14645
14749
14853
14958
15063
15169
15276
15384
15492
15602
15713
15825
15939
16055
16179
16305
16432
16564
16698
16836
16978
17125
17277
17427
17576
17727
17881
18039
18202
18368
18539
18714
18892
19073
19256
19443
19630
19818
20006
20195
20385
20576
20766
20953
21138
21320
21500
21679
21858
22038
22217
22397
22576
22756
22936
23119
23307
23494
23685
23875
24059
24240
24417
24594
24766
24938
25116
25292
25470
25646
25825
26005
26186
26369
26555
26743
26933
27126
27322
27523
27727
27933
28138
28343
28551
28760
28974
29187
29400
29612
29829
30046
30260
30472
30683
30902
31116
31334
31553
