2213
2295
2383
2471
2558
2645
2731
2817
2903
2988
3072
3155
3238
3320
3401
3482
3561
3640
3719
3797
3874
3951
4027
4103
4178
4252
4326
4400
4473
4546
4618
4690
4762
4834
4905
4977
5048
5119
5190
5262
5333
5404
5476
5547
5619
5690
5762
5834
5905
5977
6049
6121
6193
6265
6337
6410
6483
6556
6629
6703
6777
6851
6925
7000
7075
7151
7226
7301
7376
7451
7526
7600
7675
7749
7823
7897
7972
8046
8121
8196
8272
8348
8425
8501
8578
8655
8732
8808
8884
8959
9034
9108
9182
9256
9330
9404
9479
9553
9626
9700
9774
9848
9921
9995
10068
10142
10214
10287
10360
10432
10504
10576
10647
10718
10788
10858
10927
10996
11065
11133
11201
11268
11335
11401
11467
11533
11598
11663
11727
11792
11855
11919
11983
12046
12109
12173
12236
12300
12365
12430
12495
12561
12628
12696
12765
12836
12905
12972
13040
13107
13176
13245
13316
13388
13462
13538
13617
13699
13784
13873
13967
14065
14168
14275
14386
14502
14621
14744
14871
15001
15134
15267
15401
15537
15676
15819
15966
16114
16264
16417
16571
16728
16888
17048
17211
17374
17540
17709
17880
18053
18228
18405
18583
18763
18942
19121
19301
19483
19665
19847
20029
20210
20393
20576
20760
20946
21133
21322
21509
21695
21880
22065
22250
22434
22619
22805
22990
23175
23360
23545
23725
23905
24085
24264
24445
24627
24815
