2209
2290
2375
2459
2542
2624
2707
2788
2868
2948
3027
3105
3182
3259
3334
3410
3484
3558
3631
3704
3776
3848
3919
3989
4059
4129
4198
4267
4335
4402
4470
4536
4603
4669
4734
4800
4865
4929
4994
5058
5122
5185
5248
5311
5373
5436
5497
5559
5620
5681
5741
5802
5862
5923
5983
6043
6103
6163
6223
6283
6343
6403
6464
6524
6584
6645
6706
6767
6827
6889
6950
7012
7074
7136
7199
7262
7326
7390
7454
7519
7584
7651
7718
7785
7853
7923
7992
8063
8135
8207
8280
8353
8427
8502
8578
8654
8731
8808
8885
8963
9041
9120
9199
9277
9356
9436
9516
9595
9676
9756
9838
9919
10001
10084
10167
10250
10333
10417
10501
10585
10669
10753
10837
10921
11005
11088
11171
11255
11338
11421
11503
11585
11667
11749
11831
11912
11994
12075
12157
12238
12320
12402
12485
12568
12650
12733
12816
12900
12985
13071
13158
13249
13344
13441
13514
13784
15906
16013
16102
16189
16272
16354
16435
16516
16596
16675
16755
16833
16912
16991
17069
17148
17226
17305
17384
17462
17541
17620
17699
17778
17858
17937
18016
18096
18176
18256
18336
18416
18497
18578
18660
18742
18824
18907
18990
19074
19158
19243
19328
19415
19502
19590
19679
19769
19860
19952
20045
20138
20233
20331
20429
20528
20628
20729
20830
20933
21038
21145
21257
21371
21483
21594
21706
21821
21930
22039
22150
22262
22375
22489
22603
22718
22833
22948
23061
23177
23290
23408
23524
23640
23758
23876
23995
24115
24232
24353
24472
24590
24710
24828
24946
25064
25181
25301
25420
25541
25663
25785
25910
26035
26167
27304
27410
27526
27638
27749
27860
27971
28080
28190
28301
28412
28523
28635
28744
28852
28961
29069
29176
29284
29393
29502
29615
29729
29842
29958
30074
30196
30358
32377
32553
32774
32865
32975
33077
33181
33285
33390
33494
33599
33705
33810
33917
34024
34131
34239
34349
34458
34568
34678
34789
34901
35011
35123
35235
35346
35459
35571
35684
35798
35911
36026
36141
36256
36372
36486
36601
36715
36828
36943
37058
37171
37285
37400
37516
37632
37747
37864
37980
38098
38213
38330
38444
38559
38675
38790
38905
39020
39134
39249
39363
39476
39588
39701
39813
39925
40034
40142
40249
40354
40458
40559
40658
40754
40849
40941
41031
41120
41208
41294
41379
41464
41547
41630
41712
41793
41874
41956
42037
