2161
2257
2392
2498
2623
2739
2858
2976
3093
3210
3326
3442
3557
3672
3786
3899
4012
4124
4235
4346
4456
4566
4675
4782
4889
4994
5099
5203
5306
5409
5511
5613
5714
5814
5914
6014
6113
6212
6310
6409
6508
6608
6708
6809
6910
7011
7114
7217
7320
7425
7529
7634
7740
7847
7954
8063
8171
8280
8388
8497
8605
8713
8820
8929
9037
9144
9252
9359
9467
9577
9688
9799
9909
10019
10132
10246
10360
10475
10590
10705
10821
10937
11054
11171
11288
11406
11524
11641
11759
11876
11994
12111
12228
12344
12463
12582
12703
12825
12948
13071
13194
13314
13431
13549
13660
13827
13935
14351
14653
14917
15095
15238
15354
15471
15590
15706
15822
15936
16052
16168
16283
16399
16515
16631
16749
16868
16987
17107
17228
17350
17472
17595
17720
17846
17974
18103
18234
18369
18503
18642
18784
18929
19078
19233
19394
19563
19738
19919
20097
20278
20462
20652
20847
21046
21249
21455
21661
21876
22103
22341
22589
22832
23065
23293
23494
23698
23904
24104
24300
24494
24687
24881
25077
25280
25480
25676
25859
26000
26952
27124
27360
27543
27720
27897
28082
28271
28461
28654
28849
29046
29245
29446
29650
29858
30069
30280
30489
30699
30914
31133
31354
31573
31797
32021
32245
32473
32708
32940
33171
33399
33633
33878
34104
34317
34543
