2188
2285
2389
2496
2603
2709
2814
2919
3022
3122
3219
3314
3408
3500
3592
3683
3773
3862
3950
4036
4122
4206
4289
4371
4452
4532
4611
4689
4766
4842
4918
4993
5067
5140
5213
5286
5357
5429
5499
5570
5639
5708
5776
5845
5912
5980
6046
6113
6179
6245
6310
6375
6439
6504
6568
6632
6695
6758
6821
6884
6947
7010
7072
7134
7197
7259
7322
7385
7447
7510
7573
7637
7700
7764
7828
7892
7957
8022
8087
8153
8219
8285
8351
8417
8483
8549
8615
8681
8747
8812
8878
8943
9008
9073
9138
9202
9267
9332
9396
9460
9525
9589
9654
9718
9783
9848
9913
9978
10043
10108
10173
10239
10304
10370
10435
10501
10567
10632
10698
10764
10829
10895
10961
11026
11091
11157
11222
11287
11352
11418
11483
11548
11614
11679
11744
11809
11874
11940
12005
12070
12135
12200
12265
12330
12394
12459
12523
12587
12652
12715
12779
12843
12907
12971
13034
13098
13162
13226
13290
13353
13417
13482
13546
13612
13677
13742
13808
13874
13941
14008
14076
14144
14213
14282
14353
14425
14498
14572
14649
14730
14809
14891
14975
15061
15150
15241
15336
15434
15535
15641
15749
15863
15978
16096
16217
16340
16466
16593
16721
16851
16982
17113
17246
17380
17515
17650
17787
17924
18061
18198
18336
18475
18613
18750
18887
19023
19158
19293
19430
19566
19704
19842
19982
20122
20264
20408
20553
20699
20847
20994
21141
21289
21436
21584
21733
21882
22034
22186
22338
22492
22644
22797
22951
23107
23262
23418
23574
23730
23886
24043
24201
24360
24519
24676
24835
24991
25147
25304
25458
25617
25776
25933
26088
26235
26378
26518
26659
26797
26935
27072
27210
27346
