2284
2419
2561
2708
2858
3012
3168
3325
3484
3644
3805
3965
4123
4280
4435
4589
4741
4890
5038
5188
5335
5480
5624
5765
5903
6041
6175
6305
6433
6556
6677
6795
6911
7024
7136
7245
7354
7461
7566
7670
7772
7872
7971
8068
8164
8258
8351
8442
8532
8622
8710
8798
8886
8974
9061
9148
9235
9321
9408
9494
9580
9666
9753
9840
9927
10015
10103
10193
10282
10372
10464
10555
10648
10741
10834
10928
11023
11119
11215
11312
11410
11506
11602
11699
11797
11895
11995
12095
12197
12301
12406
12513
12621
12732
12844
12957
13072
13188
13304
13420
13536
13652
13767
13883
13999
14115
14232
14349
14466
14584
14703
14823
14943
15063
15185
15307
15431
15557
15684
15813
15944
16076
16210
16344
16479
16614
16749
16883
17017
17151
17286
17420
17554
17689
17823
17957
18090
18222
18354
18487
18619
18752
18886
19019
19151
19283
19415
19548
19682
19816
19950
20086
20222
20360
20499
20639
20781
20926
21074
21224
21378
21534
21693
21854
22020
22184
22345
22506
22668
22832
22997
23163
23329
23494
23663
23834
24008
24182
24360
24537
24718
24901
25090
25281
25472
25663
25856
26047
26243
26442
26644
26850
27034
27221
27400
27578
27759
27942
28128
28317
28508
28699
28888
29077
29267
29461
29651
29839
30027
30216
30406
30596
30791
30988
31186
31391
31602
31814
32020
32223
32424
32627
32830
33039
33249
33458
33671
33888
34110
34333
34553
34771
35001
35197
35611
35821
36253
36443
36910
37105
37384
37612
37873
38131
38370
38606
38841
39077
39334
39600
