2236
2349
2471
2590
2707
2821
2932
3039
3143
3243
3340
3434
3527
3618
3707
3796
3883
3970
4055
4139
4222
4303
4383
4461
4538
4614
4689
4762
4835
4907
4977
5047
5116
5184
5252
5319
5386
5451
5517
5582
5646
5711
5775
5839
5903
5967
6031
6094
6157
6221
6285
6349
6412
6476
6540
6604
6668
6732
6796
6861
6925
6990
7055
7120
7187
7253
7321
7389
7458
7528
7598
7669
7741
7814
7889
7963
8037
8114
8189
8265
8341
8417
8494
8569
8643
8717
8791
8862
8934
9004
9074
9137
9212
9280
9349
9418
9488
9558
9629
9701
9774
9849
9924
10002
10079
10158
10239
10320
10403
10486
10570
10655
10739
10824
10908
10992
11075
11156
11237
11317
11396
11475
11552
11630
11706
11781
11856
11931
12004
12077
12150
12222
12294
12365
12437
12507
12579
12649
12720
12790
12860
12931
13001
13071
13141
13212
13282
13353
13424
13496
13567
13639
13711
13783
13856
13930
14005
14080
14156
14233
14312
14391
14472
14554
14637
14722
14809
14898
14989
15083
15180
15281
15385
15492
15603
15715
15828
15945
16065
16188
16316
16448
16580
16713
16847
16981
17117
17255
17394
17535
17677
17820
17964
18109
18254
18401
18549
18697
18845
18995
19143
19294
19444
19592
19743
19894
20044
20193
20345
20495
20647
20799
20953
21108
21262
21418
21574
21730
21883
22036
22188
22336
22482
22626
22771
22915
23062
23209
23357
23502
23649
23798
23947
24099
24250
24404
24554
24706
24857
25010
25163
25317
25473
25628
25784
25940
26095
26250
26406
26564
26721
26878
27035
27193
27350
27509
27670
27832
27994
28155
28318
28482
28647
28812
28977
29143
29307
29472
29634
29795
29955
30117
30279
30443
30606
30768
30930
31096
