2092
2182
2419
2541
2658
2774
2890
3004
3116
3228
3340
3452
3563
3675
3785
3895
4003
4111
4219
4325
4431
4536
4641
4745
4848
4950
5052
5153
5253
5352
5450
5548
5645
5742
5839
5935
6031
6127
6222
6318
6413
6508
6604
6701
6798
6895
6993
7091
7188
7287
7385
7484
7583
7683
7784
7884
7984
8084
8184
8284
8385
8486
8588
8689
8791
8893
8995
9096
9198
9302
9406
9511
9617
9724
9832
9939
10046
10154
10261
10369
10477
10586
10695
10803
10911
11019
11128
11236
11344
11453
11562
11671
11779
11892
11998
12157
12272
12458
12546
12812
12918
13097
13234
13355
13468
13581
13692
13801
13909
14016
14124
14232
14340
14448
14557
14665
14775
14884
14994
15105
15216
15328
15441
15555
15669
15785
15902
16020
16139
16260
16383
16511
16640
16772
16908
17047
17191
17339
17492
17652
17820
17983
18149
18316
18486
18662
18841
19025
19213
19399
19587
19777
19970
20168
20373
20584
20796
21006
21214
21421
21625
21823
22016
22203
22386
22567
22749
22935
23125
23325
23566
23916
24672
24954
25229
25418
25582
25752
25926
26097
26271
26446
26623
26800
26979
27159
27341
27526
27715
27906
28099
28295
28494
28697
28902
29111
29321
29534
29748
29965
30185
30404
30628
30848
31041
31259
31464
31676
31885
32087
32284
