2066
2163
2276
2384
2490
2597
2702
2806
2910
3013
3116
3218
3321
3424
3526
3628
3729
3830
3931
4031
4132
4232
4333
4432
4531
4629
4726
4822
4919
5014
5109
5205
5300
5396
5491
5586
5681
5777
5872
5968
6064
6160
6257
6353
6450
6548
6647
6746
6846
6947
7048
7149
7250
7352
7453
7555
7656
7757
7858
7958
8059
8160
8261
8362
8464
8566
8668
8769
8870
8971
9073
9176
9279
9384
9488
9593
9698
9804
9909
10015
10120
10225
10330
10435
10539
10643
10747
10851
10954
11057
11162
11270
11387
11508
11591
11903
12028
12846
12989
13123
13238
13351
13463
13571
13677
13782
13887
13993
14098
14204
14310
14416
14522
14628
14735
14841
14948
15055
15162
15270
15379
15490
15601
15714
15828
15943
16060
16177
16296
16419
16544
16672
16804
16942
17085
17233
17388
17551
17722
17896
18067
18244
18426
18615
18809
19008
19211
19417
19622
19830
20039
20249
20461
20676
20895
21105
21307
22413
22678
23212
23385
23553
23729
23902
24073
24243
24413
24583
24754
24926
25098
25272
25453
25639
25828
26038
26271
26504
26718
26916
27099
27271
27440
27611
27783
27958
28133
28307
28481
28657
28837
29019
29205
29395
29585
29775
29966
30162
30359
30556
30756
30961
31171
31380
31592
31803
32016
32225
32433
32644
32858
33071
33284
33499
33713
33934
