2335
2475
2646
2819
2992
3162
3331
3495
3655
3815
3974
4133
4293
4452
4611
4767
4921
5072
5217
5357
5492
5624
5753
5879
6004
6127
6247
6367
6485
6602
6718
6831
6944
7054
7163
7270
7376
7480
7584
7686
7786
7886
7985
8083
8182
8281
8380
8481
8583
8685
8789
8895
9001
9109
9218
9329
9442
9556
9672
9791
9911
10033
10157
10283
10410
10538
10668
10798
10929
11061
11195
11329
11464
11600
11738
11877
12019
12159
12298
12437
12573
12710
12846
12982
13118
13255
13391
13527
13663
13801
13940
14080
14223
14367
14512
14657
14805
14953
15102
15251
15401
15551
15702
15853
16004
16155
16305
16456
16608
16762
16917
17070
17224
17375
17528
17683
17841
18001
18163
18328
18495
18664
18835
19009
19185
19364
19549
19737
19931
20136
20344
20553
20760
20961
21155
21346
21538
21730
21924
22122
22320
22523
22730
22942
23152
23348
23550
23751
23954
24164
24374
24587
24799
25011
25211
25412
25617
25817
26015
26203
26388
26573
26759
26945
27131
27318
27507
27701
27895
28091
28289
28487
28687
28888
29089
29287
29493
29697
29888
30120
30305
30544
30726
30957
31141
31373
31564
31795
32013
32241
32442
32675
32874
33093
33307
33519
33734
33948
34164
34375
34596
34802
35025
35236
35457
35675
35886
36106
36314
36547
36750
36992
37213
37435
37661
37887
38116
38337
38558
38771
38983
