2119
2175
2234
2292
2350
2407
2464
2521
2579
2636
2694
2751
2809
2867
2924
2982
3040
3097
3155
3212
3269
3327
3384
3442
3499
3557
3615
3673
3731
3789
3848
3907
3966
4025
4085
4145
4205
4265
4326
4387
4449
4510
4572
4635
4697
4760
4823
4887
4952
5016
5081
5146
5211
5277
5343
5409
5476
5543
5611
5678
5746
5814
5882
5950
6019
6087
6157
6227
6297
6368
6440
6512
6585
6660
6735
6811
6888
6967
7047
7128
7210
7293
7377
7462
7548
7634
7720
7808
7895
7983
8070
8158
8245
8332
8418
8504
8590
8675
8761
8847
8932
9019
9105
9192
9279
9367
9455
9543
9632
9721
9811
9901
9992
10083
10175
10267
10361
10457
10553
10652
10751
10852
10953
11056
11160
11265
11371
11479
11588
11698
11810
11923
12037
12155
12272
12392
12513
12637
12761
12887
13015
13144
13274
13407
13540
13677
13815
13955
14097
14240
14385
14531
14676
14824
14973
15125
15279
15431
15583
15737
15891
16046
16200
16352
16509
16666
16825
16984
17142
17302
17463
17625
17788
17951
18114
18277
18441
18604
18766
18926
19087
19247
19407
19566
19725
19884
20042
20202
20359
20514
20671
20827
20985
21145
21305
21468
21631
21794
21957
22119
22283
22446
22608
22771
22932
23094
23254
23417
23580
23744
23909
24075
24241
24406
24571
24736
24899
25063
25226
25390
25553
25716
25878
26042
26205
26370
26533
26698
26862
27025
27190
27354
27517
27681
27844
28007
28170
28333
28496
28657
