2215
2317
2421
2527
2631
2736
2836
2936
3033
3130
3226
3322
3418
3513
3607
3699
3791
3882
3971
4060
4148
4234
4319
4402
4484
4565
4645
4724
4802
4879
4955
5029
5103
5176
5248
5320
5390
5460
5530
5598
5666
5733
5800
5866
5932
5996
6061
6125
6189
6253
6316
6379
6441
6503
6565
6626
6688
6749
6810
6871
6933
6994
7055
7117
7179
7241
7303
7366
7429
7492
7557
7621
7687
7753
7819
7886
7953
8021
8088
8156
8224
8292
8360
8427
8494
8561
8627
8693
8758
8822
8886
8950
9013
9077
9141
9205
9269
9333
9397
9462
9526
9591
9657
9722
9788
9854
9920
9986
10053
10120
10188
10255
10323
10391
10459
10528
10596
10665
10734
10803
10872
10941
11011
11080
11150
11220
11290
11361
11431
11501
11571
11641
11711
11781
11852
11922
11993
12064
12135
12207
12278
12350
12421
12494
12566
12639
12712
12785
12858
12932
13007
13081
13157
13233
13310
13387
13466
13545
13626
13709
13792
13878
13966
14055
14144
14235
14327
14422
14518
14616
14717
14821
14928
15038
15148
15262
15374
15488
15603
15722
15843
15968
16094
16224
16356
16490
16626
16762
16898
17034
17169
17304
17439
17574
17709
17844
17979
18117
18254
18391
18528
18665
18803
18940
19077
19213
19350
19486
19623
19761
19899
20039
20179
20320
20462
20604
20748
20892
21037
21185
21334
21484
21635
21787
21938
22091
22243
22395
22547
22700
22852
23003
23154
23304
23454
23605
23755
23906
24057
24211
24362
24513
24664
24814
24964
25113
25264
25416
25567
25714
25835
26104
26377
26682
26803
26963
27080
27243
27350
27626
27910
