2380
2511
2664
2821
2983
3149
3313
3474
3635
3798
3962
4121
4277
4432
4585
4735
4885
5033
5177
5317
5453
5584
5709
5832
5950
6066
6179
6291
6400
6509
6616
6721
6825
6928
7029
7129
7228
7325
7421
7517
7612
7707
7801
7896
7990
8083
8176
8268
8359
8449
8539
8627
8715
8803
8890
8978
9065
9152
9239
9326
9415
9503
9592
9682
9772
9863
9956
10051
10147
10247
10350
10456
10565
10677
10791
10909
11028
11148
11268
11387
11507
11626
11745
11864
11983
12102
12222
12345
12470
12598
12728
12861
12996
13131
13266
13402
13537
13672
13808
13945
14082
14221
14360
14499
14639
14780
14922
15066
15211
15356
15501
15648
15795
15944
16094
16248
16404
16563
16726
16892
17060
17234
17410
17594
17781
17972
18166
18365
18566
18770
18971
19166
19369
19579
19788
19989
20191
20389
20589
20791
20995
21201
21406
21610
21810
22010
22210
22409
22604
22792
22976
23151
23327
23507
23689
23871
24049
24227
24406
24583
24764
24946
25129
25313
25496
25683
25876
26079
26285
26484
26706
26907
27154
27335
27555
27806
27989
28207
28420
28639
28865
29066
29304
29507
29735
29951
30190
30410
30651
30888
31126
31359
31584
31822
32037
32261
32492
32720
32940
33171
33395
33628
33872
