2194
2290
2440
2576
2712
2847
2979
3109
3237
3364
3490
3613
3736
3857
3976
4094
4210
4322
4433
4541
4648
4752
4853
4952
5049
5145
5238
5329
5419
5507
5593
5677
5759
5839
5918
5996
6073
6149
6223
6297
6370
6442
6514
6585
6656
6726
6796
6865
6934
7003
7071
7139
7208
7276
7344
7410
7477
7544
7611
7677
7744
7810
7876
7943
8009
8075
8141
8207
8275
8342
8410
8478
8547
8616
8687
8758
8830
8902
8975
9049
9124
9199
9275
9351
9428
9506
9583
9662
9740
9818
9897
9974
10052
10130
10208
10285
10363
10441
10519
10597
10676
10756
10837
10918
11000
11082
11166
11249
11333
11417
11502
11587
11671
11755
11839
11921
12005
12087
12170
12252
12335
12418
12500
12582
12664
12744
12824
12903
12981
13058
13135
13210
13286
13360
13434
13508
13581
13655
13727
13800
13873
13946
14018
14090
14162
14234
14306
14377
14449
14521
14593
14666
14739
14812
14887
14961
15036
15112
15188
15265
15341
15419
15497
15577
15656
15736
15818
15901
15984
16070
16158
16248
16340
16434
16531
16630
16729
16830
16933
17037
17144
17251
17363
17478
17600
17726
17858
17993
18131
18271
18411
18551
18692
18835
18979
19125
19272
19421
19569
19720
19871
20023
20173
20324
20475
20625
20775
20927
21080
21234
21390
21545
21700
21856
22012
22170
22327
22484
22640
22794
22949
23101
23252
23403
23553
23704
23857
24009
24163
24317
24471
24625
24779
24933
25090
25246
25402
25562
25722
25882
26042
26203
26365
26528
26692
26857
27024
27194
27363
27535
27707
27890
28061
28246
28402
28595
28740
28931
29091
29268
29440
29616
29786
29958
30127
30295
30461
30633
30795
30970
