2263
2359
2454
2551
2647
2743
2838
2932
3026
3118
3208
3295
3381
3465
3547
3628
3709
3789
3869
3949
4029
4108
4187
4265
4343
4420
4497
4574
4651
4727
4804
4880
4956
5031
5106
5181
5256
5330
5403
5477
5551
5624
5696
5768
5839
5911
5981
6051
6121
6190
6259
6327
6395
6462
6529
6595
6662
6727
6793
6857
6922
6985
7049
7112
7175
7238
7301
7363
7424
7486
7550
7607
7668
7727
7787
7847
7906
7965
8025
8086
8146
8206
8268
8330
8392
8456
8520
8585
8651
8718
8786
8855
8925
8997
9069
9143
9219
9301
9836
9904
9977
10050
10123
10195
10267
10340
10411
10484
10556
10628
10700
10773
10845
10919
10992
11066
11141
11217
11293
11370
11447
11523
11601
11678
11755
11832
11909
11985
12062
12138
12215
12292
12370
12448
12526
12606
12685
12766
12847
12928
13009
13092
13175
13260
13346
13432
13519
13608
13698
13788
13880
13972
14065
14159
14254
14349
14445
14542
14639
14738
14837
14937
15039
15140
15243
15347
15451
15557
15663
15771
15880
15989
16101
16213
16326
16441
16557
16675
16793
16913
17034
17156
17280
17405
17530
17656
17785
17917
18051
18188
18328
18468
18610
18751
18893
19034
19175
19316
19457
19600
19742
19885
20028
20173
20317
20459
20599
20739
20878
21018
21157
21297
21438
21580
21724
21870
22015
22159
22299
22439
22579
22719
22858
22997
23136
23275
23414
23557
23698
23839
23979
24119
24260
24399
24540
24681
24821
24961
25102
25243
25383
25526
25667
25810
25953
26097
26240
26384
26528
26672
26816
26962
27108
27255
27402
27550
27699
27849
27998
28146
28295
28445
28595
28744
28893
29042
29190
29337
29485
29633
29780
29928
30075
30216
30354
