2110
2265
2348
2480
2598
2719
2839
2959
3079
3198
3317
3435
3551
3667
3783
3897
4010
4123
4234
4344
4453
4560
4668
4774
4880
4985
5089
5193
5295
5397
5498
5598
5697
5797
5896
5995
6094
6193
6291
6389
6487
6585
6683
6781
6880
6979
7078
7178
7278
7379
7480
7581
7683
7784
7886
7988
8090
8192
8295
8397
8499
8602
8705
8808
8912
9015
9117
9220
9323
9426
9530
9634
9739
9844
9949
10054
10161
10267
10375
10482
10590
10698
10806
10915
11024
11134
11245
11356
11468
11581
11694
11806
11918
12029
12139
12248
12358
12468
12577
12687
12796
12906
13016
13126
13236
13345
13454
13564
13673
13782
13891
13999
14109
14218
14328
14437
14546
14655
14764
14874
14984
15094
15205
15316
15428
15540
15654
15768
15884
16001
16121
16246
16374
16505
16638
16776
16919
17068
17224
17386
17544
17706
17871
18043
18221
18403
18589
18779
18971
19167
19366
19567
19769
19974
20178
20384
20594
20801
21007
21205
21396
21583
21767
21950
22133
22318
22505
22692
22878
23065
23252
23440
23627
23812
23998
24184
24371
24560
24750
24942
25135
25329
25525
25724
25923
26124
26326
26526
26731
26938
27145
27354
27565
27778
27988
28205
28414
28632
28838
29054
29261
29468
29677
29885
30097
30309
30521
30730
30940
31151
