8305
8477
8663
8849
9037
9222
9404
9582
9755
9920
10079
10234
10385
10533
10676
10817
10955
11090
11221
11349
11475
11597
11716
11833
11949
12061
12171
12279
12384
12488
12589
12691
12791
12891
12991
13091
13188
13286
13383
13480
13577
13674
13771
13869
13967
14065
14163
14262
14361
14462
14563
14665
14768
14872
14976
15082
15188
15295
15405
15516
15629
15744
15862
15982
16102
16226
16353
16482
16612
16743
16875
17006
17135
17263
17388
17512
17636
17760
17885
18011
18138
18265
18392
18520
18648
18777
18907
19038
19170
19304
19440
19577
19715
19853
19991
20129
20266
20403
20539
20674
20808
20941
21073
21205
21338
21471
21606
21742
21878
22017
22155
22295
22435
22578
22722
22870
23024
23182
23347
23518
23695
23877
24064
24255
24454
24655
24859
25064
25276
25481
25690
25903
26119
26345
26578
26817
27061
27309
27559
27809
28055
28305
28544
28789
29029
29264
29508
29736
29955
30179
30392
30606
30819
31033
31249
31463
31679
31894
32104
32308
32514
32723
32939
33160
33387
33615
33843
34074
34295
34516
34743
34971
35212
35456
35700
35949
36212
36475
36749
37031
37291
37572
37854
38141
38424
38702
39002
39313
39644
39987
40323
40609
40943
41225
