2408
2559
2722
2888
3054
3220
3386
3547
3713
3877
4044
4210
4374
4534
4693
4848
5001
5149
5295
5437
5576
5712
5844
5974
6101
6226
6348
6468
6587
6704
6819
6931
7042
7151
7258
7364
7469
7572
7675
7776
7877
7977
8077
8176
8275
8373
8471
8569
8666
8764
8863
8961
9061
9163
9266
9371
9478
9588
9700
9814
9928
10045
10164
10286
10409
10533
10658
10783
10909
11034
11160
11286
11411
11536
11662
11789
11916
12044
12174
12306
12440
12575
12711
12847
12984
13120
13258
13396
13536
13678
13819
13962
14106
14252
14398
14546
14695
14844
14995
15146
15298
15451
15603
15758
15916
16075
16237
16400
16565
16734
16907
17086
17272
17466
17664
17869
18076
18286
18494
18706
18909
19136
19332
19557
19764
19983
20191
20405
20622
20824
21035
21242
21448
21659
21869
22077
22286
22488
22679
22867
23053
23235
23416
23595
23776
23958
24143
24331
24520
24713
24901
25081
25262
25446
25631
25822
26017
26217
26417
26618
26819
27022
27239
27432
27661
27864
28088
28293
28521
28739
28946
29168
29372
29603
29789
30023
30191
30432
30594
30820
31032
31259
31461
31706
31897
32144
32337
32580
32790
33026
33252
33481
33707
33938
34171
34403
34632
34860
35083
35298
