2211
2295
2391
2486
2582
2676
2771
2864
2957
3049
3140
3230
3319
3407
3495
3581
3666
3750
3834
3917
3999
4081
4162
4243
4323
4403
4483
4562
4641
4719
4798
4876
4955
5033
5112
5190
5269
5348
5428
5507
5588
5668
5749
5830
5912
5993
6075
6157
6240
6324
6408
6493
6580
6668
6757
6847
6938
7030
7121
7213
7306
7398
7490
7582
7673
7765
7856
7947
8037
8128
8218
8308
8399
8490
8581
8673
8765
8857
8950
9042
9135
9229
9322
9415
9508
9602
9697
9796
9896
10006
10080
10649
10698
11570
11658
11748
11861
11959
12062
12165
12269
12373
12477
12581
12686
12789
12892
12995
13096
13196
13295
13393
13491
13587
13684
13779
13874
13968
14061
14154
14246
14337
14428
14519
14609
14698
14788
14877
14966
15055
15143
15230
15318
15406
15495
15587
15681
15777
15876
15973
16069
16166
16265
16366
16470
16576
16686
16798
16914
17036
17161
17293
17430
17572
17718
17866
18015
18167
18321
18477
18635
18796
18960
19127
19294
19463
19635
19807
19982
20157
20334
20507
20681
20854
21022
21198
21327
23729
23880
24044
24209
24371
24535
24697
24858
25017
25174
25331
25490
25651
25811
25972
26134
26302
26472
26645
26820
26998
27175
27352
27529
27712
27897
28084
28273
28464
28656
28847
29037
29226
29413
29602
29792
29982
30172
30362
30550
30738
30925
31113
31300
31488
31678
31876
