2334
2430
2527
2622
2716
2811
2906
3000
3094
3187
3279
3370
3459
3546
3631
3713
3794
3872
3950
4026
4102
4176
4250
4323
4396
4468
4540
4612
4682
4752
4822
4890
4959
5026
5094
5160
5227
5293
5358
5423
5488
5553
5617
5680
5745
5808
5871
5935
5998
6060
6122
6184
6246
6308
6370
6430
6491
6552
6612
6672
6731
6790
6849
6908
6966
7024
7082
7140
7197
7256
7313
7371
7430
7489
7548
7607
7667
7727
7787
7848
7908
7968
8028
8088
8148
8208
8267
8326
8385
8444
8503
8562
8621
8681
8742
8803
8865
8927
8991
9055
9119
9184
9250
9316
9382
9448
9514
9581
9647
9714
9780
9846
9911
9977
10042
10107
10172
10236
10300
10364
10427
10490
10552
10614
10676
10738
10799
10861
10922
10984
11046
11108
11171
11234
11297
11361
11425
11490
11555
11620
11686
11752
11818
11885
11952
12019
12088
12156
12225
12295
12365
12436
12510
12588
12674
12770
12888
13193
14258
14349
14425
14501
14576
14649
14723
14795
14867
14939
15010
15082
15155
15228
15301
15374
15448
15522
15597
15672
15747
15824
15903
15981
16060
16141
16222
16304
16387
16469
16554
16639
16725
16812
16901
16991
17082
17174
17268
17363
17459
17558
17658
17759
17864
17971
18078
18188
18298
18411
18525
18640
18757
18875
18993
19114
19236
19361
19492
19629
19772
19914
20055
20195
20336
20476
20617
20758
20900
21042
21185
21328
21469
21611
21752
21892
22032
22172
22311
22449
22584
22719
22854
22991
23128
23266
23403
23540
23676
23812
23948
24084
24219
24355
24492
24628
24765
24901
25039
25176
25314
25453
25593
25730
25865
25998
26128
26257
26386
26517
26649
26782
26915
27049
27182
27316
27450
27584
27718
27852
27988
28123
28258
28395
28534
28673
28812
28951
29091
29233
29376
29519
29662
29806
29949
30093
30238
30384
30530
30676
30824
30972
31120
31269
31418
31567
31716
31864
32013
32164
32315
32467
32618
32768
32915
33061
33206
33351
33495
33638
33779
33920
34058
34197
34333
34471
34608
34744
34878
35013
35151
35291
35438
