2385
2468
2559
2647
2735
2822
2908
2992
3076
3159
3240
3321
3402
3483
3562
3642
3721
3799
3878
3956
4034
4111
4189
4266
4342
4419
4495
4570
4645
4720
4795
4868
4942
5015
5088
5161
5233
5305
5377
5448
5519
5591
5661
5732
5803
5873
5943
6014
6084
6154
6224
6294
6363
6433
6503
6572
6642
6712
6781
6851
6921
6991
7061
7131
7201
7271
7342
7412
7483
7554
7625
7697
7768
7840
7912
7984
8057
8130
8203
8277
8351
8425
8500
8574
8650
8725
8800
8876
8952
9028
9104
9180
9256
9333
9409
9485
9561
9637
9713
9789
9864
9939
10014
10089
10163
10237
10312
10386
10460
10535
10609
10684
10760
10835
10911
10987
11063
11140
11218
11295
11374
11453
11531
11611
11690
11771
11851
11938
12014
12101
12381
13844
14095
14164
14252
14331
14413
14494
14575
14657
14738
14819
14900
14982
15063
15145
15227
15310
15393
15477
15561
15646
15731
15816
15901
15986
16072
16157
16242
16328
16414
16500
16587
16674
16761
16848
16936
17024
17112
17201
17291
17381
17471
17562
17654
17747
17842
17937
18034
18134
18234
18337
18441
18548
18656
18766
18878
18991
19104
19218
19335
19453
19570
19683
19794
19907
20020
20134
20248
20364
20480
20597
20714
20832
20951
21068
21191
21296
21430
21533
21666
21759
21890
21996
22220
22340
22458
22579
22698
22818
22936
23057
23172
23290
23406
23521
23634
23747
23859
23971
24082
24195
24307
24421
24534
24647
24761
24874
24989
25103
25218
25333
25446
25562
25671
25878
25967
28067
28158
28456
28563
28668
28776
28883
28992
29100
29208
29318
29427
29537
29649
29761
29875
29989
30103
30215
30331
30444
30560
30673
30788
30902
31017
31133
31248
31364
31480
31598
31713
31830
31945
32061
32175
32289
32402
32515
32630
32744
32860
32977
33094
33212
33329
33446
33564
33682
33798
33916
34034
34152
34270
34387
34505
34623
34741
34858
34975
35092
35209
35326
35441
35559
35676
35794
35909
36024
36140
36254
36371
36483
36609
36696
36829
36932
37041
37149
