2208
2304
2408
2512
2742
2856
2970
3084
3196
3307
3420
3530
3642
3752
3859
3964
4065
4166
4266
4364
4461
4557
4653
4750
4845
4937
5028
5119
5210
5299
5388
5476
5565
5652
5739
5825
5909
5994
6077
6160
6243
6324
6406
6486
6567
6646
6725
6804
6882
6959
7036
7112
7188
7264
7338
7413
7486
7560
7633
7706
7778
7850
7922
7994
8065
8136
8206
8276
8347
8416
8486
8556
8625
8695
8765
8835
8905
8976
9047
9120
9193
9267
9342
9417
9493
9569
9646
9722
9799
9875
9951
10026
10100
10174
10247
10320
10393
10466
10539
10612
10685
10758
10832
10905
10978
11052
11125
11198
11272
11345
11418
11492
11565
11638
11711
11784
11857
11930
12003
12076
12149
12222
12295
12368
12441
12515
12588
12660
12733
12806
12879
12952
13025
13097
13169
13241
13313
13385
13456
13527
13598
13669
13739
13809
13879
13949
14019
14089
14159
14229
14299
14369
14439
14509
14580
14651
14722
14794
14865
14938
15011
15084
15158
15232
15307
15383
15460
15538
15617
15698
15779
15864
15950
16035
16123
16214
16307
16402
16500
16600
16704
16810
16921
17033
17147
17263
17381
17501
17623
17748
17875
18005
18137
18271
18407
18543
18679
18817
18955
19093
19229
19368
19506
19643
19780
19916
20052
20189
20327
20464
20601
20740
20878
21016
21153
21290
21427
21565
21705
21846
21988
22131
22274
22418
22564
22711
22858
23006
23154
23303
23451
23600
23750
23899
24049
24198
24347
24499
24652
24803
24957
25113
25269
25426
25580
25738
25896
26053
26212
26372
26528
26682
26835
26988
27143
27299
27455
27613
27771
27929
28083
28229
28368
28514
28649
28795
28924
29189
29475
