2189
2288
2389
2488
2587
2685
2781
2877
2971
3065
3157
3248
3338
3427
3516
3604
3690
3776
3861
3946
4029
4112
4194
4275
4355
4435
4513
4591
4669
4746
4822
4898
4973
5048
5122
5196
5269
5342
5415
5487
5559
5631
5702
5773
5844
5915
5986
6056
6127
6198
6268
6339
6410
6481
6552
6624
6696
6768
6841
6914
6988
7062
7138
7213
7290
7366
7443
7521
7599
7677
7755
7834
7913
7991
8070
8149
8227
8305
8383
8461
8538
8615
8693
8769
8846
8923
9000
9078
9155
9233
9312
9391
9470
9550
9630
9710
9791
9871
9951
10031
10110
10190
10270
10350
10430
10511
10591
10672
10753
10834
10915
10996
11077
11157
11239
11319
11400
11480
11560
11641
11721
11801
11880
11960
12039
12118
12197
12275
12353
12431
12509
12587
12664
12741
12818
12895
12972
13048
13124
13200
13277
13353
13429
13506
13582
13659
13736
13813
13890
13967
14045
14124
14204
14285
14368
14453
14540
14632
14727
14823
14920
15017
15119
15226
15338
15454
15576
15702
15827
15952
16073
16193
16319
16452
16594
16742
16895
17054
17217
17385
17554
17723
17892
18062
18233
18405
18577
18751
18927
19104
19282
19460
19638
19819
20001
20184
20368
20556
20742
20929
21119
21309
21497
21684
21871
22061
22250
22441
22631
22822
23015
23211
23405
23600
23801
24002
24210
24419
24640
24847
25058
25266
25474
25684
25895
26102
26301
26499
26694
26889
27084
27278
27470
27662
27852
28039
28225
28408
28593
28777
28960
29141
29323
29500
29680
