2411
2476
2541
2606
2672
2738
2803
2868
2933
2997
3062
3126
3189
3253
3316
3379
3442
3505
3568
3631
3693
3756
3819
3882
3945
4008
4072
4135
4198
4261
4324
4387
4451
4514
4577
4641
4704
4768
4831
4895
4958
5022
5086
5149
5213
5277
5341
5405
5469
5533
5597
5661
5725
5790
5854
5919
5983
6048
6113
6178
6243
6308
6373
6439
6505
6571
6638
6704
6771
6838
6906
6974
7042
7110
7179
7248
7317
7387
7457
7528
7599
7670
7742
7814
7886
7959
8032
8105
8179
8254
8329
8404
8480
8556
8633
8709
8786
8863
8941
9019
9096
9175
9254
9332
9412
9493
9575
9658
9742
9827
9913
9999
10084
10170
10254
10339
10423
10506
10588
10671
10753
10836
10919
11002
11084
11167
11249
11332
11414
11497
11579
11661
11743
11825
11906
11989
12071
12153
12236
12318
12401
12483
12566
12650
12734
12819
12904
12990
13075
13163
13249
13339
13418
13585
13887
14231
14492
14552
15995
16363
16450
16540
16629
16719
16809
16900
16990
17081
17174
17266
17359
17453
17548
17642
17737
17832
17928
18023
18119
18215
18312
18409
18507
18604
18702
18800
18899
18998
19098
19197
19297
19396
19497
19598
19698
19798
19899
20000
20102
20205
20307
20412
20516
20621
20728
20836
20945
21055
21167
21281
21391
21504
21616
21725
21839
21950
22064
22177
22293
22405
22524
22636
22766
22853
22993
23078
23211
23302
23424
23529
23643
23756
23869
23983
24097
24212
24327
24443
24555
24672
24784
24901
25012
25131
25241
25366
25464
25600
25685
25803
25938
26019
26153
26252
26383
26472
26608
26696
26812
26931
27062
27158
27267
27383
27506
27618
27729
27842
27952
28064
28173
28281
28390
28498
28606
28714
28822
28930
29038
29145
29254
29362
29470
29579
29688
29798
29910
30021
30134
30249
30358
30452
30742
33507
33603
33716
33800
33905
34006
34107
34208
34309
34409
34508
34609
34710
34811
34913
35016
35118
35221
35324
35429
35534
35639
35745
35852
35958
36064
36171
36277
36384
36491
36598
36705
36813
36919
37027
37135
37242
37351
37459
37568
37678
37788
37897
38007
38117
38227
38339
38450
38562
38674
38785
38899
39011
39126
39240
39355
39471
39584
39698
39814
39930
40043
40159
40274
40390
40504
40619
40734
40849
40964
41081
41194
41310
41424
41540
41652
41768
41882
41995
42109
42219
42330
42439
42545
42654
42760
42876
42978
43079
43185
43284
