2225
2463
2591
2709
2829
2946
3063
3179
3293
3407
3521
3633
3744
3854
3963
4070
4174
4278
4381
4484
4585
4686
4786
4886
4985
5084
5182
5279
5375
5472
5567
5662
5756
5850
5943
6037
6129
6222
6315
6408
6500
6592
6685
6777
6869
6961
7054
7146
7239
7332
7425
7518
7612
7705
7798
7891
7985
8079
8173
8268
8362
8458
8553
8649
8745
8843
8941
9039
9138
9236
9333
9430
9529
9628
9729
9831
9934
10039
10144
10250
10357
10464
10572
10681
10788
10895
11000
11105
11211
11316
11421
11526
11633
11740
11848
11956
12065
12173
12281
12388
12496
12603
12710
12818
12926
13034
13142
13249
13356
13463
13570
13678
13786
13894
14002
14110
14219
14328
14437
14547
14657
14768
14880
14991
15104
15217
15331
15445
15560
15675
15791
15907
16024
16143
16264
16389
16517
16647
16780
16917
17057
17203
17354
17503
17657
17814
17974
18140
18311
18484
18661
18842
19029
19220
19414
19609
19805
20002
20198
20392
20583
20771
20958
21145
21328
21512
21695
21880
22068
22252
22437
22627
22816
23017
23269
24525
24690
24843
24991
25142
25300
25458
25618
25778
25938
26099
26264
26431
26604
26785
26968
27153
27342
27532
27723
27918
28115
28311
28509
28706
28905
29107
29311
29514
29717
29923
30130
30339
30546
30753
30960
31176
