12621
12766
12937
13105
13274
13441
13603
13763
13917
14067
14211
14348
14479
14606
14729
14850
14968
15084
15197
15308
15418
15527
15634
15740
15845
15949
16052
16153
16254
16354
16453
16551
16648
16745
16841
16937
17033
17129
17224
17319
17414
17509
17604
17698
17793
17888
17983
18079
18174
18270
18366
18463
18560
18658
18756
18855
18954
19054
19154
19255
19356
19459
19561
19663
19766
19870
19974
20078
20183
20288
20394
20499
20605
20711
20819
20927
21036
21145
21255
21366
21478
21591
21704
21817
21931
22045
22158
22272
22386
22501
22616
22732
22849
22965
23083
23201
23319
23438
23558
23678
23798
23919
24040
24161
24283
24406
24529
24653
24776
24901
25026
25152
25277
25404
25530
25658
25785
25914
26043
26173
26304
26435
26566
26698
26830
26964
27098
27234
27371
27511
27653
27798
27947
28098
28254
28415
28581
28752
28929
29112
29298
29489
29685
29889
30095
30301
30510
30723
30935
31149
31366
31586
31807
32031
32254
32476
32702
32926
33150
33372
33596
33822
34048
34276
34501
34729
34955
35181
35403
35623
35841
36061
36290
36522
36755
36987
37216
37441
37672
37895
38120
38346
38581
38824
39072
39332
39599
39879
40161
40441
40720
40995
41268
41539
41805
42072
42343
42619
42896
43181
43479
43783
44084
44384
44698
