3064
3221
3388
3560
3729
3902
4081
4261
4446
4635
4825
5011
5189
5359
5518
5671
5825
5978
6130
6281
6430
6579
6725
6869
7010
7147
7280
7410
7536
7658
7777
7894
8010
8125
8238
8350
8461
8569
8677
8783
8888
8992
9095
9197
9298
9398
9498
9596
9695
9794
9891
9988
10085
10181
10278
10375
10473
10571
10670
10770
10872
10976
11080
11185
11290
11396
11503
11612
11722
11834
11947
12062
12177
12293
12410
12527
12645
12762
12879
12997
13115
13233
13352
13472
13592
13714
13837
13962
14089
14217
14346
14476
14606
14736
14866
14996
15126
15254
15382
15510
15637
15764
15891
16017
16144
16269
16396
16521
16645
16770
16894
17020
17145
17272
17399
17527
17657
17789
17923
18061
18203
18350
18503
18660
18827
19001
19180
19365
19556
19748
19946
20148
20353
20556
20757
20962
21170
21382
21589
21802
22015
22233
22455
22681
22926
23347
23982
24186
24391
24604
24820
25041
25255
25467
25681
25894
26106
26314
26516
26716
26913
27104
27293
27485
27678
27875
28078
28286
28493
28694
28893
29094
29300
29510
29717
29928
30140
30347
30557
30761
30961
31159
31358
31558
31759
31973
32183
32401
32627
32858
33090
33336
33581
33837
34089
34324
34579
34840
35102
35350
35615
35877
36140
36400
36658
36905
37157
37402
37640
37891
