2117
2228
2340
2449
2568
2680
2794
2905
3016
3126
3235
3343
3451
3559
3667
3773
3880
3985
4090
4194
4297
4399
4501
4601
4701
4800
4898
4995
5091
5186
5280
5374
5467
5560
5653
5746
5838
5931
6023
6116
6209
6301
6393
6485
6577
6669
6761
6854
6946
7040
7133
7227
7322
7418
7514
7610
7707
7804
7901
7999
8097
8195
8293
8392
8492
8591
8692
8792
8892
8993
9094
9197
9300
9403
9507
9611
9716
9820
9925
10029
10133
10238
10341
10444
10547
10650
10752
10855
10957
11059
11162
11265
11369
11472
11576
11680
11783
11886
11988
12091
12193
12297
12400
12503
12607
12711
12814
12919
13023
13128
13233
13338
13444
13551
13658
13766
13874
13983
14092
14201
14312
14423
14535
14648
14762
14878
14996
15116
15238
15361
15487
15618
15755
15894
16037
16185
16338
16497
16663
16836
17010
17165
17329
17497
17669
17846
18026
18210
18397
18583
18771
18961
19155
19352
19551
19752
19953
20152
20351
20547
20739
20927
21111
21293
21474
21655
21831
22009
22189
22377
22572
22774
22981
23201
23421
23636
23841
24032
24212
24390
24568
24746
24934
25124
25316
25506
25697
25890
26085
26283
26485
26688
26891
27096
27306
27513
27722
27933
28149
28369
28591
28809
29031
29252
29470
29695
29918
30137
