2192
2280
2375
2469
2564
2655
2746
2834
2922
3009
3096
3182
3268
3353
3437
3521
3604
3688
3771
3853
3936
4018
4099
4181
4261
4342
4421
4501
4579
4657
4735
4812
4889
4965
5040
5116
5191
5265
5339
5413
5487
5560
5632
5704
5776
5847
5917
5988
6057
6127
6197
6265
6334
6402
6470
6539
6606
6673
6739
6806
6872
6938
7004
7069
7134
7199
7264
7328
7393
7457
7522
7587
7653
7719
7786
7853
7921
7990
8060
8131
8203
8275
8349
8424
8500
8576
8654
8732
8811
8891
8971
9052
9133
9215
9296
9377
9458
9539
9619
9699
9778
9857
9935
10013
10091
10169
10248
10327
10406
10486
10566
10647
10728
10811
10893
10977
11061
11145
11231
11318
11406
11495
11585
11676
11768
11859
11951
12041
12131
12221
12310
12398
12487
12576
12666
12757
12849
12942
13037
13133
13230
13329
13429
13531
13634
13738
13843
13949
14056
14164
14274
14383
14493
14604
14715
14828
14942
15056
15172
15289
15408
15527
15647
15768
15890
16014
16139
16263
16391
16519
16649
16781
16913
17047
17183
17319
17459
17598
17730
17864
17997
18132
18268
18404
18540
18675
18812
18949
19087
19227
19370
19516
19664
19814
19962
20108
20250
20390
20527
20663
20797
20931
21065
21199
21333
21468
21602
21737
21873
22012
22152
22295
22437
22578
22718
22857
22995
23134
23273
23413
23553
23693
23833
23974
24113
24252
24395
24536
24676
24817
24959
25100
25243
25385
25528
25671
25816
25959
26104
26249
26394
26541
26690
26838
26986
27137
27288
27440
27591
27747
27904
28062
28218
28376
28536
28694
28856
29016
29174
29331
29486
29637
29790
29940
30091
30243
30396
30551
30702
30857
31009
31155
31294
31426
