2103
2176
2269
2360
2452
2546
2639
2732
2826
2919
3012
3104
3195
3284
3372
3458
3541
3624
3706
3787
3869
3951
4033
4114
4194
4275
4354
4433
4512
4589
4666
4741
4814
4887
4958
5028
5097
5165
5233
5301
5368
5435
5502
5568
5633
5698
5763
5828
5892
5956
6019
6082
6146
6209
6271
6333
6395
6457
6518
6579
6640
6701
6762
6823
6884
6944
7006
7065
7125
7185
7245
7306
7367
7429
7490
7553
7616
7679
7742
7807
7871
7936
8002
8068
8134
8200
8266
8333
8400
8466
8532
8598
8664
8729
8793
8857
8920
8984
9046
9109
9171
9233
9294
9356
9417
9479
9541
9603
9665
9728
9791
9854
9918
9982
10047
10112
10178
10244
10309
10376
10441
10507
10572
10637
10702
10766
10831
10894
10958
11022
11085
11149
11212
11276
11339
11402
11466
11529
11591
11653
11716
11778
11840
11901
11963
12023
12085
12146
12206
12266
12327
12387
12447
12507
12567
12628
12688
12749
12809
12870
12929
12990
13051
13111
13172
13233
13294
13356
13417
13478
13541
13603
13666
13730
13793
13857
13922
13989
14055
14123
14191
14260
14330
14402
14475
14550
14626
14703
14783
14864
14947
15032
15119
15210
15307
15405
15505
15612
15726
15842
15960
16082
16207
16335
16467
16599
16734
16872
17009
17149
17290
17431
17573
17714
17855
17995
18136
18278
18420
18562
18702
18842
18982
19120
19259
19402
19544
19689
19832
19976
20119
20262
20404
20545
20685
20823
20960
21095
21231
21365
21499
21632
21765
21898
22032
22165
22298
22432
22565
22698
22831
22966
23102
23238
23376
23515
23654
23794
23937
24080
24224
24369
24514
24659
24805
24953
25101
25247
25394
25542
25690
25840
25989
26139
26288
26438
26586
26737
26888
27039
27189
27338
27487
27638
27790
27940
28091
28239
28389
28538
28685
28832
28972
