2364
2538
2722
2905
3085
3263
3438
3609
3774
3934
4089
4243
4393
4541
4686
4828
4967
5103
5236
5366
5493
5617
5739
5858
5975
6089
6201
6311
6418
6524
6629
6732
6834
6935
7036
7135
7235
7334
7434
7534
7635
7735
7836
7937
8037
8138
8239
8340
8441
8542
8644
8745
8847
8950
9053
9156
9260
9364
9468
9573
9678
9783
9889
9996
10103
10210
10318
10427
10536
10646
10756
10866
10977
11086
11196
11307
11417
11528
11641
11754
11869
11985
12103
12222
12341
12462
12584
12707
12832
12958
13085
13213
13342
13472
13602
13733
13866
13999
14133
14267
14402
14537
14672
14808
14945
15082
15219
15356
15493
15631
15770
15908
16047
16187
16327
16470
16614
16759
16908
17060
17214
17372
17535
17703
17876
18053
18237
18426
18620
18816
19013
19208
19401
19595
19793
19995
20195
20402
20613
20831
21053
21281
21515
21750
21982
22212
22443
22672
22899
23129
23355
23580
23804
24028
24248
24465
24688
24913
25142
25379
25616
25851
26098
26325
26557
26787
27023
27258
27501
27749
27995
28239
28492
28747
28988
29232
29471
29722
29977
30227
30483
30747
31011
31271
31549
31845
32141
32421
32668
32905
33129
33350
33566
