2211
2301
2398
2492
2586
2679
2771
2863
2953
3041
3129
3214
3298
3380
3460
3540
3619
3697
3775
3853
3929
4006
4081
4155
4230
4303
4376
4448
4520
4592
4663
4734
4805
4875
4945
5013
5082
5150
5216
5282
5348
5413
5478
5543
5607
5670
5733
5796
5858
5920
5982
6045
6107
6168
6230
6292
6354
6415
6477
6539
6600
6662
6723
6785
6847
6909
6971
7033
7095
7158
7221
7285
7348
7412
7476
7539
7603
7667
7730
7793
7856
7919
7981
8042
8105
8167
8230
8293
8356
8419
8484
8550
8617
8686
8757
8828
8902
8975
9050
9125
9200
9276
9351
9427
9502
9577
9651
9725
9798
9871
9942
10012
10080
10148
10214
10279
10343
10406
10468
10530
10592
10653
10714
10775
10836
10898
10961
11024
11088
11153
11219
11285
11352
11419
11488
11559
11636
11726
11842
13830
13937
14019
14094
14165
14237
14307
14378
14449
14518
14588
14656
14724
14792
14858
14924
14989
15053
15116
15180
15243
15306
15369
15433
15496
15561
15625
15689
15754
15818
15883
15948
16012
16077
16141
16206
16271
16335
16399
16463
16527
16591
16655
16720
16785
16850
16915
16980
17046
17112
17179
17247
17316
17386
17458
17533
17609
17689
17771
17855
17942
18031
18120
18212
18306
18402
18501
18600
18702
18804
18908
19014
19120
19227
19338
19455
19571
19687
19806
19927
20051
20176
20303
20431
20561
20690
20821
20954
21088
21223
21358
21494
21630
21767
21904
22042
22179
22317
22455
22593
22731
22868
23004
23139
23273
23408
23544
23680
23819
23959
24097
24237
24377
24517
24657
24795
24933
25070
25205
25340
25473
25605
25735
25865
25996
26126
26257
26387
26518
26649
26781
26912
27044
27176
27309
27442
27576
27709
27843
27978
28113
28249
28385
28523
28661
28799
28937
29077
29217
29358
29499
29641
29785
29931
30077
30223
30370
30517
30665
30813
30962
31111
31258
31405
31552
31698
31846
31993
32141
32290
32440
32587
32736
32884
33032
33180
33329
33476
33624
33773
33918
34064
34209
34353
34499
34645
