2348
2456
2569
2680
2792
2904
3015
3127
3240
3352
3464
3575
3885
3980
4073
4164
4254
4343
4432
4520
4607
4694
4780
4864
4948
5031
5113
5194
5274
5354
5433
5511
5589
5666
5742
5818
5893
5968
6042
6116
6189
6262
6334
6406
6478
6549
6620
6691
6761
6831
6901
6970
7040
7109
7177
7246
7314
7382
7449
7516
7584
7650
7717
7784
7850
7916
7983
8049
8115
8181
8248
8314
8381
8449
8517
8586
8656
8726
8797
8869
8942
9015
9089
9163
9238
9313
9389
9465
9540
9616
9692
9767
9842
9917
9992
10067
10141
10215
10289
10362
10435
10507
10579
10651
10724
10796
10867
10940
11012
11084
11157
11229
11302
11375
11448
11521
11595
11669
11743
11818
11892
11967
12041
12116
12191
12266
12341
12416
12491
12567
12642
12718
12794
12870
12945
13021
13096
13171
13246
13320
13395
13469
13543
13617
13691
13764
13838
13911
13984
14057
14129
14202
14275
14347
14420
14493
14566
14639
14712
14785
14859
14933
15007
15081
15156
15231
15307
15383
15459
15535
15613
15691
15770
15849
15928
16008
16090
16174
16259
16347
16437
16530
16626
16726
16830
16935
17042
17149
17256
17366
17478
17594
17715
17840
17968
18100
18233
18370
18508
18646
18784
18923
19061
19198
19334
19470
19605
19740
19875
20010
20147
20284
20422
20561
20700
20839
20978
21116
21253
21392
21532
21673
21815
21959
22104
22252
22399
22548
22699
22850
23000
23151
23302
23454
23604
23755
23906
24056
24206
24355
24505
24653
24803
24952
25101
25249
25395
25541
25685
25828
25970
26110
26249
26382
26510
26635
26756
26873
26987
27099
27210
27317
27422
27523
27622
27717
27810
27901
27989
28076
28161
28245
28329
28411
28493
28575
28656
28736
28814
28884
28960
