12965
13140
13315
13490
13666
13842
14015
14183
14345
14501
14652
14796
14937
15074
15209
15339
15467
15591
15712
15831
15948
16065
16180
16293
16405
16514
16623
16730
16836
16942
17047
17151
17255
17358
17461
17565
17668
17771
17873
17976
18079
18183
18286
18390
18494
18598
18703
18808
18914
19020
19127
19234
19341
19449
19557
19666
19776
19886
19998
20110
20221
20332
20443
20553
20666
20778
20892
21006
21123
21239
21356
21474
21592
21711
21830
21949
22068
22188
22307
22427
22547
22668
22789
22910
23032
23155
23279
23404
23528
23654
23780
23907
24034
24162
24291
24421
24551
24681
24812
24944
25076
25211
25346
25483
25622
25762
25903
26046
26191
26338
26486
26636
26789
26943
27099
27258
27420
27585
27755
27931
28111
28297
28488
28684
28884
29086
29292
29503
29717
29934
30151
30372
30593
30818
31045
31275
31507
31738
31968
32206
32445
32690
32937
33181
33426
33661
33889
34118
34347
34578
34809
35046
35282
35512
35743
35973
36203
36437
36672
36907
37141
37371
37598
37824
38050
38278
38511
38754
39000
39252
39517
39780
40041
40301
40567
40834
41114
41398
41691
41985
42288
42591
42897
43205
43508
43816
44131
44499
44755
