2262
2321
2380
2438
2497
2554
2613
2670
2728
2786
2844
2901
2960
3018
3076
3134
3192
3250
3308
3367
3424
3483
3541
3599
3657
3716
3776
3835
3894
3954
4014
4075
4135
4195
4257
4318
4380
4442
4504
4567
4630
4694
4757
4821
4886
4952
5018
5084
5151
5218
5286
5355
5424
5493
5563
5633
5704
5775
5846
5918
5989
6062
6134
6206
6279
6351
6424
6497
6572
6646
6722
6798
6875
6952
7030
7109
7188
7268
7349
7430
7513
7596
7681
7766
7853
7941
8029
8119
8209
8300
8391
8483
8575
8668
8761
8854
8946
9038
9130
9221
9312
9403
9494
9586
9677
9768
9860
9951
10043
10136
10229
10323
10420
10519
10620
10724
10829
10935
11041
11148
11257
11366
11477
11588
11701
11815
11930
12046
12164
12283
12401
12521
12642
12763
12885
13010
13136
13264
13394
13526
13658
13791
13925
14061
14199
14338
14478
14621
14765
14913
15065
15220
15375
15530
15683
15834
15986
16140
16297
16457
16619
16783
16948
17115
17283
17452
17618
17783
17948
18110
18270
18427
18586
18745
18904
19063
19224
19384
19547
19711
19877
20039
20202
20364
20526
20686
20849
21009
21173
21335
21499
21663
21825
21987
22147
22306
22465
22624
22782
22941
23097
23249
23398
23544
23684
23821
23953
24081
24204
24324
24441
24555
24665
24775
24882
24987
25092
25195
25297
25400
25502
25605
25708
25813
