2337
2429
2527
2626
2725
2823
2920
3014
3108
3200
3289
3379
3467
3556
3645
3732
3819
3905
3991
4076
4159
4242
4324
4404
4483
4562
4641
4719
4796
4873
4949
5025
5100
5174
5248
5321
5393
5465
5537
5608
5680
5750
5821
5891
5962
6031
6101
6171
6240
6311
6381
6453
6526
6599
6674
6750
6827
6905
6983
7062
7140
7219
7297
7375
7452
7529
7604
7680
7754
7828
7901
7974
8047
8119
8192
8265
8338
8411
8485
8559
8633
8707
8781
8856
8931
9006
9081
9156
9231
9307
9382
9457
9532
9607
9681
9756
9832
9907
9983
10059
10134
10211
10287
10363
10439
10515
10591
10666
10742
10817
10892
10967
11041
11116
11190
11264
11338
11412
11485
11559
11632
11706
11779
11852
11925
11998
12072
12145
12218
12292
12366
12440
12514
12589
12664
12739
12816
12892
12969
13047
13126
13205
13285
13366
13449
13533
13619
13707
13798
13891
13987
14087
14190
14295
14404
14518
14634
14754
14879
15007
15138
15272
15407
15544
15683
15823
15963
16103
16242
16382
16521
16660
16798
16936
17074
17212
17350
17489
17628
17767
17905
18044
18183
18323
18465
18608
18752
18895
19041
19187
19333
19481
19631
19782
19933
20086
20238
20391
20547
20704
20862
21019
21181
21341
21502
21661
21822
21981
22140
22298
22457
22616
22777
22934
23091
23252
23414
23578
23746
23913
24079
24244
24404
24564
24722
24881
25037
25196
