2594
2741
2892
3046
3204
3363
3523
3685
3846
4007
4162
4313
4462
4612
4761
4910
5057
5202
5347
5489
5629
5767
5900
6033
6162
6286
6409
6530
6650
6767
6881
6994
7105
7215
7323
7430
7535
7638
7740
7841
7940
8038
8135
8232
8328
8424
8521
8617
8713
8809
8904
8999
9094
9189
9285
9380
9476
9573
9669
9767
9866
9965
10065
10165
10267
10369
10473
10578
10684
10792
10902
11013
11125
11238
11352
11467
11583
11699
11818
11938
12060
12186
12313
12442
12573
12704
12835
12968
13103
13238
13374
13512
13650
13788
13925
14062
14197
14331
14465
14599
14734
14868
15003
15139
15276
15414
15553
15693
15834
15975
16117
16260
16403
16547
16690
16835
16981
17128
17275
17423
17570
17717
17863
18009
18155
18301
18446
18592
18738
18883
19028
19173
19319
19464
19611
19758
19905
20054
20204
20354
20506
20658
20810
20963
21115
21270
21426
21585
21746
21910
22075
22243
22412
22584
22762
22946
23128
23309
23494
23680
23866
24050
24235
24421
24608
24796
24983
25170
25359
25550
25740
25927
26114
26300
26487
26674
26859
27045
27233
27423
27616
27809
28004
28198
28388
28575
28758
28939
29118
29296
29475
29652
29829
30006
30184
30362
30538
30714
30888
31063
31238
31414
31597
31780
31964
32149
32339
32530
32724
32919
33114
33307
33502
33698
33892
34092
34290
34492
34691
34888
35082
35279
35471
35664
35854
36045
36237
36430
36625
36823
37021
37222
37429
37632
37841
38043
38245
38446
38647
38849
39049
39252
39451
39661
39861
40082
40285
40503
40709
40925
41130
41344
41555
41769
41975
42173
