8857
8953
9049
9144
9236
9326
9415
9501
9587
9673
9757
9842
9926
10009
10093
10175
10258
10339
10421
10503
10584
10665
10746
10826
10906
10986
11066
11144
11222
11300
11377
11454
11530
11606
11681
11756
11831
11905
11979
12053
12126
12199
12271
12343
12415
12486
12557
12628
12698
12768
12838
12908
12978
13046
13116
13184
13253
13322
13390
13458
13527
13594
13662
13730
13798
13865
13932
13999
14066
14132
14199
14266
14333
14400
14467
14535
14603
14672
14742
14812
14883
14954
15027
15100
15175
15251
15327
15404
15482
15561
15641
15722
15804
15885
15967
16049
16130
16212
16293
16374
16455
16535
16615
16695
16775
16855
16935
17015
17095
17176
17256
17337
17417
17498
17580
17661
17743
17825
17909
17992
18077
18162
18249
18335
18423
18511
18600
18689
18778
18868
18957
19047
19137
19227
19319
19411
19504
19597
19692
19788
19884
19981
20079
20178
20278
20379
20480
20581
20684
20787
20890
20995
21100
21207
21314
21422
21531
21642
21753
21865
21980
22096
22214
22335
22457
22581
22710
22839
22965
23090
23214
23339
23465
23593
23721
23850
23979
24110
24241
24371
24502
24634
24766
24900
25034
25168
25303
25437
25573
25710
25846
25983
26121
26259
26398
26536
26673
26811
26948
27085
27221
27357
27493
27628
27763
27899
28035
28172
28310
28449
28589
28729
28872
29016
29159
29301
29444
29585
29726
29866
30007
30147
30288
30430
30573
30715
30858
31000
31143
31285
31427
31568
31708
31847
31986
32124
32262
32400
32538
32675
32812
32949
33086
33223
33360
33498
33636
33775
33915
34055
34196
34338
34482
34626
34773
34920
35069
35219
35369
35520
35674
35828
35983
36139
36294
36447
36598
36750
36900
37051
37201
37348
37498
37643
37789
37933
38071
38209
38345
