2246
2342
2444
2546
2648
2750
2852
2951
3046
3136
3226
3315
3403
3492
3579
3667
3753
3839
3924
4009
4093
4177
4260
4343
4425
4506
4588
4668
4749
4828
4908
4987
5065
5143
5220
5297
5373
5448
5523
5598
5672
5746
5819
5892
5964
6036
6108
6179
6250
6320
6391
6460
6530
6599
6668
6737
6805
6874
6942
7010
7077
7144
7210
7277
7343
7410
7475
7541
7607
7673
7740
7805
7873
7938
8005
8071
8138
8205
8272
8339
8406
8474
8542
8611
8679
8749
8820
8891
8963
9037
9111
9186
9263
9340
9419
9500
9582
9666
9749
9833
9918
10004
10089
10175
10260
10344
10426
10508
10588
10668
10747
10826
10905
10984
11064
11143
11223
11304
11385
11466
11548
11630
11714
11799
11884
11970
12057
12143
12230
12316
12402
12486
12572
12657
12744
12830
12917
13003
13092
13180
13269
13359
13449
13540
13632
13724
13817
13910
14005
14099
14195
14291
14388
14486
14584
14683
14783
14882
14983
15085
15188
15291
15395
15500
15606
15713
15820
15929
16037
16147
16258
16369
16482
16597
16713
16831
16951
17072
17195
17321
17448
17576
17705
17836
17969
18103
18236
18369
18503
18639
18776
18912
19049
19184
19320
19456
19593
19729
19866
20004
20143
20282
20422
20564
20704
20843
20982
21120
21257
21392
21526
21659
21793
21927
22061
22196
22331
22467
22605
22744
22887
23034
23181
23324
23465
23603
23739
23877
24016
24156
24296
24437
24579
24721
24864
25006
25148
25291
25433
25575
25718
25859
26001
26141
26283
26426
26568
26709
26851
26995
27137
27280
27422
27564
27705
27846
27988
28132
28277
28424
28570
28716
28865
29016
29166
29316
29466
29616
29765
29913
30061
30209
30355
30502
30650
30796
30944
31091
31238
31385
31531
31678
31818
31962
32093
32227
