2315
2369
2424
2478
2533
2587
2642
2696
2751
2805
2859
2914
2968
3023
3078
3133
3188
3243
3298
3354
3409
3464
3520
3576
3632
3688
3744
3800
3857
3914
3971
4028
4086
4143
4201
4259
4317
4376
4435
4495
4554
4614
4674
4735
4796
4858
4920
4983
5046
5110
5174
5239
5304
5369
5435
5501
5568
5634
5701
5768
5834
5901
5968
6035
6102
6170
6237
6305
6373
6442
6511
6581
6651
6722
6794
6866
6939
7012
7087
7163
7240
7317
7396
7475
7556
7637
7719
7802
7885
7968
8052
8136
8220
8303
8386
8468
8551
8632
8713
8794
8874
8954
9035
9115
9196
9276
9357
9439
9521
9604
9687
9770
9853
9937
10021
10105
10189
10274
10360
10447
10534
10623
10714
10804
10896
10988
11081
11175
11269
11363
11458
11554
11650
11747
11845
11944
12043
12144
12246
12349
12452
12557
12663
12770
12879
12989
13100
13214
13329
13446
13565
13686
13809
13935
14063
14194
14328
14464
14603
14744
14887
15032
15179
15328
15479
15632
15783
15934
16081
16228
16375
16524
16674
16825
16977
17131
17285
17440
17597
17756
17917
18078
18238
18400
18563
18726
18889
19051
19212
19371
19528
19683
19839
19996
20154
20313
20473
20634
20796
20958
21120
21280
21438
21596
21754
21912
22072
22233
22395
22556
22717
22878
23040
23202
23365
23527
23690
23851
24012
24174
24336
24499
24662
24825
24989
25152
25316
25480
25644
25809
25973
26137
26302
26467
26633
26798
26964
27131
27298
27465
27632
27799
27967
28131
28298
28464
28631
28803
