2032
2128
2231
2588
2739
2845
2962
3069
3178
3282
3384
3483
3581
3676
3769
3862
3952
4042
4130
4216
4302
4387
4470
4553
4634
4714
4793
4870
4947
5023
5097
5171
5244
5315
5386
5457
5526
5595
5663
5730
5797
5863
5929
5994
6058
6122
6186
6250
6313
6376
6438
6500
6562
6624
6686
6747
6809
6870
6931
6992
7053
7113
7174
7234
7295
7356
7417
7478
7540
7601
7663
7726
7788
7852
7915
7979
8044
8109
8174
8240
8307
8374
8443
8511
8580
8648
8716
8785
8852
8920
8988
9056
9124
9192
9260
9328
9396
9463
9530
9597
9664
9731
9798
9865
9933
10001
10070
10139
10210
10280
10353
10426
10501
10578
10659
10744
10835
10932
11052
11171
11310
11449
11575
11686
11785
11871
11956
12038
12118
12196
12273
12351
12428
12505
12581
12658
12734
12810
12885
12961
13036
13112
13188
13264
13340
13416
13492
13569
13647
13725
13803
13882
13962
14042
14123
14204
14286
14369
14452
14537
14622
14708
14797
14885
14975
15067
15160
15255
15351
15450
15552
15656
15763
15874
15985
16100
16216
16332
16451
16572
16694
16818
16945
17074
17207
17341
17478
17615
17753
17891
18029
18168
18307
18446
18585
18724
18864
19005
19145
19286
19427
19569
19711
19854
19998
20142
20286
20432
20578
20726
20874
21022
21172
21325
21477
21631
21786
21942
22098
22256
22414
22574
22735
22895
23055
23216
23377
23541
23704
23867
24030
24194
24356
24519
24680
24844
25008
25173
25339
25505
25676
25847
26021
26192
26360
26525
26685
26845
27001
27155
27315
27489
27642
27785
27943
