1907
2066
2155
2459
2591
2705
2825
2940
3057
3172
3287
3402
3515
3628
3741
3851
3960
4068
4176
4282
4387
4493
4597
4701
4804
4906
5007
5108
5207
5307
5405
5503
5600
5696
5792
5889
5984
6079
6174
6269
6363
6458
6552
6647
6741
6835
6930
7024
7118
7212
7307
7402
7497
7591
7686
7781
7877
7972
8068
8165
8261
8358
8455
8552
8648
8746
8843
8940
9037
9134
9230
9327
9425
9524
9623
9723
9824
9926
10028
10131
10234
10337
10440
10544
10647
10750
10852
10953
11054
11154
11253
11352
11451
11550
11649
11748
11848
11948
12049
12150
12252
12354
12455
12557
12659
12760
12862
12963
13064
13166
13267
13369
13470
13571
13670
13770
13869
13968
14067
14167
14266
14365
14465
14565
14666
14767
14868
14971
15073
15176
15279
15383
15488
15593
15700
15807
15915
16025
16135
16246
16358
16473
16593
16715
16839
16967
17100
17237
17381
17529
17685
17841
18000
18165
18335
18510
18689
18871
19056
19245
19434
19626
19820
20017
20217
20419
20623
20828
21032
21233
21431
21624
21811
21998
22185
22373
22563
22755
22946
23140
23336
23532
23731
23946
24175
24435
24754
25054
25295
25494
25674
25848
26020
26198
26371
26545
26721
26899
27079
27264
27450
27638
27835
28039
28248
28449
28654
28861
29068
29276
29485
29693
29905
30117
30333
30550
30763
30981
31193
31408
31625
31844
32064
32290
