14126
14266
14408
14552
14696
14838
14977
15114
15248
15380
15509
15636
15761
15883
16003
16122
16239
16354
16468
16580
16691
16801
16911
17020
17129
17237
17345
17453
17561
17669
17778
17887
17995
18103
18211
18318
18425
18533
18641
18750
18859
18969
19079
19189
19300
19411
19523
19636
19751
19868
19986
20105
20227
20350
20475
20601
20728
20855
20984
21114
21245
21376
21508
21642
21776
21912
22048
22184
22320
22456
22592
22729
22867
23005
23145
23286
23428
23572
23717
23865
24015
24168
24323
24483
24645
24811
24977
25144
25312
25480
25647
25816
25984
26152
26320
26490
26658
26828
27001
27174
27350
27528
27707
27888
28073
28259
28449
28642
28837
29034
29233
29433
29639
29852
30071
30288
30505
30721
30937
31154
31375
31600
31832
32064
32301
32539
32775
33007
33236
33461
33682
33910
34133
34354
34582
34806
35035
35256
35483
35714
35950
36189
36425
36662
36898
37136
37378
37622
37870
38119
38370
38622
38877
39133
39392
39648
39905
40156
40406
40660
40912
41163
41415
41668
41931
42202
42478
42745
43007
43274
43560
