2281
2344
2407
2469
2531
2592
2654
2714
2776
2837
2898
2959
3020
3082
3143
3204
3266
3328
3390
3451
3513
3576
3637
3700
3762
3824
3887
3949
4011
4074
4137
4200
4264
4327
4391
4455
4519
4584
4649
4714
4780
4845
4912
4978
5045
5112
5179
5247
5315
5383
5451
5520
5590
5659
5728
5798
5868
5939
6009
6080
6151
6223
6295
6369
6442
6516
6591
6667
6743
6820
6897
6975
7053
7133
7213
7295
7377
7459
7543
7627
7712
7798
7883
7969
8055
8141
8227
8312
8396
8481
8564
8648
8731
8813
8896
8978
9060
9143
9225
9308
9391
9475
9559
9644
9729
9814
9900
9986
10071
10158
10245
10333
10423
10515
10608
10701
10795
10890
10985
11080
11176
11272
11368
11466
11563
11661
11759
11859
11959
12060
12162
12266
12370
12476
12583
12691
12800
12911
13023
13136
13253
13370
13490
13612
13735
13861
13990
14121
14253
14389
14527
14668
14813
14961
15112
15261
15408
15555
15703
15852
16001
16152
16305
16460
16619
16781
16944
17110
17276
17442
17609
17773
17936
18097
18255
18411
18568
18724
18880
19037
19195
19353
19513
19673
19832
19989
20143
20301
20457
20613
20770
20926
21083
21241
21400
21559
21718
21878
22038
22198
22358
22520
22683
22847
23010
23173
23339
23505
23673
23840
24007
24173
24339
24502
24666
24827
24988
25149
25310
25471
25631
25792
25953
26113
26272
26432
26593
26755
26916
27078
27239
27404
27569
