2264
2348
2436
2527
2618
2709
2800
2890
2979
3066
3152
3236
3317
3396
3474
3550
3626
3701
3776
3850
3924
3998
4070
4141
4213
4284
4354
4424
4493
4562
4630
4698
4766
4832
4899
4965
5031
5097
5161
5226
5290
5354
5418
5481
5544
5606
5667
5729
5790
5850
5910
5970
6029
6089
6148
6207
6266
6325
6384
6442
6500
6558
6615
6673
6730
6788
6845
6902
6959
7017
7074
7132
7190
7249
7307
7365
7423
7482
7540
7599
7658
7717
7776
7836
7897
7957
8018
8081
8143
8206
8270
8334
8400
8465
8531
8598
8665
8732
8799
8867
8934
9002
9070
9137
9205
9273
9340
9407
9474
9540
9605
9670
9735
9799
9863
9926
9989
10053
10117
10181
10245
10310
10375
10441
10507
10573
10640
10708
10776
10843
10911
10980
11048
11116
11185
11254
11323
11391
11460
11529
11598
11667
11736
11805
11874
11942
12010
12078
12146
12214
12282
12350
12418
12486
12554
12622
12689
12757
12824
12891
12958
13025
13092
13158
13224
13291
13357
13424
13491
13558
13625
13694
13762
13831
13901
13971
14042
14114
14187
14260
14334
14408
14485
14562
14642
14723
14807
14891
14979
15069
15162
15256
15353
15451
15552
15655
15762
15872
15985
16101
16220
16344
16471
16602
16736
16873
17008
17140
17272
17406
17540
17675
17811
17948
18086
18223
18362
18502
18642
18783
18925
19067
19207
19348
19489
19629
19769
19907
20046
20186
20326
20467
20608
20750
20894
21038
21183
21328
21474
21619
21764
21908
22051
22193
22332
22470
22608
22745
22882
23018
23156
23294
23432
23571
23711
23850
23990
24130
24272
24413
24556
24698
24841
24983
25126
25270
25415
25560
25706
25854
26004
26155
26306
26456
26608
26759
26911
27062
27214
27366
27517
27669
27823
27975
28127
28281
28433
28585
28736
28888
29041
29194
29346
29497
29650
29798
29948
30099
