1612
2291
2421
2520
2651
2742
2849
2951
3052
3152
3252
3352
3450
3546
3637
3725
3810
3893
3976
4059
4141
4223
4304
4385
4466
4545
4624
4703
4781
4859
4937
5014
5091
5167
5243
5320
5394
5469
5543
5617
5690
5763
5836
5907
5978
6049
6119
6189
6258
6327
6394
6462
6530
6596
6662
6728
6793
6857
6922
6985
7048
7111
7173
7235
7296
7358
7418
7479
7538
7598
7657
7717
7776
7835
7893
7952
8010
8068
8126
8183
8240
8298
8355
8412
8470
8528
8587
8645
8704
8764
8825
8886
8948
9011
9074
9138
9203
9269
9336
9404
9472
9542
9612
9682
9754
9826
9899
9972
10046
10120
10195
10270
10346
10421
10496
10571
10646
10721
10795
10869
10943
11016
11090
11164
11239
11314
11389
11464
11540
11617
11694
11772
11851
11931
12012
12095
12179
12263
12348
12433
12518
12602
12686
12770
12854
12938
13023
13109
13196
13284
13373
13463
13554
13646
13739
13833
13928
14024
14121
14219
14318
14418
14520
14622
14724
14828
14933
15039
15145
15253
15362
15472
15583
15695
15808
15922
16036
16152
16269
16388
16509
16631
16754
16879
17005
17132
17261
17391
17523
17656
17790
17925
18056
18187
18321
18454
18589
18724
18859
18993
19129
19265
19402
19540
19679
19819
19961
20104
20247
20392
20535
20677
20818
20957
21096
21234
21372
21511
21651
21792
21935
22080
22227
22372
22516
22659
22803
22947
23095
23243
23393
23541
23689
23837
23982
24128
24273
24418
24562
24707
24851
24998
25145
25292
25437
25582
25728
25874
26020
26167
26315
26465
26615
26766
26919
27072
27227
27384
27543
27701
27857
28015
28174
28334
28494
28654
28813
28974
29138
29303
29466
29624
29781
29934
30088
30226
