2533
2651
2774
2896
3015
3131
3244
3357
3467
3577
3685
3792
3897
4002
4105
4206
4306
4404
4502
4597
4692
4785
4877
4968
5058
5147
5235
5321
5406
5491
5574
5656
5737
5817
5896
5975
6053
6130
6206
6282
6358
6433
6508
6583
6657
6731
6805
6879
6953
7027
7101
7175
7249
7324
7400
7476
7554
7633
7713
7794
7877
7960
8045
8130
8217
8304
8392
8480
8569
8658
8747
8836
8925
9013
9101
9189
9277
9364
9452
9540
9629
9718
9808
9900
9991
10084
10178
10274
10370
10466
10564
10662
10762
10862
10963
11064
11167
11270
11372
11475
11578
11681
11785
11888
11991
12094
12197
12299
12401
12502
12602
12703
12803
12902
13002
13102
13202
13302
13402
13503
13604
13705
13806
13909
14011
14114
14218
14324
14430
14539
14650
14763
14880
15003
15132
15266
15401
15539
15683
15832
15986
16143
16304
16472
16642
16816
16993
17171
17351
17536
17723
17910
18098
18284
18470
18656
18844
19032
19221
19411
19600
19788
19977
20166
20357
20550
20744
20937
21130
21324
21518
21712
21906
22100
22297
22494
22692
22888
23084
23282
23481
23682
23886
24092
24297
24504
24708
24911
25110
25309
25506
25700
25891
26080
26271
26464
26672
