2274
2356
2443
2529
2616
2701
2786
2869
2952
3033
3113
3192
3271
3348
3425
3502
3577
3652
3727
3800
3874
3947
4019
4090
4161
4232
4301
4371
4440
4509
4577
4644
4712
4779
4846
4913
4979
5045
5111
5177
5242
5307
5372
5437
5502
5567
5631
5696
5760
5825
5890
5954
6019
6084
6149
6213
6278
6343
6408
6474
6539
6605
6671
6737
6803
6870
6937
7004
7071
7139
7207
7275
7344
7413
7482
7552
7622
7692
7762
7833
7905
7976
8048
8120
8193
8265
8338
8411
8485
8559
8632
8706
8781
8856
8932
9007
9084
9161
9239
9318
9398
9478
9560
9642
9724
9808
9891
9976
10061
10146
10231
10316
10402
10487
10572
10656
10740
10824
10908
10991
11074
11155
11236
11317
11398
11479
11560
11642
11723
11805
11887
11970
12053
12137
12222
12309
12397
12487
12649
12959
15270
15344
15445
15537
15628
15719
15810
15900
15992
16083
16175
16268
16361
16454
16548
16642
16737
16832
16929
17025
17122
17218
17316
17414
17512
17611
17711
17810
17910
18011
18113
18214
18318
18421
18525
18627
18731
18835
18939
19043
19148
19255
19363
19472
19581
19690
19802
19913
20026
20140
20255
20373
20488
20612
20712
20931
21042
21151
21265
21377
21490
21602
21713
21825
21936
22048
22158
22270
22383
22496
22608
22722
22834
22946
23058
23172
23287
23403
23521
23638
23760
23876
25286
25387
25493
25600
25704
25806
25909
26012
26113
26218
26322
26426
26530
26635
26742
26849
26959
27070
27181
27296
27412
27512
27820
30319
30579
30666
30766
30864
30964
31064
31166
31267
31368
31469
31571
31672
31772
31873
31975
32077
32180
32282
32384
32486
32588
32689
32790
32893
32996
33099
33202
33305
33409
33511
33613
33716
33822
33931
34041
34153
34262
34375
34488
34601
34715
34830
34947
35061
35176
35291
35405
35521
35634
35749
35866
35982
36098
36214
36329
36446
36562
36679
36795
36911
37026
37142
37258
37373
37489
37605
37721
37837
37952
38068
38183
38300
38415
38531
38648
38763
38878
38990
39103
39213
39324
39433
39543
39653
