2180
2238
2299
2360
2421
2481
2542
2602
2662
2721
2781
2841
2900
2960
3019
3078
3138
3196
3255
3314
3373
3431
3490
3548
3606
3665
3723
3782
3841
3900
3959
4018
4078
4137
4197
4258
4318
4379
4440
4502
4563
4626
4689
4752
4816
4881
4947
5012
5078
5146
5212
5280
5349
5417
5486
5555
5624
5694
5763
5834
5905
5977
6049
6122
6195
6269
6343
6418
6494
6571
6648
6727
6807
6887
6969
7050
7133
7217
7300
7385
7470
7555
7641
7726
7812
7898
7984
8070
8156
8242
8328
8414
8500
8588
8675
8763
8852
8941
9031
9122
9213
9305
9397
9490
9585
9681
9779
9878
9979
10083
10188
10295
10405
10516
10630
10748
10869
10992
11118
11247
11378
11513
11649
11788
11928
12069
12211
12355
12501
12647
12795
12943
13092
13241
13391
13539
13690
13842
13997
14151
14303
14455
14605
14755
14906
15057
15209
15361
15515
15669
15823
15979
16134
16290
16446
16601
16756
16909
17062
17215
17367
17520
17671
17823
17977
18132
18288
18446
18604
18762
18920
19078
19233
19387
19544
19701
19861
20023
20184
20346
20509
20671
20832
20995
21158
21323
21486
21652
21818
21982
22148
22316
22483
22649
22817
22981
23147
23313
23478
23639
23803
23968
24132
24296
24460
24624
24785
24950
25112
25273
25435
25596
