2065
2179
2293
2402
2511
2618
2725
2830
2935
3038
3140
3239
3336
3431
3526
3620
3713
3805
3896
3985
4073
4159
4244
4328
4411
4493
4575
4656
4736
4816
4894
4972
5049
5126
5202
5278
5353
5427
5501
5575
5648
5720
5792
5864
5935
6007
6078
6148
6219
6290
6361
6431
6502
6573
6644
6714
6785
6856
6927
6997
7068
7138
7208
7278
7348
7417
7487
7557
7627
7697
7768
7838
7909
7981
8052
8124
8196
8268
8340
8411
8482
8553
8624
8694
8764
8834
8903
8973
9042
9111
9180
9250
9319
9389
9459
9529
9600
9672
9744
9819
9894
9970
10048
10128
10212
10299
10395
10514
10649
10755
10908
10983
11159
11240
11376
11481
11574
11662
11746
11830
11914
11996
12076
12155
12233
12310
12386
12461
12535
12609
12681
12754
12826
12898
12969
13041
13111
13182
13253
13324
13394
13465
13536
13607
13678
13749
13821
13893
13965
14038
14112
14186
14261
14336
14413
14490
14568
14647
14728
14809
14891
14975
15060
15147
15236
15327
15419
15514
15611
15711
15813
15917
16023
16131
16240
16352
16467
16585
16706
16829
16956
17084
17214
17346
17478
17611
17743
17876
18010
18145
18280
18417
18554
18691
18829
18967
19106
19246
19385
19525
19666
19807
19948
20091
20235
20380
20526
20673
20821
20969
21119
21270
21422
21574
21729
21885
22043
22200
22358
22512
22670
22826
22983
23139
23296
23450
23606
23757
23910
24061
24212
24361
24510
24657
24805
24953
25101
25250
25399
25547
25696
25844
25990
26137
26284
26434
26584
26735
26883
27022
27165
27301
27438
27576
27716
27860
