2180
2259
2350
2439
2527
2615
2702
2788
2873
2956
3039
3120
3199
3278
3356
3434
3510
3586
3661
3735
3808
3881
3953
4025
4097
4167
4238
4307
4377
4446
4515
4583
4651
4719
4787
4854
4921
4987
5053
5119
5184
5248
5313
5376
5440
5503
5567
5630
5692
5755
5818
5881
5943
6006
6069
6131
6194
6257
6320
6383
6446
6510
6573
6637
6701
6766
6831
6896
6961
7026
7092
7158
7225
7292
7360
7428
7496
7565
7635
7705
7777
7848
7920
7993
8066
8141
8215
8291
8367
8443
8521
8598
8676
8755
8833
8912
8992
9071
9152
9232
9313
9394
9475
9556
9638
9720
9802
9884
9966
10048
10132
10216
10300
10384
10470
10556
10643
10730
10817
10905
10993
11080
11167
11254
11341
11427
11513
11599
11685
11770
11855
11940
12025
12110
12194
12279
12364
12449
12535
12620
12705
12791
12877
12964
13051
13139
13227
13317
13408
13506
13609
13713
13827
14067
15951
16053
16149
16243
16336
16429
16520
16612
16705
16797
16890
16984
17077
17172
17266
17361
17457
17552
17648
17745
17842
17940
18038
18136
18235
18333
18434
18534
18635
18737
18838
18941
19044
19148
19253
19357
19463
19569
19675
19782
19890
19999
20108
20217
20327
20436
20546
20657
20767
20879
20991
21104
21218
21332
21447
21557
21673
21788
21903
22020
22130
22243
22355
22469
22582
22696
22811
22925
23039
23153
23268
23382
23498
23615
23729
23845
23960
24076
24193
24310
24427
24545
24661
24778
24895
25011
25126
25240
25354
25467
25581
25695
25808
25921
26035
26148
26261
26373
26485
26595
26706
26815
26924
27031
27139
27246
27353
27460
27567
27674
27782
27889
27998
28108
28218
28331
28446
28560
28673
28785
28993
29214
29304
32191
32387
32507
32588
32696
32797
32901
33005
33110
33215
33320
33424
33530
33635
33740
33847
33953
34060
34168
34276
34384
34493
34603
34713
34823
34934
35046
35157
35269
35380
35493
35606
35718
35832
35944
36057
36171
36286
36401
36515
36630
36746
36861
36977
37093
37206
37321
37434
37548
37663
37777
37891
38005
38120
38234
38349
38465
38582
38698
38814
38928
39043
39157
39271
39383
39497
39610
39722
39834
39945
40057
40167
40279
40391
40502
40612
40722
40829
