2669
2836
3008
3183
3356
3532
3709
3884
4056
4224
4387
4545
4700
4852
5001
5150
5296
5439
5581
5720
5859
5997
6134
6271
6407
6540
6671
6799
6925
7048
7170
7290
7409
7526
7642
7758
7873
7989
8103
8217
8330
8443
8555
8667
8779
8890
9000
9111
9221
9331
9441
9551
9662
9774
9886
10000
10114
10228
10343
10458
10574
10690
10806
10922
11040
11158
11277
11397
11518
11641
11765
11890
12017
12145
12275
12407
12541
12677
12816
12957
13102
13248
13395
13543
13689
13835
13981
14126
14271
14416
14562
14708
14854
15000
15146
15292
15438
15584
15729
15872
16016
16159
16302
16443
16584
16724
16862
17000
17136
17272
17408
17544
17680
17818
17956
18095
18235
18377
18520
18665
18815
18969
19127
19291
19459
19633
19812
19995
20177
20360
20546
20735
20925
21114
21306
21502
21699
21900
22101
22304
22512
22723
22937
23157
23379
23610
23839
24069
24306
24538
24766
24992
25209
25428
25646
25862
26082
26299
26514
26729
26939
27138
27332
27527
27722
27919
28107
28294
28486
28678
28873
29070
29266
29462
29661
29857
30051
30246
30437
30622
30812
31005
31203
31404
31609
31819
32041
32267
32508
32756
33011
33261
33522
33780
34037
34302
34571
34848
35112
35373
35640
35906
36186
36473
36753
37035
37320
37615
37889
38148
