2118
2181
2246
2310
2374
2438
2500
2563
2626
2689
2752
2815
2878
2941
3005
3068
3131
3194
3257
3321
3384
3447
3510
3574
3637
3701
3765
3829
3892
3957
4021
4085
4150
4214
4279
4344
4410
4475
4541
4607
4673
4740
4807
4874
4941
5009
5077
5145
5214
5283
5352
5421
5490
5560
5630
5700
5772
5843
5915
5987
6059
6131
6204
6276
6349
6422
6495
6568
6642
6716
6790
6865
6940
7016
7092
7170
7248
7326
7406
7487
7569
7651
7735
7819
7905
7990
8076
8164
8252
8340
8430
8520
8610
8701
8793
8885
8978
9072
9167
9264
9362
9464
9567
9675
9785
9901
10023
10152
10284
10420
10560
10702
10847
10993
11143
11292
11443
11592
11742
11892
12043
12194
12345
12495
12645
12798
12950
13102
13254
13405
13554
13704
13852
13996
14141
14285
14427
14566
14698
14826
14952
15074
15194
15310
15423
15530
15635
15741
15846
15951
16055
16160
16265
16370
16474
16580
16685
16790
16895
16999
17102
17204
17305
17404
17503
17600
17696
17792
17887
17982
18076
18170
18263
18356
18449
18542
18635
18728
18822
18915
19009
19102
19196
19289
19382
19475
19568
19661
19754
19846
19939
20032
20125
20217
20309
20400
20492
20584
20676
20766
20856
20946
21036
21124
21213
21301
21387
21474
21560
21646
21731
21816
21901
21985
22069
22153
22236
22319
22402
22484
22566
22648
22729
22809
22889
22968
23047
23125
23203
23281
23358
23434
23510
23586
23660
23734
23805
23875
23943
24012
24079
