2493
2586
2688
2792
2896
2999
3102
3205
3308
3408
3504
3599
3690
3777
3862
3944
4026
4106
4187
4267
4347
4427
4506
4585
4664
4742
4821
4898
4976
5053
5130
5207
5283
5359
5434
5509
5584
5657
5731
5804
5877
5949
6021
6093
6164
6235
6305
6375
6445
6514
6583
6651
6719
6787
6854
6921
6988
7054
7120
7186
7251
7317
7382
7447
7511
7576
7639
7703
7766
7830
7893
7957
8020
8083
8146
8209
8272
8336
8400
8464
8527
8591
8655
8720
8785
8849
8914
8980
9046
9111
9178
9245
9313
9381
9449
9518
9588
9658
9729
9800
9873
9946
10021
10096
10172
10250
10330
10410
10492
10575
10658
10744
10829
10916
11003
11090
11177
11264
11350
11436
11520
11604
11687
11769
11851
11933
12014
12095
12177
12259
12341
12422
12504
12586
12669
12751
12834
12917
13001
13085
13170
13256
13343
13431
13519
13608
13697
13785
13874
13963
14051
14140
14228
14318
14408
14499
14591
14684
14777
14871
14966
15062
15159
15257
15356
15456
15558
15660
15763
15868
15973
16080
16187
16296
16406
16517
16628
16739
16851
16963
17076
17190
17305
17420
17537
17654
17772
17891
18011
18132
18255
18379
18505
18633
18764
18896
19028
19163
19301
19441
19582
19727
19873
20018
20162
20308
20454
20602
20751
20901
21052
21204
21356
21510
21664
21819
21974
22128
22284
22441
22598
22755
22909
23058
23205
23348
23489
23629
23767
23906
24044
24183
24323
24463
24603
24743
24885
25028
25172
25317
25462
25606
25747
25888
26029
26171
26312
26454
26597
26740
26884
27028
27173
27318
27464
27610
27758
27905
28051
28198
28344
28490
28638
28784
28930
29076
29222
29370
29516
29664
29812
29959
30107
30256
30405
30554
30702
30852
31002
31154
31307
31461
31616
31774
31933
32092
32251
32409
32566
32722
32880
33039
33197
33354
33511
33668
33826
33983
34134
34283
34425
34565
34700
