2331
2426
2533
2642
2751
2860
2968
3074
3179
3281
3381
3478
3572
3663
3753
3840
3926
4012
4097
4182
4267
4351
4435
4518
4602
4685
4768
4852
4934
5017
5099
5181
5263
5343
5423
5502
5581
5659
5737
5814
5890
5966
6042
6117
6191
6266
6340
6413
6486
6558
6631
6702
6773
6844
6914
6984
7053
7121
7190
7257
7324
7391
7457
7523
7589
7654
7719
7783
7848
7912
7976
8039
8103
8166
8229
8293
8356
8419
8482
8545
8609
8672
8735
8798
8862
8926
8991
9055
9120
9184
9249
9314
9380
9445
9510
9575
9641
9707
9774
9840
9908
9975
10043
10112
10182
10253
10325
10398
10472
10547
10623
10700
10778
10856
10935
11015
11095
11175
11256
11337
11417
11496
11576
11655
11734
11813
11891
11970
12048
12127
12206
12284
12363
12442
12521
12600
12680
12759
12840
12920
13002
13083
13164
13247
13330
13414
13498
13583
13669
13755
13841
13927
14013
14099
14185
14270
14356
14443
14530
14618
14706
14795
14885
14976
15068
15160
15254
15348
15443
15540
15637
15735
15833
15932
16031
16131
16232
16334
16436
16538
16642
16745
16849
16954
17059
17165
17271
17378
17486
17594
17703
17813
17924
18036
18149
18264
18379
18495
18612
18730
18849
18969
19091
19214
19340
19469
19599
19731
19866
20001
20134
20265
20397
20529
20662
20795
20929
21064
21200
21337
21473
21610
21746
21883
22020
22157
22295
22434
22574
22714
22855
22996
23137
23276
23415
23553
23690
23826
23962
24099
24237
24375
24513
24651
24791
24931
25073
25216
25359
25501
25643
25785
25927
26069
26212
26355
26498
26641
26783
26925
27066
27206
27345
27484
27623
27761
27899
28038
28177
28317
28457
28599
28741
28884
29027
29171
29316
29460
29606
29751
29898
30044
30190
30336
30482
30628
30773
30920
31066
31214
31361
31509
31657
31807
31956
32105
32255
32405
32554
32703
32852
33001
33150
33299
33448
33599
33748
33892
34034
34175
34315
