2072
2132
2195
2257
2318
2378
2438
2497
2556
2614
2672
2729
2786
2844
2901
2958
3016
3073
3131
3189
3246
3304
3362
3420
3478
3536
3595
3653
3713
3771
3831
3891
3951
4011
4072
4133
4194
4256
4317
4379
4442
4504
4567
4631
4694
4758
4822
4886
4951
5016
5081
5147
5213
5279
5345
5412
5479
5546
5614
5682
5750
5819
5888
5958
6028
6098
6168
6239
6311
6383
6456
6529
6602
6676
6749
6821
6895
6969
7045
7121
7197
7274
7352
7430
7509
7589
7670
7751
7834
7917
8000
8085
8170
8256
8342
8429
8516
8604
8692
8780
8868
8956
9045
9133
9222
9311
9400
9489
9579
9668
9759
9849
9940
10031
10123
10216
10309
10403
10500
10596
10694
10794
10893
10994
11095
11197
11300
11404
11508
11612
11718
11824
11930
12038
12146
12256
12366
12477
12588
12700
12813
12927
13042
13157
13273
13391
13511
13631
13753
13876
14000
14125
14252
14380
14509
14639
14770
14901
15033
15167
15303
15440
15580
15723
15864
16008
16149
16292
16436
16581
16727
16875
17025
17177
17329
17481
17634
17788
17942
18097
18252
18409
18565
18723
18880
19035
19191
19345
19499
19652
19805
19960
20115
20272
20429
20588
20746
20902
21058
21213
21366
21520
21676
21831
21987
22140
22291
22444
22597
22751
22906
23061
23216
23370
23526
23682
23839
23997
24157
24316
24481
24641
24808
24973
25139
25305
25472
25639
25804
25970
26136
26301
26465
26628
26793
26959
27124
27289
27454
27620
27785
27950
28117
28285
28452
28618
28785
28956
