2353
2521
2701
2886
3074
3263
3449
3633
3814
3992
4167
4338
4505
4665
4818
4968
5113
5255
5395
5533
5669
5804
5936
6068
6197
6324
6450
6573
6695
6815
6932
7049
7163
7276
7387
7497
7605
7713
7819
7924
8029
8133
8237
8340
8442
8543
8644
8745
8844
8943
9042
9142
9242
9343
9444
9545
9648
9750
9852
9955
10059
10163
10267
10372
10478
10584
10692
10799
10907
11016
11126
11236
11346
11456
11566
11677
11789
11901
12015
12129
12245
12359
12475
12591
12706
12821
12936
13050
13164
13278
13393
13506
13621
13735
13850
13964
14079
14194
14311
14428
14547
14667
14789
14910
15031
15152
15274
15397
15520
15644
15769
15893
16018
16144
16270
16396
16523
16650
16779
16908
17038
17169
17303
17437
17572
17708
17844
17982
18121
18263
18408
18558
18713
18873
19039
19210
19383
19559
19738
19918
20100
20284
20470
20663
20857
21053
21255
21456
21651
21842
22032
22225
22414
22608
22803
23002
23201
23401
23605
23808
24004
24205
24408
24614
24823
25032
25242
25449
25654
25852
26048
26243
26451
26805
26983
27164
27351
27543
27732
27922
28109
28299
28488
28675
28864
29049
29231
29414
29599
29787
29976
30168
30365
30562
30764
30973
31185
31398
31611
31829
32050
32273
32494
32721
32954
33190
33433
33688
33948
34202
34459
34703
34944
35184
35418
35638
35865
36087
