11516
11672
11835
11999
12161
12320
12475
12625
12770
12909
13044
13174
13300
13424
13545
13665
13781
13897
14011
14124
14235
14344
14453
14559
14665
14770
14875
14977
15079
15182
15284
15386
15486
15587
15687
15787
15887
15988
16089
16189
16290
16392
16493
16596
16697
16800
16902
17006
17108
17211
17314
17415
17518
17622
17726
17831
17937
18044
18151
18258
18365
18471
18578
18685
18793
18901
19009
19118
19228
19338
19449
19560
19672
19784
19896
20009
20123
20237
20353
20469
20585
20702
20820
20937
21055
21173
21292
21411
21531
21651
21771
21893
22015
22138
22261
22384
22507
22632
22757
22882
23008
23136
23265
23397
23529
23662
23797
23932
24069
24207
24345
24486
24627
24771
24917
25065
25215
25368
25524
25685
25849
26019
26194
26374
26558
26745
26936
27132
27332
27533
27733
27934
28137
28342
28550
28763
28981
29205
29432
29662
29888
30113
30337
30560
30783
31006
31229
31455
31683
31913
32148
32387
32629
32868
33108
33346
33581
33815
34051
34289
34525
34762
34997
35227
35458
35691
35923
36161
36409
36658
36914
37170
37427
37701
37962
38241
38534
38830
39127
39406
39654
39912
40179
