2207
2309
2416
2521
2624
2725
2825
2921
3016
3108
3198
3287
3374
3462
3549
3635
3721
3806
3891
3976
4060
4144
4227
4309
4391
4473
4554
4635
4715
4794
4873
4952
5029
5107
5183
5260
5335
5410
5486
5560
5634
5708
5781
5853
5925
5997
6068
6138
6208
6278
6347
6415
6483
6551
6618
6685
6752
6818
6885
6951
7016
7081
7146
7211
7276
7340
7405
7469
7534
7598
7663
7727
7791
7855
7920
7984
8048
8113
8178
8242
8308
8373
8440
8507
8575
8644
8713
8785
8857
8930
9005
9081
9158
9237
9317
9397
9479
9561
9643
9726
9810
9892
9975
10057
10140
10222
10303
10385
10465
10547
10627
10708
10789
10870
10951
11033
11114
11197
11279
11362
11446
11531
11617
11705
11794
11884
11973
12063
12152
12241
12330
12418
12504
12591
12679
12767
12856
12946
13037
13129
13222
13315
13409
13505
13600
13697
13794
13892
13991
14090
14191
14292
14393
14496
14600
14706
14812
14919
15027
15136
15246
15358
15470
15584
15699
15816
15934
16053
16173
16295
16419
16544
16671
16800
16930
17062
17194
17328
17463
17600
17738
17875
18012
18151
18291
18432
18573
18713
18854
18995
19138
19281
19428
19575
19725
19876
20029
20181
20332
20481
20628
20773
20917
21060
21203
21347
21490
21634
21778
21924
22071
22222
22373
22523
22669
22810
22951
23091
23230
23371
23512
23653
23794
23935
24075
24215
24355
24495
24634
24772
24911
25050
25189
25329
25470
25611
25754
25897
26041
26185
26332
26475
26622
26770
26917
27069
27219
27370
27522
27672
27825
27978
28133
28287
28440
28596
28752
28909
29068
29225
29382
29539
29695
29849
30000
30151
30290
30436
