2481
2641
2803
2965
3128
3290
3453
3617
3780
3945
4113
4282
4452
4620
4790
4956
5116
5276
5432
5579
5724
5865
5999
6132
6262
6389
6514
6637
6759
6879
6998
7114
7229
7342
7453
7563
7670
7775
7879
7982
8085
8186
8286
8385
8485
8584
8684
8783
8884
8984
9086
9189
9293
9398
9504
9612
9721
9833
9947
10062
10180
10302
10425
10551
10679
10806
10934
11061
11188
11316
11445
11575
11705
11836
11967
12097
12228
12358
12488
12619
12749
12881
13013
13147
13281
13415
13549
13685
13822
13960
14099
14238
14378
14519
14663
14807
14953
15099
15245
15393
15542
15690
15838
15989
16143
16299
16458
16622
16789
16961
17135
17310
17488
17671
17858
18048
18242
18434
18625
18818
19016
19213
19412
19594
19993
20175
20405
20578
20791
21027
21198
21402
21604
21806
21998
22206
22413
22623
22819
23031
23214
23423
23614
23809
24000
24186
24365
24542
24719
24894
25068
25243
25418
25595
25771
25951
26134
26316
26496
26672
26850
27025
27201
27377
27559
27742
27932
28122
28307
28498
28708
28912
29126
29330
29546
29756
29976
30186
30405
30590
30811
30995
31204
31406
31590
31772
31967
32161
32355
32552
32745
32943
33134
33328
33524
33726
33906
34102
34291
34491
34688
34889
35088
35296
35506
35724
35933
36139
