2287
2450
2612
2777
2942
3107
3273
3437
3602
3762
3919
4070
4221
4371
4517
4661
4804
4944
5080
5213
5343
5470
5596
5718
5839
5957
6074
6190
6304
6416
6528
6637
6745
6851
6956
7060
7161
7262
7362
7461
7558
7655
7752
7847
7942
8037
8130
8224
8316
8409
8501
8594
8686
8777
8869
8961
9053
9145
9237
9330
9422
9515
9608
9701
9795
9889
9983
10079
10175
10273
10372
10472
10574
10678
10784
10893
11002
11113
11225
11338
11451
11565
11680
11796
11911
12026
12141
12255
12368
12481
12594
12706
12818
12931
13043
13156
13270
13383
13497
13612
13728
13843
13960
14077
14195
14315
14438
14562
14689
14817
14947
15078
15209
15341
15473
15606
15741
15876
16014
16152
16293
16436
16582
16730
16881
17032
17185
17338
17493
17649
17807
17968
18133
18302
18476
18653
18833
19017
19207
19403
19606
19820
20036
20239
20454
20664
20872
21087
21293
21540
21738
21996
22215
22463
22686
22926
23147
23373
23593
23812
24028
24245
24466
24680
24890
25095
25295
25495
25694
25894
26092
26292
26492
26695
26902
27109
27315
27518
27716
27919
28123
28331
28541
28759
28987
29213
29441
29668
29902
30133
30370
30614
30850
31100
31338
31584
31822
32075
32306
32553
32803
33044
33277
33551
33724
34190
34497
34674
35160
35618
36111
36398
36570
37134
37381
37647
37860
38083
