2377
2448
2519
2590
2661
2731
2800
2870
2939
3008
3076
3144
3212
3280
3347
3414
3482
3548
3615
3682
3749
3815
3881
3947
4013
4079
4145
4210
4275
4340
4405
4470
4534
4599
4663
4728
4792
4856
4920
4984
5047
5111
5175
5239
5304
5368
5432
5497
5561
5626
5691
5756
5822
5887
5953
6019
6086
6153
6220
6287
6355
6423
6492
6561
6631
6702
6773
6844
6917
6989
7063
7137
7211
7285
7361
7436
7512
7588
7664
7740
7817
7894
7971
8048
8125
8203
8281
8359
8437
8516
8595
8674
8753
8832
8912
8992
9072
9153
9235
9316
9398
9481
9564
9647
9731
9815
9900
9984
10068
10152
10236
10320
10404
10487
10571
10654
10738
10821
10904
10988
11071
11155
11238
11323
11407
11492
11577
11663
11750
11839
11929
12020
12115
12208
12303
12378
12654
12740
14474
14584
14672
14766
14860
14953
15047
15141
15235
15330
15425
15522
15618
15715
15812
15908
16007
16105
16204
16304
16404
16504
16606
16707
16809
16912
17014
17118
17221
17326
17430
17536
17640
17746
17852
17959
18066
18174
18282
18390
18500
18608
18718
18827
18937
19047
19158
19269
19379
19490
19604
19719
19835
19954
20064
20180
20289
20399
20511
20621
20732
20843
20955
21067
21178
21290
21401
21513
21625
21736
21848
21959
22071
22183
22294
22406
22518
22631
22743
22856
22968
23083
23195
23308
23421
23534
23648
23760
23872
23984
24095
24206
24317
24427
24537
24647
24756
24866
24974
25084
25192
25302
25410
25520
25630
25740
25851
25962
26072
26183
26293
26405
26505
26846
26904
28653
28740
28946
29054
29155
29261
29366
29473
29579
29684
29789
29895
30001
30107
30214
30321
30428
30537
30646
30755
30864
30977
31088
31200
31312
31424
31536
31649
31761
31874
31986
32099
32211
32323
32435
32547
32660
32772
32886
32999
33111
33225
33339
33452
33565
33679
33793
33906
34019
34131
34245
34357
34471
34583
34698
34810
34923
35035
35145
35257
35369
35480
35590
35701
35811
35922
36032
36143
36253
36364
36474
36585
36693
