2478
2571
2665
2759
2852
2943
3032
3118
3202
3285
3367
3450
3531
3612
3691
3769
3845
3921
3994
4067
4139
4210
4280
4349
4418
4486
4553
4620
4686
4752
4818
4882
4947
5012
5075
5138
5200
5264
5326
5387
5449
5510
5570
5632
5692
5753
5813
5873
5933
5992
6050
6111
6169
6229
6287
6347
6405
6465
6525
6585
6645
6705
6765
6826
6887
6949
7012
7074
7137
7201
7264
7327
7390
7451
7513
7575
7636
7698
7760
7823
7885
7947
8009
8072
8135
8198
8261
8325
8389
8454
8518
8583
8648
8713
8778
8843
8908
8974
9040
9106
9172
9238
9304
9371
9437
9504
9571
9638
9706
9773
9841
9910
9978
10047
10116
10186
10256
10326
10396
10466
10536
10606
10676
10745
10815
10885
10954
11024
11093
11163
11232
11302
11372
11442
11512
11582
11653
11724
11795
11867
11938
12011
12083
12157
12231
12306
12381
12458
12536
12615
12695
12777
12862
12949
13037
13127
13220
13316
13415
13517
13624
13734
13846
13960
14075
14194
14317
14441
14567
14692
14818
14944
15070
15198
15326
15454
15582
15710
15837
15965
16092
16220
16348
16475
16604
16733
16865
16998
17131
17264
17397
17530
17664
17800
17936
18074
18212
18350
18489
18630
18770
18911
19053
19195
19338
19481
19624
19768
19912
20056
20200
20344
20488
20630
20772
20915
21059
21203
21346
21490
21634
21778
21922
22067
22214
22363
22513
22661
22808
22953
23097
23241
23385
23530
23673
23816
23958
24100
24241
24379
24516
24652
24789
24924
25062
25199
25346
