2179
2314
2461
2606
2757
2909
3065
3220
3375
3534
3694
3854
4014
4175
4336
4499
4661
4824
4987
5150
5312
5473
5633
5793
5952
6112
6270
6427
6584
6738
6890
7041
7190
7337
7482
7626
7768
7911
8051
8192
8331
8469
8606
8742
8878
9015
9150
9287
9423
9558
9692
9824
9956
10085
10212
10336
10460
10582
10703
10824
10945
11066
11188
11310
11431
11553
11674
11794
11913
12032
12150
12268
12385
12501
12617
12733
12848
12963
13078
13191
13304
13417
13528
13638
13748
13856
13964
14071
14177
14282
14386
14489
14591
14692
14793
14893
14993
15093
15191
15290
15390
15490
15591
15694
15797
15902
16009
16119
16233
16353
16477
16602
16731
16862
17001
17145
17294
17446
17601
17759
17920
18083
18249
18418
18588
18759
18933
19109
19287
19466
19646
19824
20002
20184
20369
20555
20743
20931
21120
21306
21493
21677
21863
22050
22238
22428
22619
22809
22999
23190
23380
23569
23756
23944
24132
24322
24512
24705
24899
25095
25294
25492
25693
25891
26089
26286
26485
26685
26886
27091
27296
27502
27708
27914
28120
28324
28530
28730
28931
29126
29321
29511
29701
29891
30082
30273
30467
30660
30852
31047
31234
31421
31626
