8962
9123
9294
9468
9642
9815
9976
10135
10290
10443
10593
10739
10880
11015
11146
11271
11393
11510
11623
11733
11840
11946
12049
12152
12253
12353
12451
12547
12642
12736
12829
12918
13010
13098
13186
13273
13360
13446
13532
13619
13705
13791
13877
13963
14049
14134
14220
14307
14394
14481
14568
14656
14744
14834
14924
15015
15106
15199
15292
15387
15482
15577
15674
15770
15867
15965
16063
16162
16262
16363
16465
16569
16673
16780
16888
16998
17109
17223
17337
17453
17569
17687
17805
17924
18044
18164
18287
18410
18536
18664
18795
18928
19063
19201
19340
19480
19621
19766
19913
20064
20218
20378
20540
20707
20879
21054
21234
21420
21608
21805
22007
22205
22406
22608
22811
23014
23218
23424
23632
23844
24061
24284
24510
24743
25649
25848
26034
26226
26421
26620
26815
27012
27211
27408
27604
27800
27997
28195
28392
28591
28786
28983
29180
29380
29583
29793
30003
30216
30430
30644
30859
31079
31302
31528
31762
31997
32236
32480
32732
32997
33255
33518
33772
34025
34284
34539
34805
35058
35318
35567
35793
36021
36286
36536
