2248
2373
2518
2668
2822
2982
3144
3312
3480
3649
3818
3989
4162
4337
4513
4688
4863
5038
5214
5388
5560
5728
5892
6051
6206
6360
6511
6663
6814
6963
7110
7253
7395
7537
7676
7813
7949
8081
8212
8340
8466
8589
8712
8832
8951
9069
9186
9303
9420
9535
9650
9764
9877
9990
10101
10211
10320
10428
10534
10640
10745
10849
10952
11054
11156
11256
11356
11453
11551
11647
11742
11837
11930
12023
12114
12205
12295
12385
12474
12562
12650
12737
12824
12910
12996
13083
13169
13255
13342
13429
13516
13604
13692
13781
13870
13959
14050
14144
14239
14335
14433
14531
14630
14731
14834
14939
15046
15154
15264
15377
15492
15609
15728
15850
15975
16104
16235
16368
16503
16639
16776
16914
17055
17199
17344
17492
17641
17791
17945
18100
18256
18413
18569
18725
18884
19045
19209
19376
19546
19717
19892
20068
20246
20424
20605
20786
20968
21152
21338
21524
21713
21904
22098
22292
22489
22687
22888
23087
23286
23483
23678
23870
24063
24253
24445
24637
24827
25014
25202
25398
