2296
2442
2598
2754
2911
3068
3222
3371
3517
3661
3800
3939
4074
4206
4336
4464
4591
4715
4837
4957
5075
5192
5306
5419
5532
5642
5752
5861
5970
6078
6185
6292
6398
6503
6607
6712
6816
6920
7026
7131
7237
7344
7451
7558
7666
7775
7884
7994
8104
8214
8326
8437
8550
8663
8777
8892
9007
9122
9238
9354
9469
9584
9699
9815
9932
10050
10169
10288
10407
10527
10647
10768
10889
11011
11133
11255
11378
11502
11625
11749
11872
11996
12120
12245
12376
12484
12764
12876
13257
13415
13694
13793
14048
14195
14329
14467
14610
14755
14902
15050
15199
15349
15499
15649
15801
15954
16108
16262
16418
16574
16732
16892
17054
17218
17385
17555
17729
17905
18084
18263
18443
18626
18813
19004
19197
19393
19592
19792
19994
20199
20406
20614
20824
21039
21256
21474
21689
21904
22118
22334
22547
22757
22970
23182
23399
23616
23833
24047
24262
24476
24688
24900
25113
25327
25544
25762
25982
26205
26425
26650
26872
27097
27326
27555
27787
28018
28251
28488
28725
28968
29211
29460
29711
29968
30227
30491
30751
31010
31275
31542
31808
32069
32328
32582
32840
33098
33361
33861
