6725
6821
6920
7018
7115
7212
7307
7401
7493
7583
7671
7757
7842
7926
8008
8092
8174
8257
8339
8421
8502
8583
8664
8744
8824
8904
8983
9061
9140
9218
9295
9372
9449
9525
9599
9674
9749
9822
9896
9968
10041
10113
10185
10257
10328
10398
10469
10539
10609
10679
10748
10816
10884
10952
11019
11086
11153
11219
11284
11349
11414
11478
11542
11606
11670
11734
11796
11859
11921
11983
12044
12106
12168
12230
12291
12354
12416
12480
12544
12608
12674
12741
12809
12877
12946
13017
13089
13161
13235
13309
13384
13460
13536
13612
13689
13765
13841
13918
13994
14069
14145
14220
14295
14370
14446
14521
14596
14673
14748
14825
14902
14979
15057
15136
15216
15295
15376
15457
15539
15622
15706
15789
15873
15957
16041
16124
16208
16291
16376
16462
16547
16634
16721
16809
16898
16987
17079
17170
17263
17357
17451
17546
17642
17738
17835
17933
18033
18133
18234
18335
18437
18542
18646
18751
18858
18966
19074
19184
19295
19406
19518
19631
19746
19860
19976
20093
20210
20329
20450
20572
20694
20818
20943
21068
21195
21324
21456
21590
21726
21864
22004
22143
22283
22423
22564
22705
22846
22988
23129
23270
23411
23551
23691
23829
23968
24107
24246
24385
24523
24661
24799
24936
25073
25210
25349
25489
25631
25772
25913
26051
26188
26325
26462
26600
26740
26883
27027
27172
27319
27467
27614
27762
27910
28058
28205
28353
28500
28647
28794
28941
29087
29234
29379
29525
29672
29819
29968
30115
30263
30410
30557
30705
30852
31000
31148
31296
31444
31593
31742
31891
32041
32192
32344
32494
32644
32791
32940
33087
33236
33381
33529
33668
33812
