6760
6840
6937
7033
7128
7222
7314
7406
7497
7586
7674
7761
7846
7930
8012
8093
8174
8253
8330
8407
8483
8557
8631
8703
8775
8846
8916
8986
9055
9123
9191
9258
9325
9390
9455
9520
9583
9646
9708
9770
9831
9892
9952
10011
10070
10129
10187
10245
10303
10360
10418
10474
10531
10588
10645
10701
10757
10814
10870
10927
10983
11040
11097
11154
11211
11269
11326
11383
11441
11499
11557
11616
11675
11734
11793
11853
11913
11973
12033
12093
12152
12213
12274
12335
12397
12458
12520
12583
12647
12712
12779
12846
12915
12984
13053
13123
13193
13264
13335
13406
13478
13549
13621
13693
13764
13836
13907
13978
14049
14119
14189
14259
14328
14397
14466
14535
14605
14674
14744
14814
14884
14955
15026
15098
15171
15244
15317
15391
15466
15540
15615
15690
15764
15839
15914
15989
16064
16138
16213
16288
16362
16436
16511
16586
16661
16735
16810
16885
16959
17033
17107
17179
17251
17323
17394
17465
17535
17606
17676
17745
17814
17883
17952
18020
18088
18156
18224
18291
18358
18425
18492
18559
18625
18692
18758
18824
18890
18957
19023
19090
19156
19224
19291
19359
19428
19497
19567
19637
19709
19781
19853
19927
20002
20078
20156
20235
20317
20399
20484
20571
20662
20754
20848
20944
21043
21145
21249
21353
21460
21568
21678
21790
21904
22022
22142
22264
22390
22518
22647
22778
22910
23042
23175
23310
23444
23580
23718
23855
23993
24131
24271
24410
24550
24690
24830
24971
25113
25253
25394
25535
25676
25816
25957
26100
26243
26387
26531
26677
26822
26968
27112
27255
27398
27540
27680
27820
27959
28097
28234
28372
28510
28647
28785
28925
29067
29209
29351
29495
29638
29782
29925
30069
30213
30358
30503
30648
30792
30938
31084
31231
31379
31525
31672
31821
31969
32120
32272
32425
32576
32729
32881
33031
33184
33340
33493
33648
33800
33955
34109
34263
34415
34565
34719
34871
35022
35175
35327
35479
35631
35782
35932
36082
36231
36388
36550
