2306
2444
2589
2736
2884
3036
3190
3347
3506
3667
3828
3991
4155
4320
4484
4650
4816
4982
5148
5313
5475
5636
5794
5948
6099
6248
6396
6542
6687
6827
6966
7104
7240
7375
7509
7641
7770
7896
8021
8144
8265
8385
8504
8623
8741
8859
8975
9091
9206
9319
9431
9542
9651
9759
9866
9971
10076
10180
10282
10384
10484
10583
10680
10777
10873
10968
11061
11153
11245
11335
11425
11513
11601
11687
11774
11859
11944
12028
12112
12195
12278
12361
12443
12526
12609
12692
12776
12860
12944
13030
13117
13206
13297
13392
13490
13589
13692
13797
13906
14018
14135
14255
14379
14506
14638
14773
14911
15051
15195
15341
15489
15640
15794
15951
16110
16270
16431
16594
16760
16928
17098
17269
17443
17615
17786
17956
18130
18306
18484
18665
18844
19024
19207
19388
19569
19753
19942
20132
20323
20516
20710
20907
21106
21306
21505
21702
21898
22093
22287
22482
22678
22874
23070
23268
23464
23660
23854
24050
24245
24440
24635
24827
