3321
3467
3624
3783
3944
4106
4269
4437
4615
6493
6634
6789
6946
7103
7262
7421
7584
7750
7921
8100
9178
9333
9484
9633
9780
9926
10069
10210
10351
10490
10628
10766
10903
11041
11178
11316
11455
11596
11737
11881
12026
12174
12326
12481
12638
12797
12953
13105
13254
13399
13544
13690
13836
13983
14131
14280
14433
14589
14749
14912
15079
15247
15414
15578
15739
15894
16050
16203
16355
16507
16657
16807
16956
17105
17253
17400
17541
17678
17811
17940
18069
18195
18320
18445
18571
18697
18826
18956
19090
19229
19374
19528
19698
22100
22250
22412
22588
22765
22942
23118
23296
23473
23650
23827
23999
24172
24345
24517
24686
24853
25018
25185
25355
25522
25691
25859
26029
26172
26381
26518
33902
34023
34168
34329
34495
34664
34835
35009
35183
35359
35536
35713
35893
36075
36259
36442
36624
36803
36981
37159
37335
37512
37691
37872
38058
38251
40694
40812
40963
41129
41296
41465
41632
41799
41963
42125
42286
42444
42601
42759
42916
43072
43228
43384
43546
45488
45632
45795
45964
46140
46319
46504
46692
46885
47081
47277
47478
47680
47888
