3358
3434
3517
3600
3684
3767
3850
3932
4013
4094
4175
4256
4336
4416
4494
4573
4651
4730
4808
4885
4963
5040
5117
5197
5277
5358
7354
7424
7498
7571
7644
7716
7789
7862
7935
8008
8082
8155
8229
8304
8378
8453
8529
8606
8683
8760
8838
8919
8999
9080
9161
9250
10880
10968
11058
11148
11238
11328
11418
11509
11600
11692
11783
11875
11968
12061
12156
12251
12348
12444
12541
12638
12735
12833
12931
13030
13128
13227
13325
13423
13521
13619
13716
13815
13914
14015
14119
14225
14334
14444
14556
14667
14777
14886
14993
15099
15201
15303
15403
15501
15600
15700
15801
15901
16002
16104
16207
16310
16415
16521
16628
16736
16846
16957
17071
17186
17303
17421
17540
17658
17778
17897
18017
18137
18257
18373
18487
18599
18708
18815
18920
19024
19126
19226
19325
19425
19524
19624
19724
19825
19925
20027
20130
20233
20337
20442
20549
20658
20770
20883
21001
21125
21253
21381
21503
21626
21749
21873
21999
22126
22254
22383
22516
24766
24871
24981
25093
25207
25323
25441
25560
25676
25793
25911
26030
26150
26270
26390
26511
26632
26752
26873
26998
27121
27243
27366
27488
27611
27733
27855
27978
28100
28222
28345
28467
28590
28714
28835
28957
29079
29202
29329
29466
29613
29775
29956
30176
35794
35883
35989
36096
36203
36312
36421
36531
36641
36752
36863
36975
37086
37197
37309
37420
37530
37641
37752
37863
37974
38084
38194
38305
38415
38524
38634
38743
38853
38963
39072
39181
39290
39398
39506
39615
39724
39833
39943
40054
40168
40284
40405
40529
40657
40789
40923
41427
41541
41660
41779
41899
42022
42148
42279
42418
42554
42683
42937
43033
43149
43261
43371
43484
43598
43714
43832
43951
44070
44190
44311
44432
44555
44679
44804
44931
45058
45185
45313
45441
45571
45701
45832
45959
46088
47989
48109
48231
48365
48501
48642
48797
48971
49151
49331
49505
49671
49825
49969
50109
50247
