2929
3025
3138
3259
3375
3491
3610
3729
3849
3973
4101
4240
6259
6382
6528
6692
6860
7033
7210
7389
7569
7752
7937
8127
8320
8510
9050
9211
9374
9543
9715
9885
10056
10224
10391
10554
10715
10875
11033
11188
11346
11505
13089
13199
13320
13450
13581
13714
13850
13988
14127
14269
14416
14568
14717
15524
15637
15756
15875
15993
16110
16226
16342
16456
16570
16682
16792
16901
17008
17115
17220
17325
17430
17534
17638
17743
17847
17953
18061
18171
18288
20588
20719
20865
21034
21199
21361
21524
21688
21853
22019
22188
22359
22531
22706
22883
23058
23232
23407
23583
23761
23938
24114
24296
24463
24659
24811
31411
31545
31694
31863
32036
32214
32396
32583
32771
32960
33149
33336
33522
33708
33894
34081
34271
34465
34670
37405
37541
37693
37857
38023
38189
38352
38514
38675
38834
38992
39149
39307
39465
39625
39789
39958
42412
42563
42737
42921
43112
43307
43505
43702
43900
44096
44294
44481
