3388
3522
3664
3801
3936
4070
4204
4340
4477
4614
4751
4892
5029
5169
5311
5455
5613
7446
7571
7715
7861
8009
8158
8307
8458
8611
8767
8926
9088
9253
9424
9595
9770
10627
10782
10930
11077
11224
11373
11520
11666
11809
11952
12093
12232
12369
12506
12641
12775
12910
13047
13192
13341
13491
13639
13784
13924
14060
14197
14333
14469
14607
14748
14894
15045
15205
15376
15561
15758
15959
16160
16359
16553
16742
16928
17115
17302
17489
17675
17859
18043
18226
18409
18590
18770
18948
19126
19305
19485
19664
19843
20022
20199
20375
20551
20730
20912
21106
23656
23806
23990
24178
24369
24562
24755
24947
25140
25329
25517
25706
25897
26089
26283
26475
26665
26854
27040
27228
27417
27604
27789
27969
28147
28322
28496
28670
28847
29028
29212
29407
36156
36328
36513
36703
36896
37088
37285
37482
37683
37885
38090
38292
38499
38704
38911
39119
39328
39536
39740
39941
40140
40339
40537
40743
40950
41169
41810
41996
42203
42416
42631
42855
44311
44461
44618
44775
44930
45086
45243
45401
45560
45720
45882
46046
46215
46391
46564
46754
48693
48902
49123
49354
49589
49830
50077
50326
50581
50837
51102
51366
51659
