13515
13647
13778
13910
14046
14181
14316
14450
14584
14717
14850
14983
15119
15254
15402
17590
17931
18039
18148
18258
18369
18480
18593
18706
18819
18933
19048
19163
19280
19398
19517
19638
19762
19888
20017
20151
20291
20432
20577
20731
21857
21999
22139
22276
22413
22548
22681
22813
22943
23072
23200
23329
23455
23581
23706
23831
23957
24083
24208
24333
24459
24584
24709
24835
24959
25084
25210
25339
25473
25609
25747
25886
26023
26158
26291
26424
26555
26686
26816
26946
27078
27211
27348
27491
27642
27801
27970
28148
28334
28523
28717
28913
29110
29304
29492
29674
29851
30030
30206
30379
30551
30722
30893
31063
31233
31401
31567
31733
31898
32063
32228
32391
32555
32719
32882
33048
33216
33392
36003
36102
36263
36437
36615
36796
36981
37168
37352
37537
37722
37906
38088
38272
38458
38638
38819
38998
39177
39355
39529
39701
39873
40041
40207
40374
40541
40711
40884
41070
48664
48826
48997
49175
49354
49534
49715
49898
50079
50261
50442
50625
50809
50993
51178
51362
51547
51727
51907
52086
52266
52444
52621
52800
52976
53151
53326
53505
53692
53889
54096
54714
54905
55096
55296
55511
57435
57574
57720
57864
58011
58158
58306
58455
58606
58759
58915
59075
59238
59405
59584
59771
59974
61743
61928
62119
62319
62525
62723
62929
63139
63349
63563
63781
63994
64211
64437
64694
