3181
3271
3363
3457
3550
3642
3734
3824
3914
4004
4094
4183
4273
4362
4451
4539
4626
4713
4801
4888
4976
5066
5158
5257
6738
6811
6886
6961
7035
7110
7187
7263
7340
7417
7495
7572
7651
7729
7808
7888
7968
8049
8133
8217
8303
8393
8485
8587
9472
9565
9660
9750
9838
9928
10020
10110
10200
10291
10383
10475
10569
10664
10761
10859
10958
11058
11159
11261
11364
11467
11569
11673
11775
11878
11981
12084
12186
12289
12394
12500
12607
12717
12827
12940
13051
13163
13274
13383
13491
13596
13700
13802
13903
14003
14102
14201
14300
14400
14501
14602
14707
14814
14926
15041
15159
15280
15402
15525
15649
15775
15902
16031
16736
16839
16940
17041
17142
17240
17335
17427
17515
17601
17685
17768
17851
17935
18019
18104
18190
18277
18366
18455
18545
18637
18731
18826
18923
19023
19126
19231
19340
19452
19567
19686
19807
19931
20057
20184
20313
20446
20580
20714
20850
20988
21129
21291
23532
23645
23762
23886
24010
24130
24254
24378
24504
24629
24749
24867
24983
25099
25215
25331
25447
25567
25686
25803
25920
26038
26154
26270
26386
26502
26618
26734
26849
26965
27081
27196
27311
27426
27543
27662
27786
27916
28060
28218
28397
28647
34359
34463
34569
34675
34782
34887
34994
35101
35209
35317
35426
35535
35643
35752
35861
35971
36081
36191
36300
36411
36521
36631
36742
36853
36963
37073
37184
37294
37404
37514
37624
37733
37841
37950
38058
38166
38276
38385
38496
38609
38725
38846
38970
39099
39230
39363
41401
41486
41590
41691
41791
41892
41992
42092
42194
42296
42397
42499
42601
42703
42804
42907
43009
43111
43215
43319
43424
43529
43636
43742
43849
43957
44064
44175
44287
44402
44531
46848
46978
47111
47245
47380
47524
47676
47833
47993
48159
48327
48493
48647
