2848
2920
2993
3066
3140
3214
3288
3363
3438
3515
3590
3665
3740
3815
3891
3966
4043
4120
4197
4283
4365
4450
4547
5879
5946
6024
6104
6185
6268
6351
6435
6519
6603
6687
6771
6855
6938
7024
7110
7200
7270
7383
7481
7960
8046
8141
8223
8299
8380
8461
8543
8628
8713
8801
8891
8981
9073
9164
9256
9348
9440
9532
9624
9716
9808
9899
9992
10084
10176
10268
10359
10445
10528
10615
10704
10797
10893
10994
11099
11207
11317
11426
11532
11636
11737
11835
11930
12023
12114
12204
12294
12387
12485
12588
12694
12805
12920
13040
13161
13284
13411
13539
13667
13790
13908
14024
14140
14255
14368
14480
14592
14704
14818
14932
15046
15162
15280
15398
15517
15636
15754
15871
15987
16103
16217
16330
16441
16552
16658
16760
16871
18922
19013
19109
19206
19303
19401
19500
19605
19711
19819
19929
20038
20145
20250
20355
20460
20566
20672
20778
20887
20993
21099
21204
21309
21415
21519
21623
21726
21829
21932
22034
22135
22234
22331
22428
22526
22628
22739
29609
29695
29794
29893
29993
30094
30194
30296
30397
30498
30599
30701
30803
30905
31006
31107
31209
31310
31411
31512
31612
31713
31813
31914
32014
32113
32213
32312
32411
32510
32608
32707
32805
32904
33002
33100
33198
33295
33392
33489
33587
33685
33785
33887
33993
34103
34216
34332
34449
34569
34688
34810
34931
35052
35175
35299
35424
35552
35683
35817
35955
36096
36239
36385
36537
36698
37263
37361
37470
37578
37684
37788
37893
37996
38097
38198
38296
38394
38491
38587
38682
38776
38869
38962
39054
39145
39236
39326
39415
39504
39592
39680
39769
39857
39946
40036
40135
42718
42830
42973
43125
43275
43424
43576
43732
43889
44050
44210
44384
