2769
2859
2959
3065
3171
3280
3389
3498
3607
3717
3829
3940
4051
4159
4266
4387
5550
5642
5740
5840
5940
6040
6140
6240
6340
6441
6543
6646
6752
6860
6971
7084
7198
7313
7423
7530
7634
7736
7837
7939
8043
8148
8255
8363
8472
8581
8690
8799
8907
9014
9120
9225
9330
9434
9539
9644
9748
9852
9959
10067
10178
10291
10403
10513
10621
10725
10826
10925
11022
11117
11213
11308
11404
11500
11597
11695
11796
11900
12007
12113
12221
12331
12444
12559
12675
12791
12903
13011
13112
13209
13304
13397
13488
13578
13666
13753
13839
13924
14009
14092
14175
14257
14340
14422
14505
14588
14672
14756
14840
14924
15007
15089
15170
15251
15331
15413
15494
15577
15662
15750
15843
15943
18208
18308
18424
18541
18660
18782
18906
19032
19164
19299
19429
19558
19690
19824
19959
20096
20235
20373
20514
20657
20801
20946
21092
21237
21383
21527
21670
21812
21946
22090
22227
22377
28224
28343
28458
28575
28692
28809
28926
29044
29161
29279
29397
29516
29634
29754
29873
29993
30112
30232
30352
30472
30591
30711
30831
30951
31070
31189
31308
31426
31544
31660
31777
31892
32009
32127
32249
32373
32498
32626
32757
32890
33028
33168
33315
35323
35411
35517
35623
35730
35836
35942
36049
36155
36261
36368
36473
36580
36687
36795
36904
37014
37124
37235
37346
37457
37568
37678
37789
37899
38009
38126
40699
40831
40978
41128
41285
41447
41612
41780
41949
42116
