4230
4298
4368
4438
4507
4576
4645
4713
4782
4850
4918
4986
5054
5122
5189
5257
5325
5394
5462
5531
5600
5670
5740
5811
8895
8987
9081
9178
9276
9374
9475
9576
9679
9783
9888
9995
10103
10212
10323
10436
10548
10662
10775
10887
10999
11111
11224
11335
11446
11557
11666
11775
11883
11991
12099
12206
12312
12417
12522
12625
12727
12829
12932
15122
15208
15295
15382
15470
15558
15646
15734
15821
15908
15995
16082
16169
16255
16342
16428
16514
16600
16686
16772
16859
16945
17031
17116
17202
17287
17372
17457
17542
17627
17712
17797
17883
17968
18054
18139
18225
18311
18399
18490
18584
18682
20127
20205
20287
20369
20450
20531
20613
20696
20779
20864
20950
21039
21130
21222
21317
21413
21509
21604
21699
23003
23088
23177
23266
23356
23445
23535
23627
23719
23813
23909
24005
24104
24203
24304
24405
24509
24613
24718
24825
24932
25040
25149
25259
25370
25482
25595
25707
25819
25930
26039
26149
26260
26369
26480
26588
26697
26804
26911
27017
27123
27229
27334
27438
27544
30414
30494
30580
30667
30756
30845
30935
31026
31117
31210
31303
31395
31489
31584
31678
31772
31867
31961
32055
32149
32242
32336
32430
32523
32617
32710
32804
32895
32985
33075
33164
33253
33342
33430
33517
33604
33691
33777
33863
33948
34033
34118
34202
34286
34369
34451
34533
34614
34694
34774
34853
34932
35011
35091
35172
35254
35338
35423
35508
35598
35686
35786
35868
36127
37200
37273
45251
45325
45414
45506
45599
45693
45788
45883
45980
46076
46173
46271
46369
46467
46566
46665
46765
46865
46965
47065
47166
47265
47366
47466
47567
47668
47769
47870
47971
48072
48173
48274
48375
48476
48576
48678
48779
48880
48981
49082
49183
49283
49384
49485
49585
49686
49786
49886
49986
50086
50187
50287
50386
50486
50585
50686
50787
50888
50991
51094
51200
51306
51413
51518
54439
54524
54617
54709
54803
54897
54992
55088
55184
55280
55376
55472
55568
55665
55761
55857
55953
56050
56146
56242
56339
56435
56531
56627
56724
56821
56918
57014
57110
57206
57301
57396
57492
57588
57687
60697
60800
60910
61019
61133
61247
61360
61478
61595
61713
61831
61945
62071
62175
62397
62620
62849
63082
63209
63324
