1893
2030
2172
2316
2452
2586
2721
2855
2991
3125
3259
3394
3529
3665
3804
3949
4093
7052
7171
7304
7438
7572
7708
7844
7982
8121
8261
8402
8545
8688
8832
8976
9119
9263
9407
9551
9695
9841
9987
10132
10279
12373
12453
12594
12735
12875
13018
13160
13303
13445
13588
13731
13876
14021
14166
14313
14459
14605
14751
14897
15042
15188
15333
15479
15625
15773
15921
16070
16219
16369
16518
16667
16815
16962
17109
17256
17404
17556
17713
17872
18033
18199
19191
19345
19503
19659
19814
19970
20126
20283
20442
20605
20769
20938
21111
21288
21471
21661
24044
24205
24365
24523
24681
24839
24994
25148
25300
25452
25604
25759
25914
26070
26226
26383
26537
26691
26845
26997
27149
27301
27454
27607
27760
27914
28067
32549
32724
32901
33082
33264
33448
33633
33817
34006
34197
34384
34570
34755
34941
35125
35309
35493
35675
35856
36038
36219
36397
36575
36751
36923
37091
37255
37417
37578
37740
37901
38061
38221
38381
38540
38698
38855
39011
39166
39321
39474
39627
39779
39932
40088
40246
49081
49221
49397
49570
49740
49910
50079
50247
50417
50589
50761
50935
51110
51285
51459
51634
51805
51980
52151
52322
52491
52660
52828
52995
53162
53330
53497
53665
53832
53998
54164
54329
54494
54658
54824
54990
55159
55329
55503
55680
55861
56048
57704
57880
58066
58265
58470
59386
59558
59735
59910
60085
60253
60425
60594
60765
60935
61107
61280
61454
61628
61804
61981
62159
62351
65076
65253
65490
65666
66091
66308
66564
66726
66977
67200
67466
67702
67954
68159
68398
68633
68873
