11168
11283
11407
11530
11656
11781
11907
12034
12160
12285
12411
12538
12665
14860
15029
15150
15284
15419
15558
15700
15845
15993
16144
16298
16455
16615
16776
16942
17114
17467
18670
18818
18970
19123
19275
19428
19582
19735
19887
20037
20187
20335
20482
20629
20775
20920
21065
21210
21356
21505
21659
21820
21987
22154
22320
22482
22640
22793
22945
23097
23249
23403
23563
23730
23908
24095
24297
24513
24712
24927
25148
25359
25640
25834
26029
26223
26416
26603
26787
26969
27150
27330
27506
27678
27848
28016
28182
28348
28512
28676
28840
29006
29173
29351
31741
31904
32073
32256
32438
32623
32810
32997
33183
33366
33552
33741
33930
34120
34310
34500
34687
34873
35059
35242
35424
35606
35783
35961
36141
36331
42246
42639
42812
42997
43184
43370
43558
43749
43941
44135
44329
44522
44716
44909
45103
45298
45494
45689
45883
46076
46264
46452
46641
46830
47032
47247
47458
47673
47889
48114
50079
50226
50375
50523
50671
50817
50964
51111
51260
51411
51564
51721
51881
52042
52215
52416
54413
54596
54814
55032
55256
55484
55712
55946
56185
56453
