3457
3592
3729
3864
3997
4127
4255
4385
4514
4643
4772
4901
5029
5160
5291
5425
5561
5706
5859
6025
8505
8638
8708
8757
8816
8954
9094
9235
9378
9520
9662
9804
9947
10090
10234
10379
10525
10673
10821
10971
11122
11273
11425
11582
11745
13370
13521
13676
13834
13992
14151
14312
14476
14639
14804
14968
15133
15297
15462
15624
15785
15945
16103
16260
16417
16575
16734
16895
17059
17222
17390
17562
17738
17921
18106
18284
18459
18633
18806
18977
19145
19312
19480
19647
19813
19984
20159
20342
20532
20727
20926
22209
22376
22548
22718
22889
23062
23238
23413
23593
23769
23946
24124
24304
24483
24660
24839
25017
25196
25374
25551
25720
25887
26052
26221
26394
30590
30739
30918
31095
31275
31456
31635
31819
32000
32182
32365
32547
32729
32912
33093
33276
33458
33639
33820
34000
34179
34357
34534
34709
34882
35056
35228
35400
35574
35747
35922
36094
36265
36439
36611
36785
36958
37137
44128
44305
44485
44669
44854
45039
45224
45408
45592
45774
45956
46137
46320
46503
46687
46869
47049
47231
47409
47589
47767
47941
48115
48286
48455
48626
48795
48967
49141
49320
49503
49689
49880
50082
52500
52669
52845
53028
53213
53394
53574
53753
53934
54115
54298
54481
54664
54848
55030
55216
57994
58178
58372
58551
58774
58947
59183
59338
59574
59731
59953
60165
60384
60600
