3447
3533
3623
3715
3807
3899
3990
4080
4171
4260
4349
4438
4526
4615
4705
4794
4891
4983
5080
6618
6693
6773
6853
6933
7013
7093
7173
7254
7335
7419
7503
7589
7677
7767
7861
7956
8057
8156
8255
8355
8454
8550
8645
8736
8829
8921
9012
9101
9189
9276
9363
9450
9537
9625
9713
9801
9890
9978
10068
10158
10247
10337
10426
10515
10604
10692
10780
10868
10957
11049
11144
11245
11352
11465
11582
11699
11814
11925
12033
12139
12241
12342
12439
12535
12629
12723
12818
12918
13023
13133
13247
13366
13493
13624
13763
14673
14774
14907
15037
15170
15303
15437
15571
15707
15843
15978
16113
16248
16382
16515
16645
16774
16899
17023
17144
17264
17380
17498
19511
19594
19700
19808
19920
20031
20148
20269
20392
20519
20643
20764
20885
21006
21128
21251
21377
21501
21627
21753
21878
22002
22126
22247
22368
22487
22607
22728
22850
22976
23111
29832
29940
30069
30196
30326
30458
30591
30725
30860
30995
31132
31268
31406
31543
31681
31818
31955
32092
32228
32364
32501
32637
32774
32910
33045
33178
33311
33445
33578
33712
33845
33980
34118
34262
34412
34573
37253
37350
37451
37551
37649
37748
37847
37945
38043
38141
38239
38337
38435
38532
38631
38729
38828
38926
39022
39119
39216
39316
39419
39526
39637
39754
42347
42455
42595
42745
42899
43058
43219
43381
43545
43709
43878
