3148
3241
3336
3430
3525
3622
3720
3820
3917
4013
4110
4206
4301
4398
4496
4597
4699
4802
7408
7538
7673
7815
7963
8115
8272
8432
8593
8753
8914
9078
9244
9411
9578
9746
9913
10077
10234
10390
10554
11855
11979
12104
12226
12349
12472
12596
12721
12849
12978
13109
13240
13371
13503
13634
13766
13898
14030
14162
14299
14443
14594
14748
14910
15483
15614
15746
15879
16013
16146
16280
16416
16557
16703
16850
16999
17152
17305
17458
17610
18507
18613
18739
18856
18975
19094
19211
19325
19440
19556
19672
19789
19908
20026
20144
20263
20383
20504
20627
20754
20884
21020
21161
21307
21458
21615
21777
21945
22122
22305
22514
25142
25278
25425
25579
25731
25884
26036
26187
26338
26488
26637
26785
26930
27082
27233
27382
27531
27679
27826
27972
28117
28261
28406
28551
28696
28842
28995
29166
29291
35676
35784
35910
36037
36166
36296
36427
36558
36690
36822
36955
37088
37221
37355
37488
37621
37754
37888
38021
38153
38286
38418
38552
38686
38821
38956
39091
39227
39364
39500
39637
39774
39911
40046
40186
40332
40481
40632
40788
40950
43194
43308
43442
43576
43713
43852
43993
44135
44277
44420
44564
44709
44856
45005
45156
45307
45462
45619
45783
45952
46139
48253
48414
48611
48829
49075
49299
49561
49735
49986
50210
50445
