14395
14536
14681
14829
14978
15125
15270
15414
15558
15702
15847
15991
16137
16284
16436
16599
18055
18167
18306
18449
18595
18744
18896
19051
19209
19372
19540
19717
19898
20075
21119
21271
21422
21575
21728
21881
22034
22185
22337
22488
22637
22786
22935
23081
23228
23376
23528
23684
23843
24003
24161
24316
24470
24622
24773
24924
25078
25234
25397
25569
25755
25951
26156
26366
26575
26772
26963
27149
27334
27515
27697
27880
28061
28242
28422
28605
28787
28970
29151
29332
29514
29694
29876
30053
30238
30424
32896
33063
33249
33442
33636
33835
34035
34233
34432
34629
34828
35031
35236
35436
35635
35832
36028
36222
36412
36600
36783
36964
37147
37334
37528
37729
44201
44382
44570
44759
44948
45136
45327
45517
45708
45902
46095
46286
46479
46674
46871
47070
47268
47467
47665
47863
48061
48267
51413
51561
51720
51878
52038
52198
52360
52522
52687
52851
53020
53195
53366
53541
55560
55759
55980
56221
56476
56754
57050
57374
57705
