3286
3381
3479
3577
3676
3775
3875
3974
4072
4169
4268
4366
4467
4571
4677
4785
7351
7480
7617
7761
7907
8058
8213
8371
8532
8697
8863
9029
9192
9357
9522
9689
9852
10012
10166
10319
10477
11618
11740
11863
11986
12107
12228
12349
12470
12594
12719
12845
12971
13097
13223
13349
13476
13604
13736
13874
14019
14166
14316
14469
14621
14768
14908
15042
15174
15305
15437
15567
15697
15828
15959
16094
16232
16375
16520
16664
16811
16959
17107
17253
17396
17536
17671
17802
17929
18054
18178
18298
18417
18535
18650
18762
18873
18982
19093
19203
19315
19428
19540
19649
19755
19860
19964
20069
20175
20283
20392
20505
20620
20739
20863
20991
21126
21266
21410
21558
21714
21879
22063
24826
24945
25089
25234
25381
25527
25671
25817
25961
26105
26247
26388
26528
26667
26805
26949
27090
27230
27369
27506
27642
27779
27913
28048
28183
28317
28452
28587
28724
28867
28981
29218
29345
35531
35631
35748
35864
35982
36101
36221
36342
36464
36587
36710
36833
36955
37078
37201
37324
37446
37569
37692
37816
37939
38063
38188
38312
38438
38563
38689
38816
38944
39071
39200
39329
39458
39588
39719
39852
39990
40133
40278
40425
40573
40726
42856
42969
43088
43207
43330
43453
43577
43701
43825
43950
44076
44203
44332
44461
44593
44727
44864
45004
45147
45294
45444
45604
48209
48403
48615
48828
49040
49268
49477
