3204
3298
3393
3487
3584
3681
3778
3876
3970
4067
4161
4255
4349
4444
4539
7232
7350
7472
7601
7739
7878
8022
8170
8321
8474
8629
8786
8944
9102
9262
9423
9582
9739
9891
10044
11466
11590
11711
11832
11950
12070
12190
12311
12433
12556
12680
12805
12931
13056
13182
13309
13435
13562
13691
13822
13957
14097
14240
14385
14530
14673
14814
14952
15087
15219
15349
15478
15606
15734
15861
15990
16120
16253
16392
16531
16671
16813
16956
17097
17236
17371
17503
17632
17758
17882
18003
18122
18241
18357
18471
18582
18690
18798
18906
19015
19124
19234
19344
19455
19566
19678
19791
19907
20024
20146
20272
20402
20537
20679
20827
20981
21141
21304
21472
21647
21830
22030
24556
24681
24820
24961
25106
25252
25397
25542
25687
25832
25976
26119
26262
26406
26550
26695
26838
26979
27119
27258
27396
27533
27669
27804
27940
28079
28231
28370
28614
28702
35573
35660
35777
35897
36021
36146
36273
36400
36528
36656
36785
36913
37041
37170
37298
37426
37554
37682
37810
37937
38065
38192
38320
38448
38576
38705
38833
38961
39090
39218
39347
39475
39603
39730
39859
39993
40132
40273
40416
42751
42866
42988
43111
43238
43366
43497
43629
43763
43898
44034
44173
44314
44457
44603
44752
44903
45058
45218
45384
45566
48246
48427
48620
48824
49038
49262
49486
49706
49942
