3555
3669
3793
3918
4043
4164
4284
4402
4518
4634
4751
4868
4985
5103
5222
5345
5474
7493
7587
7691
7796
7902
8008
8117
8226
8337
8450
8565
8680
8798
8918
9042
9168
9297
9426
9556
9683
9808
9931
10053
10173
10292
10409
10527
10645
10765
10887
11009
11133
11256
11381
11507
11635
11763
11893
12024
12155
12287
12420
12554
12688
12824
12963
13106
13259
13416
13585
13767
14659
14793
14945
15098
15252
15408
15567
15730
15897
16070
16252
16444
16648
17463
17630
17802
17972
18141
18307
18472
18635
18795
18953
19109
19263
19417
19569
19720
19869
20017
20163
20307
20448
20588
20725
20860
20994
21129
21265
21404
21546
21689
21847
25140
25298
25431
25582
25735
25891
26049
26208
26368
26528
26687
26845
27004
27164
27326
27488
27650
27812
27976
28142
28311
28478
28642
28804
28967
29132
29299
29469
29640
29813
29987
30157
30324
30490
30661
30841
30973
31723
37371
37866
37997
38141
38284
38426
38568
38710
38852
38994
39136
39278
39419
39559
39699
39839
39978
40117
40256
40396
40536
40677
40818
40960
41102
41244
41387
41529
41672
41814
41956
42098
42240
42381
42523
42665
42806
42948
43090
43233
43374
43517
43661
43808
43962
44124
44306
48015
48153
48304
48454
48604
48755
48907
49060
49212
49366
49520
49677
49836
49998
50162
50331
50505
50689
50880
51093
53345
53544
53761
53993
54241
54495
54752
55021
55283
55548
55819
56101
56587
