3102
3170
3246
3319
3394
3469
3543
3616
3689
3761
3832
3904
3975
4046
4117
4187
4257
4327
4397
4466
4534
4604
4672
4741
4809
4878
4946
5014
5083
5153
5222
5292
5363
7361
7444
7542
7643
7748
7855
7966
8078
8191
8306
8420
8535
8649
8760
8875
8990
9105
9221
9337
9456
9575
9694
9809
9924
10040
10154
10268
10382
10496
10610
10724
10838
10952
11066
11180
11295
11412
11528
11645
11760
11876
11992
12108
12224
12340
12456
12573
12692
12813
12939
13069
13200
14283
14389
14498
14607
14716
14825
14934
15044
15153
15262
15373
15483
15596
15712
15828
15946
16065
16183
16301
16418
16535
16651
16768
16884
16999
17113
17224
17332
17436
17538
17637
17735
17829
17923
18014
18104
18192
18279
18365
18449
18532
18615
18696
18778
18859
18939
19020
19102
19184
19266
19351
19436
19523
19611
19701
19793
19886
19982
20082
20185
20292
20400
20512
20627
20743
20863
20983
21108
21237
21373
21523
23925
24041
24167
24292
24416
24542
24665
24790
24915
25039
25163
25287
25410
25532
25654
25775
25896
26018
26140
26260
26380
26500
26620
26739
26859
26978
27097
27216
27336
27455
27575
27696
27816
27938
28059
28180
28302
28422
28542
28663
28789
28935
29136
29345
34071
34166
34274
34384
34494
34605
34716
34828
34941
35055
35169
35284
35398
35513
35627
35741
35855
35969
36084
36198
36312
36428
36542
36656
36771
36886
37001
37116
37231
37345
37459
37574
37688
37802
37915
38028
38141
38252
38364
38475
38586
38700
38820
38950
42184
42273
42370
42469
42567
42665
42764
42863
42962
43061
43159
43258
43357
43455
43554
43651
43750
43849
43948
44047
44146
44245
44343
44442
44541
44640
44740
44840
44940
45040
45142
45246
45351
45460
45576
47726
47842
47963
48091
48223
48357
48496
48637
48778
48921
49064
49210
49356
49503
49651
49801
49951
50104
50258
50413
50571
50728
50890
