2759
2841
2927
3015
3106
3196
3288
3382
3477
3572
3666
3758
3847
3933
4021
4109
4194
4282
4370
4436
4522
4610
4701
6114
6195
6279
6364
6449
6534
6620
6706
6792
6880
6968
7057
7146
7235
7325
7416
7510
7603
7700
7797
7895
7995
8094
8193
8292
8390
8488
8589
8691
8795
8900
9006
9112
9218
9324
9429
9533
9637
9740
9842
9945
10047
10150
10253
10357
10460
10564
10667
10772
10879
10988
11098
11209
11319
11426
11532
11636
11737
11836
11934
12030
12127
12226
12329
12435
12543
12654
12769
12886
13003
13123
13983
14067
14157
14247
14335
14423
14510
14596
14681
14766
14851
14937
15023
15110
15198
15286
15374
15463
15551
15637
15724
15809
15896
15985
16077
16173
16276
16391
18419
18517
18630
18746
18866
18992
19118
19247
19373
19496
19620
19746
19874
20005
20137
20272
20409
20547
20687
20828
20969
21111
21253
21394
21535
21675
21816
21959
22101
22256
22450
28125
28213
28333
28451
28571
28690
28811
28934
29056
29179
29303
29426
29550
29674
29799
29925
30051
30177
30302
30426
30550
30673
30794
30916
31037
31159
31280
31401
31522
31643
31764
31884
32006
32128
32256
32387
32521
32661
32807
35459
35562
35670
35779
35890
36000
36111
36221
36332
36442
36553
36665
36777
36890
37005
37120
37236
37352
37470
37588
37707
37828
37954
38098
40593
40733
40883
41033
41185
41339
41495
41654
41814
41971
42132
