3097
3169
3243
3315
3386
3457
3527
3597
3666
3735
3803
3871
3938
4005
4073
4139
4206
4272
4339
4405
4471
4537
4611
6396
6460
6527
6594
6662
6731
6801
6873
6945
7018
7092
7168
7244
7322
7401
7481
7563
7645
8866
8939
9019
9098
9176
9254
9332
9410
9487
9565
9643
9722
9801
9881
9962
10044
10127
10211
10297
10382
10469
10557
10645
10734
10823
10913
11004
11095
11186
11278
11371
11465
11561
11660
11763
11869
12980
13065
13155
13249
13344
13440
13538
13638
13739
13842
13946
14052
14160
14269
14380
14491
14604
14717
14832
15373
15473
15572
15672
15772
15873
15974
16075
16176
16277
16378
16479
16579
16678
16776
16873
16970
17067
17166
17266
17366
17469
17573
17678
17786
17896
18008
18123
18239
18357
18477
18598
18720
18845
21174
21260
21361
21464
21570
21677
21789
21898
22009
22121
22233
22345
22457
22570
22682
22794
22908
23020
23134
23247
23360
23473
23586
23699
23811
23924
24037
24150
24262
24375
24488
24601
24721
24859
25030
25265
25561
25807
25929
30797
30884
30974
31067
31161
31256
31352
31449
31546
31644
31743
31843
31943
32045
32147
32249
32352
32455
32559
32664
32769
32874
32980
33085
33191
33297
33403
33508
33614
33720
33825
33931
34038
34143
34249
34355
34461
34566
34672
34777
34882
34988
35094
35201
35309
35418
35528
35637
35745
35853
35961
36069
36178
36288
36398
36508
36620
38694
38777
38874
38974
39075
39177
39281
39384
39489
39594
39700
39806
39914
40022
40131
40240
40350
40461
40573
40685
40798
40911
41027
41145
43578
43710
43862
44029
44218
44449
44735
45003
45344
