3590
3728
3873
4016
4150
4282
4417
4555
4694
4832
4971
5110
5251
5391
5533
5676
5816
5958
6101
8755
8868
9002
9144
9286
9428
9571
9715
9858
10003
10147
10292
10439
10586
10732
10879
11026
11174
11324
11474
11631
13182
13332
13483
13631
13775
13923
14075
14229
14385
14542
14701
14863
15026
15188
15350
15514
15679
15844
16009
16173
16337
16501
16665
16831
17000
17173
17352
17531
17711
17888
18056
18219
18387
18555
18726
18898
19073
19248
19422
19598
19780
19968
20159
20357
20558
21867
22023
22186
22350
22515
22678
22842
23004
23168
23331
23495
23659
23824
23988
24153
24318
24481
24642
24800
24954
25108
25258
25406
25554
25703
25852
26003
26156
26312
30404
30588
30780
30971
31165
31357
31551
31742
31932
32125
32318
32514
32704
32893
33078
33260
33442
33624
33804
33984
34165
34345
34524
34698
34871
35043
35213
35383
35553
35726
35898
36070
36240
36409
36578
36748
36922
37101
37294
43914
44069
44234
44402
44574
44748
44925
45102
45280
45458
45639
45818
46003
46185
46370
46556
46739
46921
47108
47294
47478
47664
47848
48032
48211
48387
48563
48738
48912
49087
49265
49448
49636
49829
50028
50233
52726
52880
53060
53242
53423
53598
53773
53946
54118
54292
54467
54643
54821
54999
55180
55361
55541
55722
55920
58310
58464
58692
58837
59093
59226
59429
59681
59894
60127
60370
60605
60829
61062
61287
61513
