3310
3390
3470
3551
3631
3711
3790
3869
3948
4027
4105
4184
4262
4339
4417
4495
4572
4650
4728
4806
4884
4963
5044
5131
7016
7094
7173
7253
7333
7414
7497
7580
7663
7747
7831
7916
8002
8088
8176
8264
8353
8443
8535
8628
8723
8819
8925
10530
10613
10703
10793
10882
10972
11061
11151
11242
11332
11422
11512
11603
11693
11784
11876
11969
12062
12156
12251
12345
12440
12534
12628
12723
12817
12911
13007
13104
13204
13307
13413
13522
13632
13743
13853
13962
14068
14172
14274
14373
14471
14567
14663
14758
14854
14949
15045
15140
15237
15334
15433
15532
15633
15736
15841
15948
16057
16168
16280
16394
16508
16623
16740
16856
16974
17092
17211
17330
17449
17569
17688
17809
18484
18581
18679
18776
18871
18963
19053
19141
19227
19312
19397
19482
19569
19656
19744
19834
19925
20017
20112
20209
20308
20410
20515
20623
20734
20850
20968
21089
21216
21345
21481
21621
21764
21908
22053
22195
22338
22484
22624
22764
22905
23048
26000
26099
26207
26316
26425
26539
26653
26765
26876
26987
27098
27209
27321
27433
27546
27659
27773
27887
28002
28119
28237
28353
28469
28586
28703
28820
28937
29055
29172
29290
29407
29523
29641
29759
29877
29998
30121
30250
30383
30523
30666
30817
37494
37600
37704
37809
37915
38022
38129
38236
38343
38451
38558
38666
38774
38882
38991
39099
39208
39317
39426
39535
39644
39755
39864
39973
40083
40194
40303
40414
40523
40633
40742
40852
40961
41070
41178
41287
41394
41501
41610
41717
41825
41933
42043
42155
42270
42390
42515
42647
45517
45595
45703
45809
45917
46029
46138
46249
46361
46474
46588
46704
46820
46938
47056
47175
47294
47413
47532
47651
47772
47894
48015
48135
48256
48378
48502
48633
50770
50889
51014
51139
51268
51402
51543
51693
51851
52022
52188
52363
52523
52660
52797
