3096
3180
3264
3348
3431
3514
3596
3678
3760
3840
3921
4002
4082
4162
4243
4323
4402
4482
4561
4640
4721
4801
4882
4963
5044
5128
5220
6736
6801
6870
6939
7008
7076
7144
7213
7282
7350
7420
7489
7559
7629
7700
7771
7844
7917
7991
8065
8140
8219
8296
9638
9713
9796
9876
9955
10028
10107
10186
10266
10346
10429
10512
10595
10680
10765
10851
10937
11023
11110
11197
11286
11374
11463
11552
11640
11729
11818
11907
11998
12090
12183
12280
12380
12483
12588
12694
12802
12910
13015
13118
13218
13314
13408
13500
13591
13681
13771
13860
13951
14041
14132
14223
14315
14409
14504
14601
14698
14798
14898
15001
15104
15210
15316
15423
15532
15642
15752
15863
15974
16086
16198
16309
16419
16530
16638
16746
16851
16955
17056
17156
17253
17349
17443
17535
17627
17718
17809
17901
17993
18086
18181
18277
18373
18471
18571
18673
18777
18883
18991
19100
19212
19328
19445
19567
19694
19823
19956
20092
20230
20368
20505
20643
20784
20926
21066
21204
21342
21483
24228
24341
24454
24571
24690
24805
24920
25036
25150
25264
25380
25495
25610
25726
25842
25957
26073
26188
26304
26418
26531
26644
26757
26871
26985
27099
27212
27325
27439
27553
27666
27779
27892
28006
28120
28233
28347
28464
28583
28710
28843
28987
29146
29360
34834
34935
35037
35139
35243
35347
35451
35556
35661
35766
35871
35976
36081
36187
36293
36398
36504
36610
36715
36821
36927
37032
37138
37244
37349
37455
37561
37666
37772
37877
37982
38087
38191
38296
38400
38505
38609
38714
38819
38925
39032
39141
39254
39368
39486
39607
39733
42013
42119
42225
42331
42439
42547
42656
42766
42877
42988
43101
43214
43329
43444
43560
43676
43792
43909
44028
44149
44270
44393
44516
44640
44765
44892
45022
45160
47113
47236
47364
47492
47624
47761
47907
48056
48210
48370
48532
48696
48859
49018
49167
49307
49446
49585
