3176
3246
3315
3385
3455
3525
3595
3664
3735
3804
3874
3944
4015
4084
4154
4223
4292
4360
4427
4494
4561
4628
4693
4759
4824
4889
4954
5017
5081
5143
5206
5270
5333
5397
5462
5528
5595
5672
7510
7589
7687
7789
7893
8000
8110
8221
8335
8449
8565
8681
8798
8915
9032
9147
9262
9377
9493
9609
9726
9845
9964
10982
11074
11168
11261
11357
11454
11552
11652
11754
11857
11959
12062
12164
12266
12367
12469
12573
12676
12780
12884
12989
13094
13199
13305
13410
13516
13621
13727
13834
13942
14053
14165
14280
14402
15568
15652
15757
15861
15962
16063
16164
16264
16365
16466
16567
16670
16773
16878
16984
17090
17197
17306
17416
17528
17640
17752
17865
17978
18091
18204
18318
18431
18542
18652
18759
18863
18964
19062
19156
19245
19332
19415
19497
19576
19655
19733
19810
19886
19961
20037
20112
20187
20262
20338
20413
20489
20565
20641
20718
20796
20874
20954
21034
21116
21200
21286
21374
21464
21557
21652
21751
21853
21960
22072
22190
22314
22441
22569
22696
22824
22949
23075
23203
23336
23476
23646
26115
26230
26348
26467
26587
26708
26830
26954
27075
27192
27310
27428
27545
27662
27779
27896
28013
28130
28247
28362
28477
28593
28711
28827
28942
29058
29173
29289
29405
29521
29637
29752
29867
29982
30096
30210
30325
30440
30555
30670
30786
30902
31021
31144
31279
31465
37139
37232
37329
37428
37526
37625
37723
37823
37923
38022
38122
38222
38322
38422
38523
38624
38726
38828
38931
39034
39136
39238
39341
39443
39547
39650
39754
39858
39962
40067
40172
40277
40382
40488
40594
40701
40808
40915
41023
41130
41236
41341
41445
41549
41651
41753
41854
41955
42055
42155
42255
42357
42463
42573
42688
42814
43921
44031
44148
44269
44396
44529
45886
45958
46046
46133
46218
46302
46387
46470
46555
46639
46724
46808
46893
46977
47060
47144
47228
47311
47395
47480
47564
47647
47729
47811
47893
47975
48059
48142
48225
48307
48391
48474
48559
48643
48728
48813
48898
48985
49073
49165
49259
49355
49461
51725
51835
51953
52076
52203
52332
52464
52596
52730
52864
53000
53136
53274
53412
53551
53690
53830
53971
54113
54256
54399
54542
54686
54832
54976
55118
55263
