3690
3761
3833
3904
3975
4045
4114
4183
4251
4319
4386
4454
4520
4588
4654
4721
4788
4854
4921
4987
5054
5121
5189
5257
5326
5395
5465
5537
8583
8681
8785
8889
8997
9105
9215
9326
9437
9548
9660
9771
9882
9994
10104
10215
10326
10437
10547
10657
10767
10876
10984
11091
11197
11305
11411
11516
11620
11723
11825
11927
12027
12128
14580
14664
14749
14835
14920
15006
15092
15179
15265
15352
15440
15527
15615
15703
15792
15880
15968
16057
16147
16236
16325
16414
16503
16592
16681
16770
16859
16948
17036
17124
17212
17300
17387
17474
17561
17648
17734
17820
17906
17992
18077
18164
18251
18339
18429
18521
20022
20096
20175
20254
20331
20407
20484
20561
20639
20718
20799
20882
20967
21053
21140
21229
21318
21408
21498
21589
21681
21774
21869
21964
22057
22149
22244
22336
22430
22524
22620
22717
22814
22911
23008
23106
23204
23304
23404
23505
23607
23709
23813
23919
24025
24131
24239
24346
24455
24562
24670
24779
24888
24998
25107
25217
25327
25437
25545
25656
25765
25876
25984
26093
26201
26309
26417
26524
26632
26739
26845
26951
27064
30437
30523
30612
30702
30793
30885
30978
31072
31167
31262
31359
31456
31554
31651
31748
31844
31941
32037
32133
32229
32325
32421
32517
32611
32704
32795
32887
32979
33071
33163
33255
33347
33438
33529
33620
33711
33802
33893
33984
34074
34164
34254
34343
34432
34520
34609
34697
34787
34878
34967
35134
35404
35587
45055
45135
45222
45310
45400
45491
45584
45677
45771
45866
45961
46057
46153
46250
46348
46446
46544
46642
46740
46838
46937
47036
47135
47234
47335
47436
47536
47637
47739
47840
47942
48044
48146
48246
48348
48450
48551
48653
48755
48857
48958
49060
49162
49264
49364
49465
49566
49668
49769
49870
49971
50072
50172
50272
50371
50471
50571
50673
50777
50886
54406
54496
54588
54683
54780
54876
54972
55068
55165
55262
55358
55455
55552
55649
55746
55843
55940
56037
56135
56232
56330
56427
56525
56622
56719
56816
56913
57010
57107
57204
57302
57399
60539
60639
60750
60862
60976
61090
61205
61321
61437
61554
61671
61787
61905
62023
62142
62263
62383
62505
62628
62752
62872
