11846
11962
12080
12198
12312
12425
12536
12646
12755
12864
12975
13085
13193
13300
13411
13524
13643
16099
16189
16287
16387
16490
16592
16695
16798
16902
17006
17110
17215
17321
17426
17534
17645
17760
17882
18015
18946
19059
19173
19288
19401
19513
19624
19735
19847
19962
20080
20199
20318
20437
20557
20679
20801
20924
21049
21176
21304
21435
21567
21700
21834
21969
22104
22240
22375
22512
22653
22800
22957
23126
24343
24465
24606
24748
24892
25039
25190
25343
25500
25662
25832
26008
26189
26373
26560
26750
26939
27122
27298
27467
27633
27798
27964
28130
28297
28465
28633
28801
28967
29131
29295
29457
29620
29779
29937
30092
30245
30394
30541
30684
30823
30961
31099
31238
31379
31518
31662
34214
34339
34482
34632
34789
34949
35108
35269
35432
35597
35764
35932
36099
36265
36429
36592
36754
36918
37086
37250
37415
37580
37744
37909
38074
38241
38408
38574
38737
38901
39102
39202
39563
39738
40015
40269
46608
46746
46900
47051
47204
47356
47507
47658
47808
47958
48108
48258
48408
48558
48709
48859
49008
49157
49305
49454
49601
49748
49896
50045
50194
50343
50493
50644
50796
50948
51100
51251
51402
51552
51703
51857
52015
52177
52350
52533
55769
55914
56067
56219
56371
56523
56675
56827
56980
57133
57286
57441
57597
57754
57913
58075
58242
58414
58592
58779
58992
61348
61518
61741
61999
62264
62554
62851
63138
63441
63787
64247
