3740
3866
3995
4121
4244
4366
4487
4608
4730
4853
4978
5102
5232
5366
7420
7509
7632
7752
7876
8002
8129
8258
8389
8525
8664
8807
8956
9113
9949
10101
10247
10392
10535
10676
10816
10956
11097
11242
11385
11530
11675
11821
11968
12115
12264
12413
12563
12715
12868
13024
13185
13353
13534
13735
14855
15016
15183
15347
15514
15683
15856
16036
16224
16419
16623
16833
17043
17241
17427
17608
17787
17965
18140
18316
18488
18661
18830
18998
19165
19330
19495
19660
19825
19990
20153
20315
20475
20631
20784
20935
21083
21232
21386
21554
23942
24105
24273
24442
24612
24783
24956
25131
25308
25484
25658
25830
26001
26172
26343
26520
26692
26866
27040
27213
27387
27564
27744
27922
28103
28282
28475
28605
29480
29629
34888
35024
35198
35368
35539
35711
35884
36055
36228
36399
36572
36743
36916
37089
37260
37432
37605
37780
37954
38130
38304
38479
38654
38828
39002
39175
39349
39525
39706
39895
40093
40303
40474
43296
43448
43624
43795
43964
44136
44309
44481
44653
44827
45004
45181
45357
45533
45713
45897
46092
46305
48845
49061
49313
49572
49843
50124
50416
50711
51014
51321
51682
