3673
3755
3838
3921
4004
4086
4167
4247
4326
4404
4481
4559
4636
4711
4787
4862
4938
5013
5087
5162
5237
5311
5389
5464
5540
5614
5688
5764
5842
5920
6005
7500
7564
7629
7692
7757
7821
7885
7950
8015
8080
8146
8211
8277
8344
8410
8478
8544
8612
8679
8747
8815
8883
8952
9021
9090
9160
9232
9303
9378
9447
9526
9607
10659
10743
10826
10905
10990
11075
11159
11245
11331
11417
11504
11591
11678
11766
11855
11944
12033
12123
12214
12306
12399
12493
12587
12681
12775
12868
12961
13054
13147
13240
13332
13425
13518
13613
13709
13807
13908
14010
14114
14218
14324
14429
14534
14638
14742
14844
14945
15044
15143
15239
15334
15428
15521
15614
15707
15801
15895
15989
16084
16179
16276
16374
16474
16576
16679
16785
16893
17001
17112
17224
17337
17451
17565
17680
17794
17909
18023
18138
18253
18367
18481
18595
18708
18820
18932
19042
19150
19256
19360
19462
19562
19660
19756
19849
19941
20033
20126
20220
20314
20409
20505
20600
20697
20794
20891
20989
21087
21186
21287
21390
21495
21601
21710
21823
21939
22058
22178
22299
22423
22548
22678
22810
22943
23083
25805
25919
26034
26151
26269
26392
26518
26641
26764
26886
27007
27127
27247
27366
27485
27604
27722
27840
27957
28076
28195
28313
28432
28549
28667
28785
28903
29021
29139
29258
29376
29494
29613
29731
29848
29965
30082
30201
30322
30445
30572
30705
30846
30990
31142
31308
37225
37314
37415
37516
37617
37719
37821
37924
38028
38131
38236
38340
38445
38550
38656
38761
38867
38973
39078
39184
39289
39395
39501
39607
39713
39820
39926
40032
40138
40244
40349
40454
40559
40663
40767
40871
40975
41079
41182
41287
41390
41495
41599
41705
41813
41921
42034
42153
42275
42403
42535
43581
43708
45096
45186
45293
45399
45504
45609
45716
45825
45935
46047
46158
46272
46386
46500
46614
46728
46841
46954
47067
47180
47293
47407
47523
47637
47751
47867
47984
48103
48222
48344
48478
50479
50593
50715
50837
50964
51092
51222
51358
51499
51643
51793
51944
52097
52250
52400
52542
52682
52819
52955
