2889
2970
3051
3132
3214
3296
3377
3457
3535
3612
3687
3761
3834
3906
3977
4048
4119
4189
4258
4327
4395
4465
4534
4602
4670
4739
4807
4876
4946
5015
5085
5155
5225
5298
5371
5454
7471
7564
7667
7775
7885
7998
8114
8232
8350
8469
8589
8708
8828
8948
9069
9188
9308
9429
9549
9671
9793
9914
10034
10153
10271
10390
10507
10624
10739
10854
10968
11082
11197
11311
11424
11538
11652
11766
11879
11992
12105
12219
12331
12444
12555
12667
12778
12890
13001
13112
13224
13338
13456
13580
13714
14909
14998
15100
15202
15303
15404
15504
15605
15707
15808
15910
16014
16119
16225
16334
16443
16554
16666
16779
16892
17007
17121
17237
17352
17466
17580
17692
17803
17911
18017
18120
18220
18316
18408
18496
18582
18664
18745
18825
18904
18982
19059
19137
19214
19291
19369
19448
19528
19609
19692
19776
19862
19950
20041
20135
20232
20333
20438
20548
20664
20784
20907
21033
21162
21293
21426
21559
21693
21827
21962
22098
22234
22370
22506
22647
22793
25241
25353
25472
25590
25709
25827
25946
26063
26179
26294
26409
26524
26639
26754
26869
26983
27097
27211
27325
27438
27553
27669
27785
27900
28015
28130
28245
28359
28473
28586
28698
28810
28922
29033
29144
29254
29366
29477
29588
29700
29811
29923
30036
30150
30271
30418
30673
35621
35719
35823
35930
36037
36146
36256
36368
36479
36592
36705
36818
36933
37047
37162
37277
37392
37508
37623
37739
37855
37972
38089
38206
38322
38439
38556
38674
38792
38910
39028
39146
39264
39381
39499
39617
39734
39851
39966
40082
40196
40311
40426
40544
40671
40808
43690
43787
43890
43992
44094
44197
44301
44404
44509
44614
44719
44824
44929
45033
45138
45244
45350
45457
45564
45673
45784
45896
46009
46123
46238
46355
46473
46594
46716
46840
46972
49482
49598
49733
49875
50020
50168
50319
50473
50629
50788
50946
51105
51264
51423
51584
51745
51907
52070
52234
52398
52561
52726
52894
