3952
4037
4125
4214
4303
4393
4483
4573
4663
4754
4844
4934
5024
5116
5205
5294
7807
7882
7952
8026
8097
8169
8242
8315
8388
8461
8534
8607
8681
8754
8827
8900
8973
9046
9120
9193
9267
9341
9416
9492
9568
9646
9724
9803
9883
9964
11209
11284
11366
11448
11532
11616
11702
11788
11876
11965
12055
12145
12237
12329
12422
12515
12609
12703
12798
12892
12986
13080
13175
13269
13364
13458
13553
13648
13742
13836
13931
14026
14121
14217
14314
14412
14512
14614
15800
15889
15980
16071
16163
16255
16347
16440
16533
16627
16723
16819
16916
17015
17116
17217
17318
17421
17522
17624
17724
17824
17923
18022
18476
18565
18656
18749
18841
18933
19025
19117
19209
19302
19396
19491
19586
19682
19779
19877
19976
20076
20177
20279
20383
20488
20594
20703
20813
20924
21037
21147
21263
21367
21493
21588
21722
21813
21945
22042
22171
22276
22402
22512
22635
22748
22874
22986
23107
23223
26524
26615
26709
26805
26902
26999
27097
27197
27296
27396
27496
27596
27697
27798
27899
28000
28101
28202
28303
28404
28505
28606
28707
28807
28908
29007
29105
29204
29303
29402
29500
29599
29697
29795
29893
29990
30087
30184
30281
30378
30474
30570
30667
30764
30860
30957
31054
31154
31254
31335
31542
31621
32096
32163
41104
41190
41281
41373
41465
41559
41653
41747
41842
41938
42033
42130
42226
42323
42421
42519
42618
42716
42815
42914
43013
43112
43212
43312
43412
43512
43613
43714
43816
43917
44018
44119
44220
44322
44424
44526
44628
44731
44834
44937
45040
45144
45247
45351
45454
45558
45662
45766
45870
45974
46078
46182
46285
46389
46493
46596
46700
46806
46913
47021
47129
47238
47349
50165
50253
50351
50449
50549
50650
50751
50853
50954
51057
51160
51262
51364
51466
51568
51670
51771
51874
51975
52078
52179
52281
52384
52485
52587
52689
52790
52892
52992
53094
53195
53298
55968
56071
56184
56299
56414
56532
56650
56768
56889
57010
57131
57252
57376
57498
57624
57747
57874
57998
58125
58248
58371
58490
