3041
3135
3241
3352
3460
3569
3679
3788
3900
4012
4127
4248
4375
5999
6098
6221
6353
6488
6627
6770
6915
7064
7227
8281
8427
8576
8725
8872
9022
9175
9329
9483
9638
9796
9955
10113
10273
10431
10590
10751
10915
11077
11236
11397
11556
11713
11863
12013
12163
12311
12459
12609
12761
12921
13088
13263
14353
14485
14629
14771
14913
15054
15193
15329
15462
15591
15718
15843
15965
16086
16204
16322
16438
16553
16669
16786
16903
17023
17151
19318
19450
19607
19772
19935
20098
20263
20430
20600
20773
20948
21123
21298
21472
21646
21822
21998
22172
22347
22522
22695
22871
23040
23191
23577
30504
30618
30766
30940
31114
31290
31469
31646
31823
32002
32181
32359
32537
32715
32893
33072
33250
33428
33606
33791
33989
36276
36377
36519
36682
36837
36994
37150
37307
37462
37617
37771
37925
38079
38233
38388
38544
38703
38870
40997
41128
41279
41464
41641
41825
42008
42192
42378
42567
42756
42947
