3153
3250
3347
3443
3538
3634
3731
3828
3925
4022
4119
4216
4313
4411
4510
4610
7158
7287
7420
7561
7710
7864
8020
8178
8337
8496
8657
8817
8976
9135
9291
9447
9600
9748
9895
10046
10202
11091
11218
11344
11467
11587
11708
11831
11954
12078
12204
12330
12458
12586
12715
12844
12974
13105
13235
13365
13494
13626
13763
13905
14049
14197
14344
14494
14640
14779
14914
15044
15173
15303
15432
15562
15693
15825
15958
16095
16238
16382
16527
16676
16827
17853
17962
18080
18198
18316
18432
18545
18657
18770
18885
19000
19117
19236
19357
19481
19608
19739
19873
20013
20157
20306
20460
20620
20785
20957
21133
21317
21517
24071
24210
24359
24512
24663
24815
24968
25122
25274
25425
25574
25722
25871
26021
26169
26315
26459
26602
26744
26886
27027
27167
27307
27446
27585
27727
27873
28041
28261
34397
34505
34626
34749
34875
35005
35136
35267
35399
35532
35666
35800
35935
36070
36205
36340
36476
36611
36747
36883
37019
37154
37290
37427
37564
37702
37841
37980
38119
38258
38398
38538
38680
38826
38977
39131
39286
39450
41546
41662
41789
41918
42047
42178
42309
42439
42571
42703
42835
42967
43100
43233
43367
43503
43640
43779
43921
44064
44214
46863
47044
47251
47467
47682
47899
48114
48345
48566
48791
49017
49246
