3589
3730
3873
4011
4143
4274
4408
4540
4672
4805
4937
5071
5206
5343
5483
5626
5772
5918
6066
8495
8619
8758
8899
9041
9185
9328
9472
9617
9763
9909
10057
10205
10355
10504
10655
10804
10953
11102
11248
11396
11539
11691
11833
11987
12132
12285
12434
12588
13943
14097
14248
14401
14556
14703
14857
15011
15166
15319
15474
15627
15781
15935
16088
16242
16396
16551
16708
16865
17023
17181
17338
17495
17651
17807
17963
18119
18277
18434
18590
18749
18911
19076
19244
19411
19577
19741
19902
20062
20220
20378
20536
20696
20857
21020
21186
21353
21525
21703
21887
22077
23019
23168
23330
23495
23661
23827
23992
24157
24323
24489
24654
24818
24983
25149
25315
25481
25648
25815
25983
26150
26315
26480
26643
26808
26972
27134
27300
27467
27632
27807
32134
32296
32475
32660
32826
33009
33183
33359
33534
33709
33886
34062
34240
34419
34599
34780
34960
35138
35314
35486
35655
35820
35984
36146
36310
36474
36639
36803
36968
37134
37300
37467
37632
37796
37961
38127
38294
38464
38638
46067
46194
46351
46513
46675
46834
46997
47157
47317
47476
47637
47796
47958
48117
48278
48438
48601
48762
48924
49085
49248
49410
49573
49737
49903
50070
50239
50412
50585
50757
50930
51104
51277
51451
51626
51804
51984
52165
52349
52536
52731
52908
53093
53275
53450
53624
53804
53985
54156
54329
54504
54689
55198
55365
55536
55710
55881
56046
56208
56368
56523
56677
56829
56980
57133
57284
57435
57585
57739
57904
60380
60558
60771
60926
61322
61521
61945
62142
62388
62571
62813
63011
63234
63434
