12198
12275
12353
12435
12516
12596
12675
12752
12828
12901
12973
13043
13113
13181
13248
13314
13380
13444
13508
13571
13633
13696
13758
13820
13881
13943
14004
14066
14128
14190
14252
14315
14378
14442
14506
14571
14636
14701
14767
14835
17045
17145
17253
17361
17473
17591
17709
17829
17951
18073
18196
18318
18440
18562
18683
18804
18924
19045
19166
19288
19411
19541
19671
19807
20646
20745
20842
20945
21049
21154
21262
21371
21483
21595
21708
21821
21933
22046
22159
22272
22387
22501
22616
22731
22846
22962
23078
23194
23309
23424
23540
23658
23780
23907
24039
24171
25002
25096
25206
25313
25419
25522
25626
25729
25831
25934
26038
26142
26247
26353
26460
26570
26680
26793
26906
27020
27133
27246
27359
27472
27585
27698
27812
27924
28036
28146
28254
28359
28461
28561
28658
28751
28841
28928
29011
29091
29170
29248
29325
29403
29480
29557
29634
29710
29787
29864
29942
30020
30099
30179
30260
30344
30430
30518
30610
30706
30807
30910
31017
31128
31245
31367
31492
31620
31749
31880
32013
32147
32281
32417
32552
32687
32822
32957
33093
33235
33388
35761
35868
35983
36097
36210
36323
36439
36558
36676
36789
36898
37006
37114
37222
37330
37438
37546
37654
37762
37871
37979
38088
38198
38308
38417
38528
38638
38748
38859
38968
39076
39183
39290
39395
39500
39605
39709
39814
39919
40024
40128
40234
40339
40444
40551
40659
40775
40911
41086
46126
46214
46317
46421
46525
46630
46736
46843
46951
47060
47169
47279
47389
47499
47609
47720
47830
47941
48052
48163
48275
48387
48500
48614
48727
48840
48954
49067
49182
49296
49411
49526
49641
49756
49870
49983
50096
50208
50320
50432
50543
50653
50763
50872
50980
51088
51195
51303
51416
51534
51659
51791
51922
52660
52782
54755
54842
54941
55037
55131
55224
55316
55409
55502
55595
55688
55783
55877
55973
56070
56168
56268
56369
56471
56574
56677
56781
56885
56989
57094
57196
57297
57398
57500
57603
57707
57814
57926
58045
58175
60764
60895
61031
61174
61320
61471
61625
61785
61946
62110
62274
62438
62602
62765
62929
63095
63261
63426
63592
63760
63927
64079
