3410
3520
3642
3768
3895
4025
4158
4292
4429
4569
4715
4873
6710
6839
6976
7116
7256
7397
7540
7685
7831
7980
8133
8287
8444
8599
8750
8897
9041
9180
9317
9454
9589
9723
9856
9988
10118
10248
10377
10506
10634
10762
10890
11017
11145
11272
11402
11537
11679
12856
12957
13068
13178
13289
13402
13519
13638
13760
13884
14011
14139
14267
14396
14524
14649
14773
14893
15011
15125
15238
15349
15458
15566
15673
15779
15886
15992
16097
16202
16306
16409
16511
16614
16716
16818
16920
17022
17123
17225
17327
17430
17533
17638
17749
17865
17984
19844
19945
20068
20195
20329
20463
20600
20740
20883
21026
21172
21320
21471
21624
21779
21934
22092
22252
22414
22578
22742
22907
23072
23237
23401
23556
23726
23877
24052
24219
30932
31051
31190
31337
31488
31644
31802
31964
32128
32295
32464
32636
32810
32984
33157
33329
33502
33675
33849
34023
34198
34374
34550
34730
34930
37231
37361
37502
37646
37790
37934
38079
38223
38366
38508
38648
38787
38926
39063
39202
39341
39483
39626
39770
39914
40067
42152
42278
42424
42577
42731
42889
43050
43215
43382
43551
43725
43902
44080
44259
44440
44623
44813
