3206
3285
3353
3431
3497
3571
3645
3718
3791
3865
3937
4010
4082
4155
4227
4300
4372
4444
4516
4588
4659
4730
4803
4875
4948
5019
5092
6972
7031
7091
7151
7212
7272
7332
7392
7453
7513
7573
7634
7694
7755
7816
7877
7939
8001
8063
8126
8189
8252
8315
8379
8444
8508
8582
8648
10123
10199
10274
10352
10429
10506
10584
10662
10741
10821
10902
10984
11066
11148
11231
11315
11399
11484
11570
11655
11742
11828
11915
12003
12091
12180
12269
12358
12449
12542
12639
12738
12842
12948
13058
13169
13280
13393
13504
13614
13720
13823
13926
14026
14124
14221
14317
14412
14506
14601
14697
14792
14888
14986
15084
15184
15286
15389
15493
15601
15710
15819
15931
16044
16158
16274
16391
16509
16628
16749
16871
16995
17699
17801
17907
18012
18116
18219
18319
18419
18516
18613
18708
18804
18900
18996
19093
19191
19290
19390
19492
19595
19698
19804
19912
20023
20137
20254
20375
20494
20619
20744
20873
21003
21135
21270
21407
21544
21681
21819
21958
22094
22231
25018
25128
25244
25362
25482
25607
25729
25850
25970
26087
26205
26322
26439
26556
26672
26788
26903
27018
27136
27255
27374
27493
27612
27731
27851
27970
28089
28209
28328
28447
28565
28685
28803
28922
29039
29156
29274
29392
29512
29634
29760
29891
30029
30187
36183
36270
36371
36473
36575
36678
36783
36887
36991
37096
37202
37307
37411
37516
37621
37726
37831
37938
38044
38152
38259
38367
38475
38583
38691
38799
38908
39017
39126
39235
39343
39451
39559
39667
39775
39883
39990
40098
40206
40314
40422
40531
40641
40754
40868
40986
41107
41232
41361
41492
41623
41753
41881
42005
42128
42252
42376
42502
42633
42769
42908
43885
43978
44084
44190
44296
44403
44512
44622
44733
44845
44960
45075
45191
45306
45422
45538
45655
45773
45891
46010
46131
46253
46375
46500
46626
46754
46885
47019
47172
49138
49248
49373
49498
49627
49762
49901
50044
50193
50346
50500
50658
50810
50959
51121
51263
