3398
3496
3613
3737
3860
3982
4104
4227
4349
4472
4597
4726
4866
6921
7053
7198
7344
7495
7647
7802
7958
8114
8273
8437
8603
8773
8947
9127
10169
10316
10461
10609
10758
10906
11054
11201
11348
11496
11643
11791
11939
12086
12234
12380
12526
12671
12817
12963
13109
13257
13405
13554
13701
13843
13982
14119
14256
14389
14521
14652
14781
14911
15042
15172
15303
15435
15574
15716
15861
17335
17450
17569
17686
17803
17920
18035
18149
18263
18375
18487
18597
18707
18816
18925
19033
19140
19248
19357
19467
19578
19691
19807
19926
20051
20183
20324
20475
20636
24226
24361
24504
24662
24822
24977
25133
25290
25448
25606
25765
25923
26080
26238
26397
26557
26719
26879
27040
27202
27364
27526
27689
27854
28017
28181
28359
35487
35612
35751
35895
36042
36192
36346
36504
36665
36828
36992
37156
37322
37489
37656
37824
37993
38161
38331
38500
38668
38839
39009
39179
39351
39527
39710
42395
42527
42669
42809
42950
43091
43233
43374
43514
43653
43792
43931
44071
44211
44352
44495
44635
44775
44916
45064
47385
47515
47668
47836
48012
48193
48376
48559
48746
48931
49123
49317
49516
