3086
3180
3277
3375
3473
3570
3667
3765
3863
3963
4065
4169
4273
4384
6154
6259
6380
6506
6635
6770
6907
7047
7190
7339
7494
7660
8484
8632
8781
8932
9089
9248
9406
9565
9723
9881
10039
10196
10352
10508
10666
10825
10987
11149
11625
11769
11909
12051
12193
12337
12483
12634
12785
12938
13093
13247
13398
13544
13680
13810
13937
14062
14184
14302
14419
14534
14648
14760
14872
14981
15090
15197
15304
15408
15512
15615
15718
15820
15921
16023
16125
16228
16333
16444
18533
18658
18791
18926
19062
19202
19344
19490
19640
19793
19950
20109
20269
20430
20591
20754
20918
21084
21250
21420
21595
21762
21919
22258
29395
29532
29683
29842
30005
30170
30339
30509
30679
30851
31024
31196
31368
31539
31709
31879
32050
32225
32411
34668
34801
34943
35090
35235
35380
35524
35668
35810
35951
36091
36230
36369
36508
36647
36789
36937
38858
39010
39181
39362
39549
39736
39926
40115
40307
40499
40698
