3016
3094
3170
3246
3320
3395
3469
3543
3616
3688
3759
3830
3900
3969
4038
4106
4173
4239
4302
4366
6282
6349
6419
6491
6563
6637
6712
6788
6866
6945
7025
7107
7190
7274
7360
7447
7538
8557
8643
8729
8815
8902
8989
9077
9165
9255
9345
9436
9528
9621
9715
9809
9904
10000
10096
10193
10291
10389
10488
10588
10689
10791
10896
11002
11112
11227
12100
12191
12288
12388
12490
12593
12697
12802
12909
13017
13127
13239
13352
13466
13583
14541
14633
14729
14825
14921
15018
15115
15211
15307
15403
15499
15595
15690
15787
15885
15983
16084
16185
16288
16394
16502
16613
16726
16841
16959
17078
17200
17323
17454
19281
19384
19489
19595
19702
19810
19919
20028
20139
20249
20360
20472
20583
20695
20807
20919
21032
21144
21256
21367
21477
21587
21696
21805
21913
22022
22130
22239
22346
22453
22560
22669
22781
22903
23060
23281
23327
29124
29197
29290
29384
29482
29581
29682
29783
29886
29990
30094
30198
30304
30409
30516
30623
30731
30840
30949
31059
31169
31279
31389
31500
31611
31722
31834
31945
32057
32168
32279
32390
32501
32611
32721
32832
32942
33053
33165
33278
33393
33511
33636
36392
36486
36582
36678
36775
36873
36971
37070
37170
37270
37371
37472
37574
37676
37779
37883
37988
38094
38200
38307
38417
38532
39235
39447
39511
39549
39608
39658
39696
39997
40966
41128
41248
41390
41544
41711
41869
42028
42190
42346
42494
42638
42782
