13619
13738
13860
13981
14103
14225
14344
14463
14582
14700
14817
14935
15055
15180
17417
17523
17632
17744
17859
17974
18092
18211
18330
18451
18575
18704
18838
18979
19137
19731
19866
19996
20125
20252
20378
20504
20630
20757
20888
21021
21156
21291
21428
21566
21705
21846
21988
22132
22277
22423
22570
22717
22869
23017
23173
23334
23504
23681
23856
24030
24198
24361
24522
24683
24843
24999
25154
25309
25466
25629
25797
25969
26147
26328
26513
26697
26880
27062
27241
27416
27591
27765
27939
28114
28294
28473
28649
28825
29000
29172
29342
29511
29679
29847
30012
30176
30338
30496
30650
30805
30962
31119
31284
33298
33442
33593
33750
33910
34072
34236
34401
34569
34739
34911
35082
35254
35427
35599
35770
35943
36119
36294
36470
36646
36823
37002
37182
37362
37542
37725
37922
38213
38645
38748
43736
44063
44220
44376
44532
44690
44850
45011
45169
45327
45486
45645
45804
45963
46122
46282
46442
46603
46763
46924
47085
47246
47408
47570
47732
47894
48056
48218
48381
48543
48708
48883
49068
49264
51321
51987
52136
52294
52448
52601
52756
52911
53068
53226
53387
53547
53706
53868
54032
54201
54376
54561
54763
57196
57345
57578
57844
58138
58448
58806
58978
59543
59881
60236
60601
