3203
3328
3460
3592
3725
3859
3996
4134
4276
4416
4558
4702
4842
5005
6876
6999
7133
7272
7419
7572
7729
7888
8050
8215
8381
8550
8721
8894
9072
9257
9463
9666
9872
10074
10268
10443
10590
10748
10904
11058
11212
11365
11515
11665
11813
11958
12101
12243
12383
12522
12660
12797
12933
13070
13204
13338
13473
13614
13763
13918
14077
14237
14395
14549
14701
14850
14998
15147
15297
15449
15606
15771
15947
16138
16345
16568
17675
17847
18025
18212
18405
18596
18788
18979
19169
19359
19548
19738
19925
20113
20298
20480
20661
20840
21019
21206
21389
24203
24369
24549
24738
24933
25134
25335
25532
25730
25927
26125
26323
26520
26710
26901
27093
27287
27479
27668
27853
28036
28216
28395
28577
28760
28946
29134
29338
35753
35920
36099
36285
36473
36662
36852
37042
37234
37426
37617
37807
37999
38187
38378
38570
38763
38955
39146
39336
39527
39717
39908
40099
40287
40476
40663
40850
41043
41254
45002
45146
45293
45441
45591
45741
45892
46044
46194
46346
46498
46651
46804
46956
47109
47272
47435
47603
47777
47979
49814
49987
50178
50382
50587
50796
51003
51215
51432
51651
51875
52103
52338
52576
