3244
3366
3496
3625
3756
3887
4017
4147
4277
4410
4547
4692
6451
6557
6686
6831
6979
7127
7276
7427
7579
7730
7884
8041
8200
8360
8524
9842
9980
10121
10263
10409
10558
10706
10854
11002
11149
11295
11442
11588
11734
11881
12029
12179
12329
12480
12631
12783
12937
13093
13250
13409
13565
13725
13886
14206
14360
14509
14658
14806
14953
15102
15251
15400
15550
15704
15864
16027
16195
16363
16533
17023
17172
17320
17467
17612
17756
17895
18033
18170
18306
18439
18571
18703
18835
18964
19093
19221
19352
19484
19618
19756
19900
20048
20201
20360
20523
20692
20865
21043
24636
24779
24932
25096
25262
25428
25595
25761
25928
26093
26259
26425
26592
26759
26925
27093
27261
27429
27597
27767
27939
28110
28280
28452
28626
28796
28950
29145
29273
36546
36680
36829
36979
37132
37285
37441
37598
37756
37915
38075
38238
38403
38570
38738
38907
39075
39243
39411
39579
39746
39914
40082
40251
40424
43185
43293
43437
43597
43756
43913
44070
44225
44379
44530
44680
44830
44978
45126
45276
45425
45575
45723
45874
46030
48306
48434
48598
48789
48984
49182
49380
49581
49782
49981
50184
50384
50587
50799
