3390
3454
3524
3593
3662
3730
3799
3867
3934
4002
4070
4137
4206
4275
4345
4414
4495
4569
4651
6174
6241
6309
6377
6444
6512
6580
6648
6717
6787
6858
6929
7002
7076
7151
7229
7309
7393
7478
7566
7657
7754
7848
7939
8030
8114
8203
8291
8377
8462
8546
8629
8710
8791
8872
8953
9033
9114
9195
9277
9358
9439
9519
9599
9678
9758
9838
9920
10002
10087
10175
10265
10359
10457
10557
10660
10763
10865
10965
11063
11160
11255
11349
11441
11532
11621
11709
11798
11890
11987
12088
12195
12307
12423
12544
12669
12804
12943
13082
13217
13349
13486
13630
13771
13911
14052
14192
14332
14472
14614
14755
14895
15036
15174
15311
15444
15573
15701
15824
15947
16072
17937
18036
18138
18242
18350
18461
18574
18690
18802
18909
19015
19120
19225
19330
19436
19544
19651
19760
19867
19975
20082
20188
20294
20399
20504
20608
20711
20814
20916
21021
21130
21257
26316
26394
26487
26577
26668
26759
26851
26942
27033
27124
27216
27307
27399
27490
27582
27674
27765
27857
27948
28040
28132
28224
28316
28408
28500
28592
28685
28776
28869
28960
29051
29143
29234
29325
29415
29505
29595
29684
29772
29861
29952
30047
30148
30260
32852
32936
33021
33104
33187
33271
33355
33438
33520
33602
33684
33765
33846
33927
34008
34089
34169
34249
34330
34410
34491
34571
34652
34733
34815
34897
34979
35062
35146
35230
35316
35405
35502
38181
38296
38444
38610
38798
39005
39202
39353
39590
39791
