4368
4438
4508
4578
4648
4718
4787
4856
4925
4994
5063
5131
5199
5268
5336
5405
5473
5542
5611
5680
5750
5820
5891
5963
6034
6107
9247
9343
9441
9540
9641
9743
9846
9950
10055
10161
10268
10375
10482
10588
10696
10803
10909
11016
11123
11231
11338
11445
11553
11662
11770
11878
11985
12093
12200
12307
12413
12518
12622
12725
12828
12929
13031
13128
14690
14775
14866
14957
15049
15140
15233
15324
15416
15507
15598
15690
15783
15877
15970
16064
16157
16251
16344
16437
16530
16622
16714
16805
16896
16987
17078
17168
17259
17349
17438
17527
17616
17704
17791
17879
17966
18052
18138
18223
18309
18396
18486
18578
18672
20141
20213
20290
20367
20444
20520
20597
20674
20752
20832
20913
20997
21083
21171
21260
21351
21442
23321
23409
23509
23609
23709
23811
23914
24017
24121
24226
24330
24436
24542
24648
24754
24861
24968
25075
25183
25291
25399
25508
25617
25726
25835
25945
26056
26166
26276
26386
26496
26607
26716
26825
26932
27040
27146
27252
27358
27464
27569
30601
30687
30776
30866
30958
31050
31144
31239
31333
31428
31525
31622
31719
31817
31914
32012
32110
32208
32305
32403
32500
32597
32692
32786
32880
32974
33067
33160
33253
33345
33439
33532
33625
33719
33813
33906
34000
34093
34186
34278
34370
34462
34553
34643
34735
34828
34922
35017
35115
35214
35297
35487
35711
36418
36513
45459
45547
45637
45728
45821
45914
46007
46102
46197
46293
46389
46485
46582
46680
46777
46876
46975
47074
47172
47272
47372
47473
47572
47672
47774
47875
47978
48080
48182
48283
48386
48489
48591
48696
48799
48902
49007
49111
49216
49321
49426
49531
49635
49739
49844
49948
50052
50155
50259
50363
50467
50571
50674
50778
50882
50986
51090
51195
51300
51407
51517
51626
51736
51840
51960
55121
55210
55303
55398
55494
55591
55689
55788
55886
55984
56083
56182
56281
56381
56480
56580
56679
56779
56878
56977
57076
57175
57274
57373
57471
57569
57667
57765
57862
57960
58058
58157
58255
58355
58456
61395
61496
61610
61721
61834
61946
62062
62178
62297
62417
62537
62654
62774
62893
63015
63135
63257
63378
63498
63622
63745
63859
63988
