3652
3736
3825
3914
4003
4092
4181
4270
4359
4448
4536
4625
4714
4803
4893
4982
5072
5162
5252
5343
5433
8220
8290
8364
8434
8511
8581
8656
8728
8801
8873
8945
9017
9087
9158
9228
9298
9367
9436
9504
9573
9641
9709
9778
9846
9915
9983
10052
10122
10192
10262
10333
10405
10477
10550
10622
12194
12269
12350
12432
12516
12600
12684
12769
12855
12942
13030
13119
13208
13298
13389
13480
13571
13662
13752
13843
13933
14024
14114
14204
14294
14383
14473
14562
14651
14739
14828
14916
15004
15093
15182
15273
15365
15461
15558
16919
16992
17075
17159
17243
17326
17409
17493
17578
17664
17750
17838
17927
18019
18112
18205
18300
18396
18492
18586
19387
19471
19559
19648
19737
19825
19914
20003
20092
20181
20272
20364
20457
20551
20646
20742
20840
20939
21039
21140
21242
21346
21451
21555
21662
21770
21880
21991
22102
22217
22331
22447
22564
22680
22797
22914
23032
23152
23267
23388
23495
27883
27971
28062
28156
28251
28347
28444
28541
28639
28738
28837
28937
29037
29136
29236
29335
29435
29534
29634
29734
29833
29933
30031
30129
30227
30325
30422
30519
30615
30711
30807
30902
30996
31091
31184
31277
31370
31463
31555
31649
31742
31835
31930
32025
32120
32216
32316
32423
32500
32847
41765
41850
41941
42034
42127
42220
42315
42410
42505
42601
42697
42794
42891
42989
43087
43185
43284
43384
43484
43585
43686
43787
43888
43990
44092
44193
44295
44396
44499
44601
44704
44807
44912
45014
45117
45221
45325
45429
45532
45637
45742
45848
45953
46058
46163
46267
46372
46476
46580
46684
46788
46891
46995
47099
47202
47306
47409
47512
47614
47716
47818
47920
48022
48126
48231
48339
48448
48555
52303
52397
52496
52594
52693
52792
52892
52992
53092
53192
53293
53394
53495
53597
53698
53801
53903
54006
54108
54212
54315
54418
54522
54626
54730
54834
54938
55042
55146
55251
55358
58009
58107
58219
58331
58447
58562
58680
58798
58917
59036
59156
59278
59399
59521
59645
59765
59892
60011
60137
60257
60385
60502
60631
