2920
3014
3115
3221
3326
3433
3537
3641
3743
3844
3943
4042
4140
4237
4337
4436
4535
4637
4760
6362
6456
6560
6665
6771
6879
6986
7095
7204
7315
7426
7536
7647
7758
7870
7981
8091
8198
8305
8411
8517
8622
8726
8830
8933
9038
9143
9249
9356
9465
9574
9684
9795
9905
10016
10126
10237
10347
10457
10567
10677
10787
10898
11009
11120
11231
11344
11458
11574
11690
11807
11924
12040
12159
12277
12396
12515
12633
12750
12866
12980
13095
13208
13322
13435
13548
13664
13784
13908
14033
14163
14297
14435
14575
14709
14844
14978
15106
15227
15342
15455
15566
15673
15779
15882
15983
16083
16182
16280
16377
16473
16569
16665
16761
16857
16953
17050
17147
17245
17342
17441
17540
17638
17738
17835
17930
18021
18111
18203
18301
18408
20974
21078
21192
21311
21434
21562
21696
21830
21964
22096
22228
22364
22500
22638
22777
22918
23061
23203
23345
23486
23627
23767
23904
24041
24177
24312
24451
24588
24726
31655
31758
31873
31986
32100
32214
32328
32442
32555
32669
32783
32896
33010
33124
33237
33351
33464
33578
33692
33806
33920
34035
34149
34263
34377
34491
34605
34718
34831
34943
35054
35166
35278
35390
35503
35616
35729
35843
35956
36073
36190
36311
36433
36561
36695
36836
36983
37133
37286
37438
37587
37735
37884
38035
38190
38348
38513
38689
39714
39818
39936
40054
40172
40290
40409
40526
40644
40761
40877
40993
41108
41221
41334
41446
41559
41670
41782
41891
41999
42104
42206
42309
42415
42523
42644
45060
45190
45333
45483
45638
45801
45968
46140
46313
46491
46667
46808
46964
