3666
3738
3813
3887
3962
4037
4113
4188
4260
4332
4403
4473
4542
4612
4680
4749
4816
4882
4948
5013
5078
5143
5207
5271
5334
5398
5462
5526
5589
5653
5716
5779
5842
5904
5967
6030
6095
6164
7980
8057
8142
8226
8315
8408
8505
8606
8710
8815
8921
9029
9139
9250
9363
9477
9592
9706
9819
9933
10045
10157
10269
10382
10495
10611
10727
10841
10953
11064
11573
11664
11756
11848
11940
12034
12130
12226
12324
12422
12522
12624
12726
12830
12933
13037
13140
13244
13347
13451
13555
13659
13763
13867
13970
14074
14177
14282
14387
14495
14607
14724
16156
16250
16344
16437
16529
16620
16711
16801
16891
16984
17076
17168
17261
17356
17451
17549
17650
17753
17858
17963
18071
18178
18287
18397
18507
18617
18727
18837
18946
19054
19161
19266
19369
19470
19568
19662
19752
19840
19924
20005
20085
20163
20241
20317
20393
20469
20544
20619
20695
20770
20845
20920
20995
21071
21146
21223
21300
21378
21457
21538
21619
21702
21786
21872
21960
22052
22147
22244
22344
22446
22551
22659
22771
22886
23003
23123
23242
23363
23484
23608
23734
23862
23994
24132
24288
26575
26668
26787
26905
27026
27148
27271
27399
27527
27654
27778
27899
28019
28139
28257
28374
28492
28607
28722
28838
28956
29074
29192
29310
29428
29546
29664
29782
29899
30016
30132
30248
30363
30477
30592
30706
30821
30936
31051
31166
31280
31394
31509
31626
31756
31923
32231
36885
36979
37082
37185
37289
37394
37501
37608
37717
37827
37937
38048
38158
38268
38379
38491
38602
38714
38825
38936
39047
39158
39270
39382
39493
39604
39714
39825
39935
40046
40155
40265
40374
40483
40592
40701
40809
40917
41024
41130
41236
41342
41447
41552
41658
41766
41878
41996
42122
45118
45204
45297
45386
45474
45561
45648
45735
45821
45907
45992
46078
46163
46248
46332
46414
46497
46580
46662
46744
46826
46908
46990
47071
47153
47235
47317
47399
47482
47565
47649
47733
47817
47903
47988
48073
48160
48249
48341
48439
48551
50783
50892
51003
51118
51240
51368
51499
51633
51770
51910
52051
52192
52336
52479
52625
52771
52918
53065
53213
53361
53511
53660
53811
53961
54112
54264
54419
54576
54734
