11747
11874
11999
12121
12244
12366
12486
12604
12722
12840
12958
13076
13198
13325
15609
15698
15807
15916
16025
16137
16248
16361
16474
16587
16702
16818
16936
17056
17175
17296
17420
17548
17684
19335
19461
19589
19717
19847
19977
20110
20245
20380
20515
20650
20787
20925
21064
21206
21349
21494
21642
21792
21944
22098
22254
22411
22570
22731
22896
23063
23238
23419
23604
23798
24351
24513
24676
24840
25004
25168
25331
25495
25661
25830
26003
26182
26367
26558
26753
26949
27144
27336
27524
27708
27890
28072
28256
28442
28627
28813
28999
29185
29370
29556
29743
29929
30114
30297
30477
30653
30826
30994
31157
31315
31472
31631
31793
31963
34348
34486
34646
34811
34983
35155
35332
35511
35692
35874
36055
36234
36410
36585
36757
36927
37108
37283
37457
37630
37805
37981
38156
38332
38513
38695
38876
39058
39251
39436
39582
39922
40108
40438
45197
45894
46060
46226
46391
46557
46726
46893
47060
47227
47393
47557
47721
47885
48049
48212
48376
48540
48705
48869
49034
49198
49362
49526
49691
49855
50019
50182
50346
50508
50670
50833
51004
51182
51368
51557
54504
54655
54813
54969
55126
55282
55437
55591
55746
55902
56057
56212
56367
56523
56684
56852
57024
57203
57402
59912
60102
60325
60588
60853
61126
61410
61693
62005
62304
62596
62910
