10659
10772
10920
11062
11208
11353
11498
11642
11784
11926
12069
12213
12360
12510
15368
15530
15696
15864
16036
16209
16383
16559
16736
16911
17088
17264
17439
17615
17794
17980
18171
18363
19489
19638
19790
19941
20090
20238
20387
20535
20683
20828
20973
21117
21261
21405
21549
21692
21835
21978
22121
22264
22410
22559
22712
22871
23031
23192
23353
23511
23667
23821
23976
24133
24293
24456
24622
24793
24971
25155
25347
25542
25741
25940
26138
26336
26529
26719
26899
27072
27241
27401
27556
27705
27851
27996
28139
28283
28429
28580
28737
28899
29071
29254
29446
29649
29859
30083
30311
30542
30779
31010
31258
34458
34647
34846
35050
35254
35462
35671
35878
36079
36284
36484
36679
36877
37066
37253
37442
37625
37807
37986
38162
38335
38507
38677
38846
39017
39191
39365
39543
39723
39913
47448
47603
47782
47960
48143
48328
48514
48703
48892
49084
49274
49462
49648
49835
50022
50210
50398
50587
50775
50964
51153
51339
51526
51714
51904
52095
52305
55730
55886
56051
56216
56383
56551
56720
56893
57066
57243
57424
57607
57792
57990
58197
60189
60401
60632
60868
61114
61367
61622
61881
62135
62399
62657
62939
63224
