3071
3146
3220
3295
3371
3450
3529
3609
3688
3765
3840
3912
3983
4055
4126
4195
4265
4334
4403
4472
4539
4607
4674
4741
4807
4872
4938
5003
5067
5132
5195
5258
5320
5382
5445
5506
5567
5629
5690
5752
5815
5878
5945
6016
7943
8027
8112
8201
8291
8385
8481
8579
8680
8781
8883
8985
9088
9191
9294
9398
9501
9605
9708
9811
9913
10018
10122
10228
10336
10444
10550
10656
10760
10862
11524
11605
11693
11779
11864
11951
12038
12125
12214
12303
12392
12482
12574
12666
12759
12852
12946
13039
13133
13228
13322
13418
13513
13608
13704
13799
13895
13989
14084
14179
14273
14368
14463
14557
14653
14750
14850
14951
15061
15175
16461
16542
16638
16732
16825
16918
17010
17102
17193
17284
17375
17466
17556
17646
17737
17829
17923
18020
18119
18221
18325
18430
18536
18643
18749
18856
18962
19068
19174
19280
19386
19491
19596
19699
19802
19903
20002
20099
20194
20286
20375
20460
20543
20623
20701
20778
20853
20927
21000
21072
21144
21216
21287
21358
21428
21498
21567
21635
21704
21772
21839
21906
21972
22038
22104
22171
22237
22304
22372
22440
22509
22579
22649
22720
22792
22866
22941
23017
23096
23177
23262
23350
23443
23539
23639
23743
23855
23971
24091
24212
24335
24459
24582
24706
24833
24964
25102
27615
27725
27839
27953
28067
28183
28299
28415
28527
28640
28753
28866
28979
29092
29204
29315
29427
29538
29648
29758
29868
29978
30091
30201
30312
30422
30532
30642
30751
30861
30969
31077
31185
31293
31399
31506
31613
31718
31824
31930
32037
32144
32251
32358
32466
32574
32682
32794
32918
33083
33598
33984
38108
38203
38300
38398
38497
38595
38695
38795
38895
38996
39096
39197
39299
39400
39502
39602
39704
39804
39904
40004
40103
40202
40302
40401
40501
40601
40701
40801
40901
41001
41102
41202
41303
41403
41503
41604
41704
41804
41904
42004
42103
42202
42301
42400
42498
42597
42695
42794
42892
42991
43088
43186
43287
43392
43504
43625
46632
46713
46801
46886
46969
47051
47134
47217
47299
47381
47462
47543
47624
47705
47786
47866
47947
48027
48108
48189
48270
48351
48432
48513
48594
48675
48756
48837
48917
48998
49079
49161
49243
49325
49408
49492
49578
49667
49759
49853
49952
50061
52132
52239
52350
52466
52583
52704
52830
52957
53088
53222
53356
53493
53630
53769
53907
54049
54190
54333
54477
54623
54771
54919
55070
55221
55372
55525
55681
55832
