3338
3449
3558
3671
3791
3908
4024
4140
4253
4364
4475
4586
4695
4803
4911
5022
7381
7506
7635
7769
7910
8059
8216
8379
8545
8714
8884
9058
9232
9405
9578
9751
9927
10100
10270
10439
10608
10773
10936
11107
12476
12605
12733
12858
12983
13108
13235
13364
13495
13628
13763
13900
14036
14173
14309
14443
14576
14715
14861
15012
15164
15321
15481
15638
15787
15930
16069
16206
16340
16475
16610
16745
16881
17018
17160
17307
17459
17610
17763
17920
18083
18624
18777
18902
19032
19158
19286
19412
19535
19656
19776
19897
20017
20138
20259
20382
20506
20633
20762
20896
21033
21174
21320
21472
21629
21794
21965
22141
22322
22512
22719
25276
25424
25579
25736
25899
26063
26226
26387
26546
26704
26861
27016
27170
27323
27475
27632
27786
27938
28088
28236
28383
28528
28674
28820
28965
29111
29260
29411
29577
29799
34860
34965
35105
35242
35382
35521
35661
35802
35943
36085
36227
36370
36513
36655
36796
36938
37079
37220
37362
37504
37648
37794
37941
38089
38239
38388
38536
38683
38830
38980
39132
39288
39448
39611
39786
41541
41952
42069
42210
42349
42491
42633
42774
42916
43057
43197
43336
43475
43612
43749
43885
44019
44152
44286
44420
44555
44691
44840
47210
47358
47591
47797
48008
48439
48673
