4222
4295
4371
4447
4522
4597
4672
4745
4818
4889
4960
5030
5099
5167
5235
5302
5369
5436
5503
5570
5636
5704
5771
5840
5909
5983
8508
8578
8670
8765
8864
8964
9070
9178
9289
9403
9518
9634
9751
9870
9988
10106
10224
10341
10457
10569
10678
10783
10886
10988
11090
11189
11289
11390
11495
11600
12609
12704
12800
12899
12995
13093
13191
13289
13387
13487
13587
13688
13790
13890
13990
14091
14191
14291
14392
14492
14592
14693
14793
14893
14992
15091
15192
15291
15391
15490
15589
15688
15787
15887
15988
17531
17616
17710
17803
17896
17988
18080
18173
18267
18360
18456
18552
18649
18747
18845
18942
19038
19135
19233
19329
19946
20025
20108
20192
20276
20360
20443
20524
20604
20684
20764
20844
20924
21005
21087
21169
21252
21336
21421
21508
21594
21683
21773
21865
21960
22057
22158
22261
22366
22474
22582
22692
22802
22914
23026
23139
23252
23365
23477
23589
23700
23812
23923
24033
24143
24251
24358
24466
24576
27669
27751
27843
27937
28033
28130
28229
28328
28428
28525
28626
28726
28826
28927
29028
29128
29229
29330
29430
29530
29630
29730
29828
29927
30026
30125
30221
30317
30413
30507
30600
30693
30784
30875
30965
31054
31141
31227
31312
31396
31478
31559
31639
31718
31797
31875
31952
32029
32106
32182
32258
32333
32410
32487
32567
32650
32732
32822
32892
33059
33204
33426
33787
34080
34154
42081
42159
42255
42352
42452
42553
42654
42756
42860
42963
43067
43172
43278
43384
43490
43598
43705
43812
43920
44028
44136
44244
44352
44460
44570
44680
44790
44901
45012
45123
45234
45345
45454
45564
45674
45785
45895
46005
46116
46225
46334
46444
46553
46661
46769
46876
46983
47090
47197
47304
47412
47519
47628
47740
47859
51113
51188
51283
51382
51482
51582
51684
51785
51888
51990
52093
52195
52298
52401
52503
52606
52707
52809
52910
53012
53112
53213
53312
53411
53509
53607
53703
53801
53898
53995
54092
54190
54291
57105
57203
57315
57424
57538
57651
57766
57882
57999
58118
58237
58356
58476
58596
58716
58835
58953
59071
59192
59314
59428
59571
59670
59796
