10793
10913
11047
11180
11314
11446
11581
11715
11849
11978
12108
12237
12365
12495
12621
14506
14599
14704
14813
14925
15040
15159
15282
15411
15546
15687
15833
15982
16137
16295
16915
17061
17209
17359
17511
17663
17819
17975
18133
18292
18450
18607
18762
18919
19074
19230
19386
19543
19705
19873
20042
20209
20370
20528
20681
20831
20980
21127
21273
21421
21570
21722
21877
22039
22207
22379
22551
22722
22900
23053
23212
23341
23485
23620
23752
23886
24020
24154
24290
24427
24569
24714
24863
25018
25180
25347
25524
25709
25898
26091
26286
26484
26686
26888
29261
29404
29574
29746
29922
30103
30291
30485
30681
30876
31072
31269
31467
31667
31862
32054
32243
32430
32617
32801
32985
33166
33347
33528
33705
33889
34070
34261
40594
40769
40948
41132
41318
41505
41692
41881
42071
42259
42450
42641
42831
43020
43208
43394
43580
43763
43945
44127
44309
44492
44675
44864
45058
45266
45480
45714
45896
46124
46352
46573
46840
48638
48776
48923
49070
49217
49365
49514
49664
49817
49974
50134
50295
50460
50630
50809
50999
52852
53048
53254
53456
53665
53878
54093
54306
54523
54749
54996
