3311
3390
3467
3545
3621
3697
3774
3848
3923
3998
4072
4145
4219
4293
4366
4439
4520
4596
6396
6462
6532
6603
6676
6749
6823
6898
6974
7051
7130
7210
7291
7374
7458
7544
7631
7721
7813
9205
9297
9390
9484
9581
9679
9779
9880
9981
10084
10188
10294
10400
10508
10616
10725
10835
10945
11056
11167
11278
11391
11505
11619
11735
11852
11970
12089
12211
12333
12455
12576
12694
12808
12915
13023
13131
13240
13350
13462
13574
13688
13803
13919
14036
14154
14274
14395
14516
14638
14758
14877
14993
15107
15221
15333
15445
15556
15668
15781
15894
16009
16124
16240
16357
16473
16590
16707
16826
16947
17068
17190
17313
17435
17556
17675
17792
17906
18018
18131
18245
18359
18472
18595
20339
20433
20531
20633
20737
20845
20950
21059
21169
21280
21393
21506
21620
21734
21849
21964
22078
22192
22305
22418
22531
22644
22757
22869
22980
23091
23201
23311
23420
23529
23639
23750
23869
24020
24331
29901
29988
30085
30184
30287
30390
30495
30600
30706
30814
30922
31032
31142
31253
31364
31475
31587
31700
31813
31926
32041
32156
32271
32387
32503
32618
32734
32850
32966
33082
33197
33313
33428
33543
33658
33772
33887
34001
34117
34233
34350
34468
34589
37420
37518
37616
37717
37820
37923
38026
38129
38233
38336
38439
38543
38646
38751
38856
38962
39068
39175
39284
39394
39505
39622
42075
42204
42339
42481
42637
42811
42995
43190
43380
43551
43705
43851
44006
