3406
3545
3680
3820
3958
4097
4234
4372
4509
4647
4785
4922
5061
5200
5342
5484
5629
5664
5778
8255
8433
8562
8698
8835
8974
9114
9254
9395
9536
9678
9820
9963
10106
10250
10395
10540
10688
10838
10989
11140
11293
11450
11609
13138
13278
13420
13564
13708
13856
14005
14155
14307
14459
14612
14765
14921
15076
15229
15383
15536
15688
15841
15996
16151
16307
16463
16621
16778
16934
17091
17247
17403
17561
17719
17881
18048
18221
18389
18553
18712
18867
19021
19183
19346
19509
19670
19834
19997
20162
20331
20503
20680
20859
21046
21235
21430
22830
22987
23149
23313
23477
23640
23803
23966
24128
24291
24454
24618
24783
24949
25115
25280
25444
25607
25767
25926
26081
26234
26387
26539
26689
26839
26991
27145
27305
31036
31203
31374
31548
31725
31901
32076
32254
32432
32613
32792
32973
33153
33333
33513
33693
33869
34045
34215
34385
34553
34718
34886
35052
35217
35381
35544
35708
35870
36032
36193
36351
36509
36670
36832
36993
37153
37313
37472
37633
44794
44948
45109
45245
45436
45574
45764
45915
46104
46260
46448
46608
46792
46959
47131
47301
47470
47639
47807
47976
48144
48311
48480
48648
48817
48984
49152
49317
49481
49644
49807
49969
50132
50294
50458
50623
50790
50959
51132
51310
51493
51682
51876
53797
53966
54129
54302
54475
54647
54815
54978
55136
55290
55443
55590
55736
55882
56027
56171
56318
56465
56615
56764
56918
57082
59484
59654
59860
60051
60251
60410
60797
60966
61363
61525
61918
62096
