3037
3155
3286
3418
3551
3682
3814
3944
4074
4204
4339
4479
4631
6220
6333
6466
6609
6756
6907
7061
7216
7372
7531
7697
7868
8528
8669
8817
8968
9119
9271
9422
9573
9722
9873
10025
10177
10331
10487
10645
10808
10974
11140
11299
11462
11617
11771
11916
12063
12211
12357
12505
12652
12801
12954
13113
13274
13442
14497
14623
14754
14883
15011
15136
15260
15383
15503
15622
15739
15856
15973
16089
16205
16321
16438
16556
16677
16801
16932
17069
17220
19644
19789
19943
20105
20270
20439
20608
20779
20947
21117
21288
21460
21631
21802
21973
22146
22319
22494
22674
22819
31139
31257
31390
31538
31695
31857
32019
32183
32350
32518
32687
32858
33031
33205
33381
33556
33731
33906
34079
34253
34430
34606
34787
34975
37543
37683
37839
37995
38154
38311
38468
38626
38781
38936
39089
39242
39394
39548
39703
39861
40023
42287
42437
42609
42789
42971
43161
43353
43544
43734
43927
44122
44315
