3316
3465
3617
3771
3925
4079
4232
4383
4528
4667
4811
4951
5092
5237
5383
5530
5676
5825
8310
8437
8580
8725
8871
9018
9165
9311
9458
9604
9751
9898
10047
10197
10348
10501
10657
10815
10976
11139
12816
12972
13132
13291
13445
13603
13762
13923
14085
14249
14414
14581
14746
14911
15076
15242
15408
15574
15738
15902
16067
16232
16402
16575
16751
16927
17102
17274
17442
17609
17775
17941
18108
18277
18447
18620
18798
18982
19174
19372
19575
20873
21027
21194
21362
21530
21696
21861
22023
22181
22337
22491
22646
22800
22953
23107
23260
23415
23570
23725
23883
24038
24194
24350
24505
24658
24811
24968
28840
29011
29207
29391
29579
29768
29957
30141
30328
30518
30709
30902
31093
31280
31468
31650
31831
32009
32181
32351
32515
32674
32832
32988
33145
33301
33458
33614
33771
33927
34083
34237
34392
34549
34709
35350
41531
41688
41865
42044
42225
42408
42593
42778
42965
43149
43333
43516
43702
43889
44073
44257
44437
44618
44796
44970
45149
45327
45504
45679
45856
46034
46214
46397
46586
46778
46972
47168
47368
47578
48178
48357
48544
49759
49931
50111
50296
50474
50647
50814
50980
51142
51305
51466
51630
51795
51960
52125
52293
52461
55134
55325
55487
55721
55847
56056
56271
56477
56685
56888
57092
57292
57494
57683
