3538
3659
3789
3916
4042
4166
4290
4412
4533
4652
4770
4889
5009
5132
5258
5388
5527
5670
8118
8171
8281
8408
8535
8664
8793
8924
9055
9186
9318
9450
9583
9715
9849
9982
10116
10249
10384
10517
10651
10785
10921
11057
11197
11344
11532
12984
13122
13263
13398
13539
13682
13826
13972
14118
14264
14410
14556
14701
14848
14994
15140
15286
15432
15578
15723
15869
16016
16164
16310
16458
16605
16751
16900
17052
17208
17365
17526
17690
17856
18017
18169
18321
18475
18629
18782
18937
19094
19252
19410
19568
19729
19894
20066
20241
20420
20601
20785
22012
22166
22324
22478
22631
22782
22933
23083
23231
23379
23525
23670
23814
23958
24102
24246
24391
24536
24680
24826
24971
25116
25261
25406
25551
25699
25847
25998
26149
26302
26454
26605
26758
30748
30883
31051
31222
31396
31573
31749
31925
32099
32276
32455
32636
32815
32992
33168
33344
33519
33692
33864
34032
34199
34364
34525
34686
34845
35002
35158
35314
35470
35628
35788
35947
36110
36271
36431
36592
36751
36911
37073
37234
37394
37557
44652
44780
44938
45091
45247
45405
45563
45722
45884
46046
46208
46371
46536
46700
46864
47029
47193
47357
47523
47689
47855
48023
48192
48358
48523
48690
48858
49023
49187
49352
49517
49682
49851
50019
50194
50373
50555
50742
50933
52821
53003
53720
53894
54070
54246
54415
54583
54747
54911
55071
55235
55396
55557
55717
55876
56037
56196
56357
56518
56686
56864
59563
59687
59886
60036
60406
60567
60957
61122
61356
61541
61752
61959
62173
62393
