10898
11015
11142
11264
11384
11501
11618
11734
11850
11965
12079
12193
12306
12422
12540
12661
12795
15033
15114
15211
15309
15408
15509
15610
15711
15813
15916
16020
16124
16226
16331
16436
16544
16654
16770
16891
17019
17147
17276
17405
17532
17657
17780
17901
18020
18136
18250
18362
18472
18583
18693
18804
18916
19030
19146
19264
19384
19506
19628
19752
19877
20004
20133
20263
20395
20529
20664
20801
20940
21079
21218
21361
21510
21666
21826
21989
22152
22312
22469
22625
22780
22933
23083
23234
23386
23541
23699
23863
24033
24211
24396
24585
24776
24969
25160
25346
25526
25704
25881
26057
26233
26409
26585
26763
26941
27119
27300
27481
27660
27838
28016
28192
28364
28531
28694
28851
29004
29151
29294
29433
29571
29712
29853
29989
30135
30285
30448
32570
32702
32845
32992
33142
33299
33457
33617
33777
33939
34105
34273
34438
34603
34765
34927
35087
35247
35407
35572
35734
35900
36059
36225
36385
36549
36712
36879
37045
37215
37389
37574
37783
38057
38283
38487
38727
38892
43928
44068
44213
44359
44507
44654
44801
44950
45098
45247
45396
45545
45696
45845
45997
46145
46294
46442
46594
46743
46895
47045
47195
47344
47493
47644
47795
47946
48097
48248
48398
48550
48701
48852
49007
49168
49334
49504
49680
49857
50032
50208
50384
50553
50719
50888
51061
51236
51410
51585
51762
51939
52120
52308
52493
52638
52797
52949
53096
53242
53391
53539
53686
53831
53976
54119
54263
54410
54557
54708
54861
55018
55181
55356
55566
57810
58019
58283
58560
58863
59172
59520
59742
60369
60653
60898
