2774
2858
2942
3025
3107
3189
3269
3350
3429
3508
3586
3664
3741
3818
3894
3969
4044
4118
4190
4261
5916
5982
6048
6115
6183
6251
6320
6390
6461
6532
6604
6678
6752
6827
6903
6980
7058
7137
7216
7304
8612
8692
8779
8866
8954
9044
9135
9227
9321
9417
9515
9615
9717
9819
9923
10028
10134
10240
10347
10455
10563
10673
10784
10898
11011
11126
11244
11362
12020
12121
12224
12331
12439
12549
12659
12771
12884
12998
13113
13230
13346
13463
13581
13698
13815
13932
14047
14161
14274
14386
14497
14607
14716
14825
14933
15042
15151
15260
15369
15477
15584
15691
15798
15905
16012
16121
16229
16338
16447
16557
16667
16776
16886
16998
17110
17220
17332
17445
17559
19495
19580
19677
19776
19876
19978
20080
20182
20286
20390
20495
20600
20706
20812
20918
21024
21130
21237
21344
21451
21558
21664
21770
21877
21984
22091
22197
22304
22411
22518
22625
22731
22837
22944
23052
23163
23283
23421
23605
24188
24661
24785
29697
29776
29870
29966
30065
30165
30265
30366
30468
30571
30673
30777
30882
30987
31092
31198
31305
31412
31520
31628
31737
31847
31957
32068
32178
32289
32400
32511
32622
32733
32843
32954
33064
33174
33283
33392
33500
33609
33717
33826
33936
34047
34159
34272
34386
34501
34625
37476
37554
37654
37754
37854
37955
38057
38159
38261
38365
38468
38573
38679
38785
38892
39000
39109
39219
39329
39441
39554
39670
39786
39907
42369
42488
42632
42786
42955
43143
43366
43614
43846
44052
44195
