3345
3450
3554
3656
3758
3861
3966
4073
4181
4288
4394
4499
4601
4705
4810
4916
5018
7613
7740
7874
8016
8166
8326
8492
8661
8834
9010
9188
9364
9540
9717
9890
10056
10219
10378
10535
10691
10846
11005
12581
12697
12821
12943
13064
13186
13308
13431
13555
13681
13808
13935
14063
14192
14322
14452
14582
14712
14840
14969
15099
15233
15373
15516
15660
15807
15953
16097
16239
16377
16512
16645
16775
16906
17038
17169
17302
17437
17577
17722
17868
18017
18168
18322
18476
19254
19380
19496
19622
19742
19865
19984
20101
20216
20332
20448
20565
20682
20799
20916
21035
21157
21281
21408
21538
21673
21811
21955
22106
22264
22428
22598
22773
22950
23136
23350
26021
26161
26308
26461
26615
26769
26922
27074
27226
27377
27528
27678
27828
27981
28131
28281
28429
28574
28718
28861
29004
29146
29287
29427
29567
29707
29849
29996
30158
30345
30495
36721
36834
36958
37085
37213
37344
37475
37606
37738
37870
38002
38134
38265
38396
38527
38658
38789
38920
39051
39182
39313
39445
39577
39708
39839
39970
40102
40234
40366
40499
40631
40764
40896
41029
41162
41296
41434
41577
41724
41876
44962
45070
45199
45325
45455
45586
45718
45853
45987
46123
46258
46395
46533
46672
46812
46955
47103
47254
47411
47581
50036
50186
50416
50664
51096
51746
51938
