3245
3319
3393
3467
3541
3614
3686
3757
3827
3897
3966
4035
4103
4171
4239
4306
4372
4438
4503
4568
4633
4697
4761
4825
4888
4951
5014
5076
5138
5200
5262
5324
5385
5447
5508
5570
5631
5693
5754
5816
5878
5941
6007
8221
8306
8401
8496
8590
8684
8780
8877
8974
9073
9171
9269
9368
9467
9566
9665
9765
9864
9963
10062
10162
10262
10365
10469
10577
10684
10793
10900
11007
11114
11220
11324
11426
11528
11630
11730
11829
11928
12025
12120
12212
12300
12385
12469
12554
12639
12725
12811
12897
12983
13069
13156
13243
13330
13417
13505
13592
13679
13767
13853
13940
14025
14110
14195
14284
14379
14480
14587
15762
15838
15921
16002
16081
16157
16233
16309
16383
16458
16532
16607
16681
16756
16830
16905
16981
17061
17143
17228
17316
17405
17496
17589
17682
17778
17874
17971
18070
18170
18271
18372
18474
18575
18675
18775
18873
18969
19064
19156
19247
19334
19417
19498
19576
19653
19728
19802
19876
19949
20021
20094
20166
20238
20310
20381
20453
20525
20596
20669
20741
20814
20888
20963
21038
21116
21195
21275
21358
21444
21533
21624
21720
21818
21920
22024
22133
22247
22365
22488
22618
22754
22894
23038
23182
23327
23471
23616
23760
23907
24063
26758
26868
26984
27096
27208
27320
27433
27544
27654
27763
27872
27979
28087
28194
28300
28406
28511
28615
28718
28821
28924
29030
29134
29238
29341
29444
29547
29649
29750
29851
29952
30052
30151
30251
30350
30449
30549
30648
30747
30847
30947
31048
31149
31248
31350
31460
31587
31787
36705
36797
36896
36994
37092
37189
37287
37386
37484
37583
37682
37780
37877
37976
38073
38172
38270
38369
38467
38565
38663
38760
38858
38955
39053
39151
39248
39345
39443
39539
39635
39731
39826
39922
40017
40112
40207
40302
40396
40490
40585
40679
40773
40867
40962
41057
41151
41245
41340
41442
41554
41662
44526
44606
44697
44785
44870
44955
45039
45124
45209
45293
45377
45461
45545
45628
45712
45797
45880
45964
46049
46133
46218
46303
46388
46474
46561
46647
46735
46822
46911
46999
47087
47177
47266
47356
47447
47537
47629
47722
47817
47922
50403
50524
50655
50790
50928
51073
51222
51375
51530
51687
51846
52005
52168
52329
52492
52655
52818
52982
53144
53305
53465
53625
53786
53949
54113
