3217
3297
3377
3457
3535
3613
3691
3769
3846
3923
3999
4075
4150
4218
4300
4373
4454
6379
6447
6515
6583
6653
6723
6794
6866
6937
7011
7085
7159
7235
7311
7389
7468
7548
7629
7712
7796
7879
8942
9021
9105
9191
9277
9363
9449
9535
9621
9708
9796
9885
9975
10066
10159
10252
10346
10442
10537
10634
10731
10828
10927
11026
11125
11226
11327
11428
11531
11635
11740
11848
11956
12067
12181
12299
13352
13448
13549
13653
13759
13865
13972
14081
14192
14303
14416
14531
14647
14764
14884
16356
16447
16540
16634
16728
16822
16916
17010
17103
17197
17291
17386
17481
17577
17674
17774
17879
17987
18100
18220
18344
18476
18618
18772
18932
19101
19274
19437
19592
19737
19877
20020
21980
22083
22188
22295
22402
22512
22623
22734
22844
22956
23069
23183
23296
23409
23522
23635
23749
23863
23976
24088
24200
24312
24424
24536
24648
24760
24871
24983
25094
25205
25316
25426
25535
25645
25755
25867
25983
26105
26264
26459
32873
32948
33042
33137
33234
33333
33434
33535
33637
33740
33844
33949
34054
34159
34266
34373
34482
34590
34700
34810
34921
35033
35146
35258
35372
35486
35601
35715
35830
35945
36060
36174
36289
36404
36518
36631
36745
36859
36975
37091
37210
37332
37458
40473
40564
40664
40766
40870
40975
41081
41187
41295
41403
41512
41622
41733
41846
41958
42072
42187
42303
42420
42541
45438
45569
45718
45898
46020
46169
46409
46681
46814
