2582
2655
2730
2806
2882
2958
3033
3108
3183
3257
3330
3403
3476
3548
3620
3691
3763
3834
3904
3974
4050
4120
4190
6018
6089
6164
6239
6315
6392
6470
6549
6629
6709
6791
6874
6958
7043
7129
7217
7306
7397
7489
7581
7679
8441
8528
8621
8714
8809
8903
8999
9095
9192
9290
9387
9486
9585
9685
9785
9886
9988
10091
10194
10299
10406
10513
10621
10731
10843
10957
11073
11195
11748
11846
11948
12050
12154
12257
12362
12468
12575
12683
12793
12903
13014
13128
13241
13356
13471
13586
13702
13814
13925
14035
14144
14251
14359
14466
14575
14686
14799
14911
15023
15134
15245
15358
15470
15584
15701
15822
15948
16077
16213
16353
16493
16631
16767
16898
17022
17141
17263
17388
17519
19551
19632
19733
19836
19940
20046
20152
20259
20368
20478
20589
20700
20811
20922
21034
21146
21259
21373
21485
21597
21709
21821
21933
22045
22156
22267
22378
22488
22598
22709
22822
22941
23084
23274
23408
28915
29000
29096
29194
29294
29396
29501
29607
29716
29827
29940
30053
30167
30280
30394
30509
30622
30736
30850
30964
31079
31194
31310
31426
31543
31660
31777
31895
32012
32129
32246
32362
32479
32595
32711
32828
32945
33065
33185
33308
35996
36088
36189
36291
36396
36500
36607
36713
36820
36929
37039
37150
37262
37377
37493
37610
37728
37847
37970
38094
40605
40726
40874
41038
41216
41415
41642
41873
42083
42266
42431
