3526
3626
3727
3827
3927
4026
4125
4223
4321
4417
4515
4613
4714
4818
4928
6615
6703
6804
6908
7011
7116
7224
7333
7444
7557
7672
7790
7912
8040
8179
8324
8921
9059
9196
9334
9475
9619
9764
9909
10056
10202
10350
10499
10649
10800
10950
11102
11254
11406
11559
11711
11866
12023
12180
12336
12493
12647
12798
12948
13095
13244
13393
13542
13695
13857
14027
15399
15533
15674
15812
15946
16078
16208
16334
16459
16581
16700
16818
16933
17047
17159
17269
17380
17490
17600
17710
17821
17933
18048
18166
18289
18419
18561
18722
21159
21293
21446
21605
21763
21920
22077
22235
22392
22550
22707
22865
23023
23181
23340
23500
23657
23815
23973
24131
24290
24453
24614
24752
25063
25188
25414
31759
31886
32030
32176
32325
32478
32633
32792
32955
33121
33289
33459
33631
33806
33981
34156
34331
34507
34682
34859
35042
35234
37286
37388
37523
37680
37836
37988
38142
38293
38443
38592
38739
38885
39030
39176
39323
39471
39621
39772
39940
41929
42076
42257
42437
42613
42796
42980
43168
43354
43544
43736
43930
44141
