2790
2882
2969
3055
3140
3229
3320
3413
3506
3598
3691
3783
3874
3965
4055
4145
4235
4324
4411
4500
4588
4673
4755
4833
4909
4993
5076
6530
6600
6670
6740
6809
6878
6948
7019
7091
7162
7235
7307
7380
7453
7526
7600
7673
7747
7821
7895
7969
8043
8118
8199
8277
8355
8438
8518
8611
8694
9327
9418
9510
9603
9693
9786
9882
9984
10091
10200
10312
10427
10543
10660
10779
10898
11019
11139
11259
11379
11500
11621
11745
11873
12007
12147
12300
13390
13493
13608
13722
13836
13951
14065
14179
14293
14408
14524
14639
14757
14878
14999
15121
15244
15367
15491
15615
15739
15862
15985
16106
16224
16340
16452
16559
16663
16763
16859
16953
17045
17135
17221
17305
17387
17468
17548
17628
17708
17787
17865
17944
18022
18100
18177
18256
18334
18412
18491
18572
18654
18738
18825
18916
19010
19106
19206
19309
19415
19527
19642
19762
19884
20011
20142
20276
20411
20548
20686
20829
20979
23769
23891
24017
24144
24272
24402
24529
24659
24788
24919
25049
25179
25309
25439
25568
25696
25824
25955
26085
26213
26341
26469
26596
26723
26849
26976
27102
27228
27352
27477
27602
27726
27852
27978
28102
28227
28351
28473
28595
28723
28864
28974
29208
29367
33914
34014
34122
34232
34342
34453
34565
34677
34789
34902
35016
35130
35245
35360
35475
35590
35706
35821
35937
36053
36168
36285
36401
36518
36635
36752
36868
36985
37103
37220
37337
37454
37572
37689
37807
37924
38042
38159
38275
38392
38509
38625
38741
38856
38971
39087
39206
39333
39468
42514
42610
42708
42807
42905
43003
43101
43199
43297
43394
43491
43588
43684
43780
43877
43974
44071
44168
44265
44362
44458
44553
44648
44742
44836
44930
45023
45119
45212
45308
45406
45506
45608
45720
47862
47984
48105
48223
48347
48473
48604
48736
48872
49009
49149
49288
49429
49570
49713
49856
50000
50144
50289
50435
50584
50732
50883
51032
51184
