2908
2986
3064
3144
3226
3306
3383
3459
3534
3609
3683
3757
3830
3902
3974
4045
4115
4185
4254
4324
4394
4464
4534
4604
4673
4742
4811
4880
4950
5020
5091
5162
5235
5310
5386
5463
5544
7396
7493
7602
7714
7830
7949
8070
8193
8316
8440
8563
8687
8810
8932
9054
9176
9298
9421
9543
9665
9787
9907
10027
10144
10262
10378
10494
10608
10723
10834
10946
11058
11171
11283
11396
11509
11622
11734
11847
11959
12070
12182
12293
12404
12516
12627
12740
12854
12970
13090
13214
13344
13471
13603
13954
14063
14174
14286
14394
14502
14608
14714
14820
14924
15028
15131
15234
15338
15441
15545
15651
15760
15872
15985
16100
16217
16334
16451
16568
16686
16804
16921
17038
17152
17266
17377
17486
17591
17693
17789
17881
17970
18055
18137
18217
18296
18374
18452
18529
18607
18684
18761
18840
18918
18997
19078
19161
19245
19332
19422
19515
19610
19708
19810
19919
20033
20153
20275
20400
20529
20661
20795
20932
21070
21210
21349
21487
21629
21771
21915
22061
22208
22363
22536
25113
25218
25336
25454
25572
25690
25810
25926
26044
26162
26280
26397
26515
26633
26751
26867
26985
27102
27221
27343
27464
27586
27708
27830
27951
28072
28192
28312
28432
28550
28668
28786
28903
29021
29139
29256
29375
29494
29616
29746
29907
30383
34996
35097
35202
35310
35420
35532
35645
35758
35871
35985
36098
36212
36327
36442
36558
36673
36789
36906
37023
37139
37256
37374
37490
37607
37724
37840
37957
38073
38189
38304
38420
38535
38650
38765
38879
38993
39107
39221
39334
39447
39559
39672
39787
39906
40033
40169
42975
43060
43161
43261
43361
43462
43563
43663
43764
43864
43964
44065
44165
44265
44366
44466
44567
44669
44770
44873
44977
45081
45185
45291
45396
45502
45608
45715
45823
45933
46044
46159
46283
48759
48876
49009
49148
49290
49435
49585
49737
49890
50046
50204
50365
50525
50688
50849
51010
51170
51331
51492
51655
51821
51990
52156
