2630
2702
2780
2858
2934
3009
3084
3158
3232
3305
3377
3448
3519
3588
3657
3724
3790
3861
3927
3993
4054
5790
5854
5920
5987
6055
6123
6192
6262
6332
6404
6477
6550
6626
6702
6780
6859
6939
7020
7108
8499
8580
8655
8736
8817
8897
8977
9057
9138
9218
9299
9381
9464
9547
9632
9718
9805
9892
9981
10070
10160
10251
10342
10434
10526
10619
10714
10809
10905
11004
11106
11213
11330
12437
12525
12619
12716
12814
12914
13015
13117
13220
13325
13431
13539
13649
13759
13871
13982
14091
14509
14606
14704
14799
14894
14988
15080
15172
15263
15354
15445
15535
15626
15716
15804
15893
15982
16070
16159
16249
16341
16433
16526
16621
16717
16816
16918
17023
17131
17241
17355
17471
17590
17710
17832
17957
18085
18217
20400
20505
20610
20718
20826
20936
21045
21154
21264
21374
21484
21593
21702
21811
21919
22028
22136
22245
22353
22461
22569
22676
22782
22889
22996
23103
23210
23317
23425
23533
23640
23746
23854
23963
24073
24188
24312
24454
24559
24889
25261
31686
31768
31861
31956
32053
32152
32252
32353
32455
32558
32661
32764
32869
32975
33081
33189
33297
33405
33514
33623
33733
33843
33954
34065
34176
34288
34401
34513
34626
34739
34853
34966
35079
35192
35304
35416
35529
35642
35758
35875
35995
36118
38696
38776
38875
38973
39072
39172
39273
39373
39475
39578
39682
39787
39893
40001
40110
40220
40331
40443
40556
40671
40787
40910
43350
43480
43622
43770
43920
44076
44234
44393
44551
44706
44859
45014
45169
45328
