8900
8979
9060
9142
9224
9306
9388
9469
9549
9628
9708
9786
9864
9941
10018
10093
10169
10244
10319
10393
10468
10541
10615
10688
10760
10833
10906
10979
11055
12366
12430
12493
12555
12618
12682
12744
12807
12870
12932
12995
13057
13119
13181
13242
13305
13366
13428
13490
13552
13615
13678
13741
13804
13868
13932
13996
14062
14132
15570
15652
15725
15807
15894
15977
16062
16147
16232
16319
16405
16494
16582
16671
16761
16851
16943
17036
17129
17223
17318
17414
17510
17607
17705
17803
17902
18001
18100
18199
18299
18399
18500
18601
18705
18813
18923
19035
19149
19263
19376
19488
19599
19707
19814
19918
20022
20126
20230
20334
20439
20545
20653
20761
20871
20981
21093
21206
21320
21435
21551
21668
21788
21908
22030
22153
22278
23094
23200
23305
23411
23514
23617
23719
23820
23921
24022
24124
24225
24327
24429
24530
24632
24733
24834
24935
25036
25136
25237
25337
25436
25534
25631
25727
25822
25916
26008
26099
26189
26279
26367
26455
26542
26630
26717
26805
26894
26985
27071
29430
29519
29613
29708
29804
29902
30002
30102
30202
30303
30402
30502
30602
30702
30802
30903
31003
31104
31206
31307
31408
31511
31617
31722
31828
31933
32038
32144
32250
32356
32463
32571
32678
32786
32895
33003
33113
33223
33336
33447
33558
33667
33774
33879
33985
34097
34213
34334
34462
34595
34740
34893
40259
40342
40442
40542
40641
40741
40842
40943
41044
41146
41247
41348
41449
41550
41651
41753
41854
41956
42058
42161
42263
42366
42468
42571
42674
42776
42879
42981
43082
43184
43285
43386
43487
43587
43687
43788
43887
43987
44086
44186
44287
44388
44491
44597
44708
44822
44940
45060
45184
45779
45892
46008
46125
46246
46368
46493
46619
46747
46876
47009
47143
47262
47366
47474
47582
47690
47799
47908
48019
48130
48243
48355
48471
48588
48707
48825
48942
49060
49177
49295
49412
49531
49652
49774
49897
50020
50147
50274
50401
50536
52298
52419
52545
52673
52803
52940
53080
53226
53382
53535
53695
53859
54019
54173
54320
54464
54602
54740
