3379
3460
3544
3629
3712
3795
3878
3960
4042
4124
4205
4285
4365
4445
4525
4604
4684
4763
4841
4920
5000
5080
5160
5241
5326
6984
7055
7129
7204
7277
7350
7425
7500
7575
7650
7727
7803
7881
7959
8037
8116
8196
8277
8359
8443
8527
8607
8696
9916
10008
10087
10174
10263
10353
10442
10531
10621
10711
10802
10893
10985
11077
11169
11262
11356
11449
11544
11639
11735
11831
11927
12024
12120
12217
12314
12410
12508
12605
12704
12804
12906
13011
13117
13225
13333
13440
13546
13651
13754
13855
13954
14052
14151
14248
14345
14442
14539
14637
14735
14834
14933
15033
15135
15238
15344
15451
15559
15669
15779
15890
16002
16115
16228
16340
16453
16564
16675
16783
16889
16993
17094
17194
17291
17386
17480
17573
17665
17758
17850
17944
18038
18133
18230
18327
18427
18527
18629
18732
18838
18945
19056
19169
19284
19405
19528
19654
19784
19918
20053
20189
20325
20457
20588
20720
20855
23485
23599
23716
23836
23962
24087
24210
24333
24455
24576
24696
24817
24937
25058
25178
25298
25419
25540
25659
25778
25898
26017
26136
26255
26374
26493
26612
26731
26849
26967
27084
27200
27317
27434
27556
27684
27825
27972
28132
28319
33986
34077
34184
34292
34399
34507
34615
34724
34834
34944
35054
35166
35277
35388
35499
35610
35721
35832
35943
36054
36165
36277
36388
36499
36609
36720
36830
36941
37051
37160
37268
37377
37486
37594
37702
37811
37919
38028
38137
38249
38364
38483
38605
38731
38859
38990
39488
39604
39725
39847
39973
40100
40228
40359
40490
40626
40760
40904
41028
41183
41277
41387
41497
41608
41720
41833
41948
42064
42181
42300
42419
42539
42659
42779
42899
43020
43143
43266
43390
43515
43640
43764
43887
44010
44131
44253
44379
44520
46442
46567
46695
46826
46965
47111
47265
47427
47587
47753
47920
48090
48255
48413
48565
48718
48863
