3832
3961
4094
4225
4355
4483
4612
4741
4871
5001
5131
5264
5400
8029
8141
8255
8372
8490
8610
8731
8853
8976
9101
9228
9359
9494
9634
9789
11459
11571
11706
11841
11979
12119
12259
12401
12543
12688
12834
12982
13130
13281
13433
13586
13742
13899
14057
14217
14376
14537
14704
14877
15054
15238
15430
15626
15816
16000
16173
16344
16515
16683
16850
17017
17184
17354
17525
17698
17877
18061
18250
18441
18633
18823
19012
19200
19384
19566
19746
19922
20099
20272
20446
20620
20795
20970
21147
21322
21497
21669
21842
22014
22185
22355
22522
22687
22849
23009
23166
23322
23477
23633
23794
23962
26541
26656
26816
26978
27145
27314
27486
27656
27828
28001
28177
28352
28527
28701
28873
29044
29215
29392
29567
29741
29915
30092
30269
30450
30632
30817
31003
31187
31382
31510
36639
37866
38007
38175
38343
38513
38683
38853
39024
39193
39363
39534
39705
39878
40051
40224
40398
40570
40744
40919
41093
41269
41445
41621
41797
41973
42148
42323
42499
42674
42850
43024
43199
43373
43548
43730
43916
44107
44301
44500
44709
44919
45125
45327
45524
45715
45904
46096
46285
46475
46666
46858
47055
47258
47452
47631
47808
47982
48155
48328
48501
48673
48845
49017
49190
49363
49537
49713
49894
50079
50270
50478
52808
52966
53226
53497
53761
54032
54307
54586
54877
55221
55462
55729
