3454
3527
3608
3689
3769
3848
3927
4005
4084
4161
4238
4315
4392
4468
4544
4620
4696
4770
4845
4920
4994
5069
5143
5217
5292
5376
5455
7229
7300
7376
7451
7527
7603
7680
7757
7835
7914
7994
8074
8156
8238
8322
8408
8494
8582
8671
8762
8853
8950
9045
10455
10549
10636
10729
10822
10914
11007
11100
11194
11287
11381
11474
11568
11662
11756
11852
11949
12047
12146
12245
12345
12445
12546
12646
12747
12848
12949
13050
13150
13250
13350
13449
13548
13648
13751
13857
13967
14082
14200
14321
14445
15024
15122
15221
15321
15419
15515
15611
15705
15800
15894
15990
16086
16183
16280
16377
16475
16576
16678
16782
16888
16996
17105
17215
17327
17440
17555
17670
17786
17904
18022
18141
18261
18382
18503
18625
19301
19396
19492
19587
19680
19770
19857
19940
20021
20099
20176
20253
20329
20406
20483
20560
20637
20716
20795
20875
20955
21037
21120
21205
21291
21379
21470
21563
21659
21758
21860
21966
22076
22190
22307
22429
22555
22685
22820
22956
23094
23233
23370
23507
23650
23804
26442
26547
26658
26770
26882
26995
27110
27224
27336
27449
27560
27671
27782
27892
28003
28113
28224
28335
28445
28557
28669
28782
28894
29005
29117
29228
29340
29452
29562
29674
29787
29899
30012
30124
30237
30350
30465
30580
30696
30816
30943
31078
31227
31388
31580
37277
37377
37479
37582
37685
37788
37891
37994
38097
38201
38305
38409
38514
38618
38724
38828
38933
39038
39143
39248
39353
39459
39565
39672
39778
39885
39991
40097
40203
40309
40415
40522
40627
40733
40839
40944
41050
41155
41261
41366
41473
41580
41689
41801
41916
42037
42160
42289
42420
43039
43154
43278
44576
44680
44783
44886
44990
45095
45200
45306
45414
45522
45631
45740
45850
45961
46072
46184
46297
46410
46524
46640
46756
46874
46993
47111
47229
47349
47468
47594
49719
49841
49968
50098
50234
50376
50531
50694
50855
51031
51197
51363
51511
51655
51793
