3698
3767
3837
3906
3975
4043
4111
4179
4246
4313
4380
4447
4513
4579
4645
4711
4777
4843
4909
4975
5042
5110
5177
5245
5313
5382
5458
8420
8519
8619
8722
8827
8933
9040
9148
9257
9366
9476
9584
9694
9802
9911
10020
10129
10237
10345
10453
10560
10668
10775
10882
10987
11091
11195
11298
13155
13243
13331
13419
13506
13593
13680
13767
13855
13944
14032
14122
14211
14301
14389
14479
14567
14656
14743
14831
14919
15006
15093
15180
15266
15353
15438
15524
15610
15696
15781
15866
15951
16036
16120
16205
16289
16372
16456
16539
16621
16704
16787
16872
16960
17051
18539
18608
18684
18760
18836
18912
18989
19066
19142
19220
19298
19377
19460
19544
19630
19718
19809
19900
19994
20087
20898
20987
21082
21178
21276
21373
21469
21567
21665
21764
21864
21966
22068
22171
22274
22378
22482
22587
22694
22800
22907
23014
23122
23230
23337
23447
23555
23665
23773
23881
23988
24095
24202
24308
24413
24517
24621
24723
24826
24927
25029
25129
27828
27907
27995
28085
28175
28265
28356
28448
28540
28632
28725
28818
28912
29007
29102
29198
29294
29390
29486
29583
29679
29775
29871
29967
30063
30159
30253
30347
30440
30532
30624
30716
30807
30898
30989
31080
31171
31261
31351
31440
31529
31617
31705
31793
31880
31968
32054
32141
32228
32315
32401
32487
32574
32661
32750
32842
32935
33023
33187
33462
33759
33815
41710
41800
41894
41989
42085
42181
42279
42376
42473
42572
42670
42768
42865
42964
43062
43160
43259
43358
43458
43557
43657
43758
43858
43958
44058
44158
44258
44358
44458
44559
44659
44760
44859
44959
45059
45159
45258
45358
45458
45557
45657
45756
45855
45954
46054
46153
46253
46354
46457
46559
46662
46767
46874
49697
49781
49877
49976
50075
50174
50274
50374
50475
50577
50679
50781
50883
50985
51087
51190
51292
51394
51497
51599
51700
51802
51904
52005
52106
52208
52309
52411
52512
52614
52718
55711
55817
55928
56038
56150
56265
56380
56496
56613
56729
56846
56964
57083
57201
57320
57436
57552
57671
57781
