2900
2972
3043
3113
3184
3253
3323
3393
3463
3532
3601
3671
3741
3810
3882
3953
4026
4100
4178
4265
5666
5735
5807
5878
5949
6020
6090
6160
6231
6302
6374
6447
6520
6594
6670
6746
6823
6902
6982
7062
7144
7227
7312
7396
7480
7564
7649
7732
7815
7898
7980
8062
8143
8224
8305
8386
8467
8547
8628
8708
8790
8871
8952
9033
9114
9194
9274
9354
9435
9517
9601
9688
9779
9875
9975
10079
10187
10296
10712
10808
10902
10993
11081
11168
11254
11342
11432
11526
11624
11726
11832
11940
12051
12164
12279
12394
12508
12619
12730
12840
12948
13052
13154
13255
13354
13450
13546
13640
13734
13827
13921
14014
14108
14201
14294
14388
14483
14578
14675
14772
14870
14969
15069
15168
15267
15363
15456
15549
15643
15744
15851
18295
18402
18515
18634
18760
18885
19011
19141
19269
19396
19523
19650
19780
19910
20044
20178
20313
20446
20581
20715
20849
20983
21116
21249
21382
21513
21646
21780
21920
22073
28549
28655
28763
28873
28982
29092
29201
29311
29422
29533
29644
29755
29867
29978
30090
30202
30314
30426
30538
30650
30762
30874
30986
31099
31211
31323
31435
31546
31657
31768
31879
31990
32101
32213
32325
32439
32556
32675
32794
32915
33040
33168
33299
33433
33568
33705
33844
33982
34122
34264
34410
34562
34727
35989
36086
36205
36321
36438
36556
36675
36794
36912
37032
37151
37270
37389
37507
37627
37747
37868
37991
38114
38236
38359
38482
38606
38739
41147
41281
41426
41576
41728
41882
42037
42196
42357
42521
42684
42852
43019
