3218
3288
3364
3440
3515
3589
3663
3735
3808
3880
3952
4023
4094
4164
4234
4304
4373
4441
4518
6333
6399
6467
6536
6606
6677
6749
6822
6896
6972
7048
7126
7205
7285
7367
7450
7539
8688
8766
8850
8934
9017
9101
9185
9268
9352
9437
9522
9608
9696
9785
9876
9969
10063
10158
10255
10353
10452
10551
10652
10754
10858
10964
11075
12024
12118
12216
12315
12415
12516
12618
12722
12827
12933
13040
13148
13257
13368
13479
13592
13705
13820
13934
14048
14160
14271
14380
14488
14594
14699
14802
14904
15007
15110
15214
15319
15423
15528
15633
15736
15838
15941
16042
16143
16245
16349
16454
16562
16672
16783
16898
17016
17137
17260
17384
17508
17634
17760
17889
18020
18159
20361
20453
20556
20661
20768
20877
20985
21095
21207
21318
21429
21541
21652
21764
21876
21989
22102
22216
22329
22442
22554
22666
22779
22891
23003
23116
23228
23341
23454
23569
23684
23806
23943
24116
24311
24506
24894
25133
31275
31354
31448
31544
31642
31741
31842
31944
32047
32151
32256
32361
32467
32574
32680
32787
32894
33002
33110
33219
33328
33438
33548
33659
33770
33881
33992
34104
34215
34327
34438
34550
34661
34772
34884
34995
35107
35221
35335
35452
35570
35689
35813
38421
38495
38599
38700
38803
38907
39012
39117
39223
39329
39436
39544
39652
39761
39871
39982
40095
40207
40322
40438
40555
40673
40794
43419
43551
43689
43839
43994
44156
44298
44524
44736
45130
