2903
2982
3060
3139
3217
3293
3368
3442
3515
3587
3659
3731
3801
3871
3940
4008
4075
4142
4208
4273
4339
4404
4468
4533
4597
4661
4725
4789
4852
4915
4977
5040
5102
5165
5228
5290
5353
5417
5483
5549
5621
5701
7797
7900
8018
8138
8263
8391
8521
8653
8786
8919
9052
9186
9320
9456
9592
9728
9864
10000
10136
10272
10407
10544
10682
10820
10958
11094
11230
11365
11498
11628
11757
11884
12011
12137
12263
12389
12515
12640
12765
12889
13014
13138
13263
13387
13512
13635
13758
13881
14005
14129
14252
14376
14502
14633
14771
14921
16097
16209
16322
16435
16547
16660
16773
16885
16998
17111
17225
17341
17460
17582
17706
17831
17957
18085
18213
18340
18466
18592
18717
18840
18962
19082
19198
19310
19418
19522
19623
19721
19817
19910
20002
20091
20178
20263
20346
20429
20511
20593
20674
20755
20836
20917
20998
21080
21162
21245
21329
21415
21503
21593
21686
21781
21881
21985
22094
22209
22331
22458
22587
22720
22855
22991
23127
23264
23403
23544
23690
23844
26588
26705
26828
26952
27076
27200
27323
27444
27566
27687
27807
27926
28045
28164
28282
28400
28516
28632
28748
28867
28984
29101
29217
29333
29448
29563
29677
29791
29903
30014
30126
30238
30350
30462
30574
30686
30798
30911
31024
31139
31258
31388
31559
31999
36416
36512
36616
36721
36827
36935
37044
37154
37265
37376
37487
37599
37711
37822
37934
38046
38158
38270
38381
38492
38603
38715
38826
38937
39048
39160
39271
39383
39495
39606
39718
39831
39944
40056
40169
40282
40395
40507
40619
40730
40841
40953
41065
41182
41308
41442
44187
44266
44362
44458
44552
44646
44739
44830
44922
45014
45105
45195
45285
45374
45462
45550
45637
45725
45812
45899
45987
46075
46163
46253
46342
46432
46523
46615
46707
46799
46892
46985
47079
47175
47272
47372
47473
49908
50030
50160
50296
50437
50583
50734
50888
51046
51204
51364
51525
51684
51845
52008
52171
52335
52500
52662
52826
52990
53155
53321
53486
53653
53824
53999
