3591
3696
3809
3918
4028
4138
4247
4356
4464
4572
4678
4783
4888
4995
5106
5218
7364
7454
7555
7658
7761
7864
7968
8074
8181
8290
8400
8511
8626
8744
8870
9001
10511
10611
10725
10840
10955
11072
11192
11314
11436
11559
11682
11805
11929
12054
12180
12307
12434
12563
12694
12826
12960
13096
13233
13371
13510
13651
13794
13942
14096
14261
15814
15956
16101
16247
16398
16552
16713
16879
17051
17231
17417
17611
17814
18025
18605
18783
18959
19138
19319
19500
19685
19872
20059
20245
20431
20615
20797
20977
21156
21332
21503
21670
21832
21989
22140
22287
22431
22576
22723
22873
23028
25462
25582
25738
25893
26051
26208
26368
26530
26696
26863
27033
27203
27374
27545
27715
27884
28053
28226
28397
28568
28738
28910
29083
29256
29430
29604
29775
29944
30125
30283
30645
31114
31324
31744
37206
37344
37496
37648
37799
37951
38102
38253
38404
38554
38704
38854
39004
39154
39304
39453
39603
39753
39903
40053
40204
40354
40505
40655
40805
40955
41106
41257
41407
41557
41707
41857
42007
42157
42310
42466
42630
42802
42999
46084
46230
46385
46540
46693
46846
46998
47150
47302
47452
47603
47755
47909
48068
48231
48400
48574
48755
48950
51148
51355
51630
51898
52167
52422
52694
52971
53258
53555
53952
54226
