3519
3647
3783
3916
4052
4186
4319
4451
4581
4710
4838
4967
5095
5225
5356
5492
5524
5650
5786
8297
8356
8477
8611
8747
8883
9021
9159
9298
9436
9575
9714
9853
9992
10132
10271
10411
10552
10692
10833
10977
11122
11270
12797
12948
13095
13241
13390
13543
13697
13852
14007
14163
14317
14470
14623
14776
14930
15084
15240
15395
15552
15710
15868
16026
16186
16345
16504
16665
16826
16990
17161
17336
17510
17683
17855
18023
18189
18352
18514
18677
18842
19010
19179
19351
19524
19702
19886
20076
20266
20461
21387
21539
21693
21849
22006
22163
22318
22472
22624
22774
22920
23066
23211
23356
23501
23648
23796
23944
24092
24241
24391
24540
24691
24841
24991
25143
25294
25446
25598
25749
25901
32858
33035
33217
33404
33589
33776
33961
34148
34332
34519
34706
34898
35086
35273
35456
35637
35818
35995
36171
36343
36513
36679
36842
37004
37166
37328
37490
37650
37810
37969
38128
38286
38445
38604
38765
38927
39090
39257
47743
47913
48089
48269
48450
48634
48817
49001
49184
49366
49548
49728
49907
50085
50260
50434
50607
50779
50952
51121
51294
51466
51642
51813
51997
52162
52350
52518
52708
52884
53077
53272
53468
53664
53858
54051
54250
54449
54653
54860
55068
55268
55467
55672
57606
57759
57935
58116
58296
58474
58650
58823
58993
59163
59332
59502
59673
59844
60014
60185
60355
60526
60702
60888
63736
63854
64067
64209
64448
64588
64797
65012
65238
65455
65686
65880
66129
66320
66565
66780
