3290
3375
3460
3545
3630
3715
3799
3885
3969
4054
4139
4223
4306
4390
4474
4557
4640
4724
4806
4890
4974
5060
5146
5233
5319
6948
7017
7090
7161
7233
7305
7376
7448
7520
7593
7664
7737
7810
7884
7957
8031
8106
8181
8256
8333
8411
8489
8570
8651
8733
8818
10498
10586
10673
10761
10849
10936
11024
11113
11201
11292
11381
11472
11564
11655
11746
11839
11931
12025
12118
12211
12305
12400
12494
12588
12682
12777
12874
12972
13073
13177
13284
13393
13503
13615
13725
13831
13938
14040
14141
14238
14334
14429
14524
14619
14714
14809
14904
15000
15097
15194
15291
15390
15490
15591
15693
15797
15903
16010
16120
16231
16343
16457
16571
16686
16801
16917
17032
17148
17263
17377
17491
17604
17716
17827
17936
18044
18150
18253
18355
18454
18551
18645
18739
18833
18927
19023
19119
19216
19314
19413
19514
19615
19718
19821
19927
20034
20143
20255
20370
20487
20609
20733
20860
20989
21119
21251
21385
21519
21654
21794
21935
22078
22224
24687
24801
24912
25027
25146
25266
25384
25503
25618
25734
25850
25966
26083
26200
26318
26435
26553
26672
26795
26916
27036
27156
27277
27398
27518
27639
27759
27879
27999
28118
28238
28357
28474
28593
28714
28842
28974
29121
29277
29450
29659
35175
35281
35387
35495
35602
35711
35821
35931
36042
36153
36266
36379
36492
36605
36718
36831
36944
37057
37170
37283
37395
37507
37619
37731
37844
37956
38068
38181
38293
38406
38517
38630
38741
38853
38965
39077
39189
39302
39416
39534
39655
39782
39913
42303
42408
42515
42619
42724
42829
42935
43043
43152
43260
43370
43481
43593
43705
43819
43933
44048
44165
44282
44400
44519
44640
44760
44882
45004
45128
45252
45378
45511
47654
47763
47887
48011
48139
48275
48416
48558
48706
48859
49015
49167
49321
49467
49615
49757
49902
50044
