3926
3991
4058
4125
4192
4258
4323
4387
4451
4515
4578
4641
4705
4768
4831
4894
4957
5020
5084
5148
5212
5276
5340
5405
5470
5536
5601
8658
8748
8843
8941
9041
9143
9247
9353
9458
9568
9674
9792
9892
10095
10314
10525
10738
10949
11159
11276
11369
11478
11582
13741
13823
13911
13998
14085
14172
14259
14344
14429
14513
14596
14679
14763
14847
14930
15014
15099
15183
15267
15351
15436
15520
15604
15688
15772
15855
15939
16022
16106
16189
16272
16355
16438
16521
16607
16694
16785
16881
18199
18273
18350
18426
18502
18577
18652
18727
18802
18877
18954
19030
19107
19187
19270
19356
19444
19534
19627
19720
19816
20993
21079
21167
21257
21347
21438
21530
21624
21718
21814
21911
22009
22108
22209
22310
22412
22515
22619
22724
22831
22937
23045
23153
23261
23369
23479
23587
23696
23805
23914
24024
24133
24242
24351
24458
24566
24674
24780
24887
24993
25098
25203
25307
25411
25517
28428
28507
28601
28689
28778
28867
28956
29045
29134
29223
29313
29402
29493
29584
29676
29770
29863
29957
30051
30146
30241
30336
30431
30526
30621
30716
30810
30904
30998
31092
31185
31277
31370
31462
31552
31640
31729
31817
31905
31992
32079
32166
32252
32337
32423
32508
32593
32677
32761
32845
32928
33011
33093
33176
33258
33340
33421
33503
33583
33663
33743
33822
33902
33981
34063
34147
34233
34324
34420
34511
34633
34694
34866
34988
35081
35315
43832
43917
44005
44095
44186
44277
44369
44462
44556
44650
44744
44839
44934
45030
45126
45223
45321
45419
45517
45615
45713
45812
45911
46010
46109
46209
46307
46407
46505
46605
46704
46803
46903
47003
47102
47202
47301
47400
47500
47599
47698
47797
47896
47996
48095
48194
48294
48393
48492
48590
48689
48787
48885
48983
49081
49179
49276
49374
49472
49571
49674
49778
49887
49989
51138
51226
51322
51422
51524
51626
53331
53418
53509
53601
53695
53788
53882
53977
54071
54166
54261
54356
54451
54546
54642
54737
54832
54927
55022
55118
55213
55309
55405
55501
55597
55694
55790
55886
55982
56078
56175
56272
56368
56465
56564
56663
56764
56872
60072
60171
60278
60385
60493
60602
60712
60823
60935
61048
61163
61279
61395
61511
61627
61743
61859
61974
62081
62202
62309
