3265
3375
3492
3611
3729
3848
3967
4085
4204
4323
4444
4567
4696
6724
6808
6905
7006
7105
7202
7300
7399
7497
7596
7694
7791
7889
7986
8083
8180
8277
8374
8470
8567
8664
8762
8861
8961
9065
9172
9281
10974
11089
11218
11361
11504
11650
11798
11947
12100
12254
12411
12570
12732
12896
13060
13226
13389
13551
13712
13873
14035
14198
14364
14532
14703
14870
15690
15832
15974
16119
16265
16410
16557
16704
16858
17016
17178
18427
18518
18631
18748
18865
18983
19101
19218
19337
19456
19577
19699
19824
19950
20078
20210
20347
20488
20635
20789
20946
21109
21276
21448
21627
25064
25202
25351
25514
25674
25831
25974
26120
26268
26419
26572
26728
26883
27040
27197
27356
27518
27679
27842
28004
28166
28326
28488
28650
28822
28956
29124
29295
36031
36163
36309
36464
36624
36790
36960
37133
37308
37483
37660
37836
38013
38192
38372
38554
38737
38920
39106
39296
41981
42095
42228
42370
42517
42670
42828
42986
43144
43303
43461
43619
43776
43935
44093
44253
44415
44579
44754
46775
46889
47039
47206
47379
47556
47733
47917
48099
48287
48480
48674
