3856
3928
4000
4073
4144
4215
4285
4353
4422
4489
4556
4623
4690
4756
4821
4887
4953
5018
5083
5148
5213
5279
5344
5409
5475
5541
5608
5675
5742
5811
5888
8775
8857
8950
9046
9143
9242
9341
9441
9540
9641
9741
9842
9943
10045
10148
10251
10356
10461
10567
10673
10780
10888
10996
11105
11215
11323
11433
11541
11651
11759
11867
11975
12081
12185
12290
12394
12498
12600
12702
12803
12904
15165
15251
15338
15425
15511
15597
15683
15769
15854
15938
16022
16106
16190
16274
16358
16443
16528
16613
16698
16783
16869
16954
17040
17126
17213
17300
17386
17473
17560
17647
17734
17821
17908
17995
18082
18170
18258
18346
18434
18523
18613
18704
18798
18894
18991
19089
19186
19283
19380
19476
19571
19666
19760
19853
19946
20038
20130
20220
20310
20399
20487
20577
20667
20759
20849
20941
21032
21124
21216
21308
21402
21496
21591
21689
21787
21886
21986
22086
22185
22282
22379
22474
22568
22660
22751
22840
22928
23013
23098
23181
23263
23343
23423
23501
23578
23653
23727
23801
23875
23948
24021
24093
24166
24238
24310
24382
24454
24527
24600
24673
24746
24819
24893
24968
25043
25119
25195
25273
25351
25430
25511
25592
25675
25759
25845
25932
26020
26110
26200
26291
26385
26480
26577
26676
26776
26877
26978
27081
27185
27291
27398
27505
27614
27722
27829
27937
28044
28152
28259
28368
28476
28588
31789
31874
31965
32058
32152
32246
32342
32439
32538
32637
32735
32834
32932
33031
33131
33231
33332
33431
33531
33631
33730
33830
33929
34028
34126
34225
34323
34420
34517
34613
34709
34806
34901
34995
35087
35179
35270
35361
35452
35542
35633
35723
35812
35900
35989
36076
36163
36249
36335
36420
36504
36589
36672
36755
36837
36919
37001
37082
37162
37241
37321
37399
37477
37555
37633
37711
37789
37868
37947
38027
38109
38192
38279
38372
38462
38638
38855
39055
47648
47733
47821
47911
48001
48092
48184
48276
48369
48462
48556
48650
48745
48841
48937
49034
49131
49229
49327
49425
49523
49622
49721
49820
49920
50019
50119
50219
50319
50420
50521
50622
50723
50825
50927
51029
51131
51232
51334
51435
51537
51638
51739
51841
51943
52045
52146
52248
52349
52450
52551
52652
52752
52852
52951
53051
53149
53248
53346
53444
53542
53640
53739
53840
53943
54050
58695
58776
58864
58953
59042
59133
59224
59315
59407
59500
59593
59686
59780
59874
59967
60061
60154
60248
60342
60435
60529
60623
60716
60809
60903
60996
61090
61182
61274
61367
61460
61552
61645
61739
61833
61928
62024
62125
65111
65212
65316
65425
65532
65644
65756
65869
65984
66099
66215
66332
66452
66571
66691
66811
66934
67055
67179
67302
67423
67546
67667
67786
