3049
3139
3238
3342
3446
3550
3655
3758
3860
3960
4059
4157
4255
4361
5654
5738
5827
5919
6010
6100
6191
6281
6371
6462
6553
6646
6738
6832
6928
7026
7125
7226
7330
7434
7534
7631
7730
7824
7882
8001
8090
8177
8265
8355
8444
8535
8627
8719
8813
8907
9001
9095
9190
9285
9380
9476
9571
9666
9762
9854
9944
10035
10129
10228
10329
10436
10544
10652
10759
10864
10967
11067
11165
11259
11351
11441
11530
11616
11702
11791
11885
11984
12088
12193
12300
12410
12524
12640
12760
13421
13506
13597
13688
13778
13866
13952
14038
14124
14209
14294
14378
14463
14547
14632
14718
14804
14890
14978
15066
15155
15245
15336
15428
15520
15611
15699
15785
15873
15963
16055
16154
16260
16381
18636
18734
18852
18978
19109
19241
19374
19506
19637
19769
19904
20041
20180
20322
20463
20605
20747
20888
21030
21172
21314
21457
21599
21737
21875
28258
28360
28480
28598
28718
28838
28959
29080
29202
29323
29445
29567
29689
29811
29933
30055
30178
30301
30423
30546
30667
30790
30912
31035
31156
31278
31398
31517
31636
31755
31873
31991
32108
32225
32343
32465
32588
32714
32845
32986
33137
35700
35798
35899
35999
36099
36197
36294
36391
36488
36585
36682
36778
36875
36972
37069
37166
37264
37362
37460
37557
37655
37753
37851
37950
38052
38155
38261
38376
41047
41174
41338
41500
41677
41860
42045
42220
42401
