3148
3270
3401
3529
3654
3777
3902
4028
4156
4284
4413
4543
4674
4806
4944
6953
7096
7247
7402
7558
7717
7877
8039
8200
8363
8530
8699
8872
9051
9931
10078
10228
10376
10523
10670
10817
10963
11108
11253
11398
11544
11691
11840
11990
12141
12293
12447
12606
12775
12949
13121
13288
13449
13605
13758
13910
14063
14219
14379
14544
14717
14899
15092
15294
15502
15702
15895
16080
16252
16412
16568
16720
16870
17020
17172
17325
17481
17640
17803
17970
18143
18322
18509
18699
18895
19090
19287
19488
19693
22316
22461
22642
22837
23031
23231
23429
23627
23828
24023
24217
24409
24601
24792
24975
25158
25339
25518
25698
25883
26065
26256
26448
26649
32876
33031
33202
33375
33550
33730
33912
34096
34281
34468
34658
34846
35034
35223
35413
35601
35789
35976
36161
36344
36529
36712
36900
37105
37328
40326
40487
40655
40825
41000
41178
41357
41540
41722
41912
42101
42300
44603
44788
44997
45218
45450
45691
45933
46177
46425
46684
46986
