11365
11486
11611
11734
11857
11978
12097
12216
12332
12448
12563
12679
12791
12903
13017
13132
13251
13380
15543
15640
15738
15838
15940
16043
16146
16251
16357
16464
16573
16683
16795
16910
17029
17154
17285
17421
17565
17711
17853
17988
18117
18245
18374
18502
18629
18755
18883
19014
19147
19282
19418
19555
19695
19837
19980
20126
20274
20424
20575
20729
20884
21040
21197
21359
21532
21723
23051
23201
23359
23520
23682
23848
24017
24190
24368
24551
24741
24936
25133
25328
25520
25705
25884
26059
26231
26403
26575
26748
26919
27090
27263
27436
27610
27785
27963
28145
28329
28514
28696
28873
29045
29212
29371
29526
29676
29822
29969
30115
30267
30435
32948
33055
33204
33353
33506
33660
33815
33972
34130
34288
34443
34601
34760
34922
35085
35247
35410
35572
35735
35900
36075
36242
36407
36574
36739
36906
37073
37245
37421
37599
37776
37951
38137
38280
38640
38769
39131
39247
44262
44876
44999
45146
45290
45436
45581
45728
45875
46021
46167
46314
46460
46605
46751
46897
47043
47190
47337
47485
47633
47782
47930
48078
48226
48373
48520
48667
48813
48960
49106
49252
49398
49546
49696
49852
50014
50187
53266
53395
53549
53699
53849
53999
54149
54301
54454
54608
54763
54919
55074
55230
55386
55546
55709
55878
56054
56241
56454
58713
58915
59143
59369
59611
59866
60318
60789
61271
61793
