3300
3398
3496
3594
3693
3793
3895
3995
4093
4190
4288
4388
4487
4589
4691
7289
7385
7492
7603
7720
7842
7966
8092
8219
8350
8483
8617
8753
8890
9030
9173
9317
9464
9611
9760
9907
10054
10204
10357
11259
11389
11513
11635
11755
11876
11997
12120
12244
12369
12494
12618
12743
12871
12999
13128
13257
13386
13515
13646
13781
13924
14071
14219
14369
14518
14664
14804
14942
15078
15212
15346
15479
15613
15747
15883
16020
16163
16310
16459
16609
16760
16912
17062
17211
17351
17481
17607
17731
17854
17976
18096
18215
18330
18443
18556
18667
18778
18888
18997
19107
19216
19325
19434
19545
19656
19769
19884
20002
20123
20249
20378
20512
20651
20794
20944
21098
21259
21425
21605
24397
24536
24679
24828
24978
25127
25277
25425
25573
25721
25868
26014
26159
26305
26451
26598
26741
26883
27024
27164
27303
27440
27577
27714
27850
27985
28120
28266
28421
28531
34547
34651
34775
34901
35029
35159
35290
35422
35555
35689
35823
35958
36092
36226
36361
36496
36631
36767
36902
37039
37177
37317
37458
37599
37741
37883
38024
38166
38308
38451
38595
38742
38893
39049
39207
39365
39527
39691
39859
41701
41815
41942
42067
42195
42325
42454
42584
42714
42844
42974
43104
43235
43367
43500
43636
43774
43914
44057
44203
44353
44514
46906
47049
47241
47452
47664
47872
48082
48285
48491
48702
48936
