2861
2939
3016
3091
3165
3238
3310
3382
3452
3523
3593
3663
3732
3803
3870
3937
4005
4074
4269
6261
6332
6404
6477
6551
6626
6702
6778
6855
6933
7012
7091
7172
7253
7335
7418
7503
7589
7674
9153
9237
9320
9402
9484
9567
9649
9733
9816
9901
9987
10074
10163
10253
10343
10434
10525
10618
10710
10803
10897
10991
11086
11181
11278
11376
11476
11580
11688
11799
12631
12717
12809
12903
12998
13096
13194
13293
13392
13492
13594
13697
13801
13907
14015
14123
14235
15163
15255
15349
15444
15539
15636
15733
15830
15929
16028
16128
16228
16328
16429
16531
16634
16740
16848
16958
17069
17183
17300
17419
17541
17665
17789
17913
18038
18163
18290
18417
18549
20502
20599
20700
20810
20915
21023
21131
21240
21349
21458
21568
21678
21789
21901
22012
22124
22236
22349
22460
22572
22684
22796
22909
23020
23133
23245
23358
23471
23582
23694
23805
23918
24036
24179
24398
24963
25210
25405
30477
30568
30664
30763
30863
30966
31069
31175
31282
31392
31501
31609
31718
31827
31938
32049
32160
32273
32386
32500
32613
32728
32844
32959
33075
33190
33306
33422
33538
33654
33770
33886
34002
34117
34233
34348
34463
34580
34697
34816
34937
35057
35183
38346
38440
38539
38639
38741
38843
38946
39050
39154
39259
39365
39472
39579
39686
39794
39901
40012
40122
40235
40352
43113
43234
43399
43583
43780
43990
44197
44390
44579
44753
44919
