3305
3404
3504
3603
3702
3803
3904
4005
4105
4204
4303
4402
4502
4603
4708
4816
7205
7309
7420
7534
7656
7782
7910
8041
8174
8310
8449
8590
8734
8881
9029
9180
9330
9482
9631
9783
9939
10544
10680
10810
10937
11061
11185
11308
11432
11558
11684
11813
11941
12070
12200
12329
12458
12587
12714
12844
12976
13115
13260
13406
13555
13704
13853
13999
14141
14281
14417
14550
14681
14813
14945
15080
15218
15362
15509
15655
15803
15951
16101
16252
16403
16549
16691
16825
16955
17083
17207
17329
17450
17569
17686
17801
17915
18029
18143
18257
18372
18488
18607
18728
18853
18981
19112
19247
19385
19527
19674
19826
19984
20148
20315
20485
20665
20873
23378
23480
23621
23769
23920
24074
24224
24375
24527
24678
24829
24978
25126
25272
25417
25564
25711
25858
26002
26144
26285
26424
26564
26703
26841
26978
27114
27252
27400
27587
34753
34852
34975
35098
35224
35352
35482
35612
35744
35876
36008
36140
36272
36403
36534
36665
36796
36927
37057
37187
37316
37446
37576
37706
37836
37967
38098
38230
38362
38495
38627
38760
38893
39027
39160
39295
39432
39575
39720
39867
40016
40167
40321
40476
40637
42399
42524
42653
42785
42918
43054
43190
43327
43464
43602
43741
43880
44020
44161
44303
44446
44592
44740
44892
45047
45209
47432
47591
47768
47959
48162
48359
48564
48765
48962
49172
49369
49565
