2996
3067
3139
3209
3279
3348
3416
3483
3551
3618
3685
3751
3818
3884
3952
4018
4087
4155
4225
4297
4378
5754
5817
5881
5944
6007
6070
6133
6196
6260
6324
6389
6454
6520
6586
6653
6722
6791
6862
6934
7009
7086
7165
7246
7328
7412
7495
7579
7661
7742
7824
7906
7986
8065
8143
8221
8296
8372
8447
8523
8599
8675
8751
8828
8905
8983
9061
9139
9217
9295
9373
9451
9530
9609
9689
9771
9855
9942
10033
10126
10223
10322
10421
10522
10621
10719
10816
10910
11002
11091
11175
11257
11337
11417
11498
11579
11662
11748
11839
11935
12037
12142
12250
12360
12472
12588
12707
12829
12952
13073
13192
13305
13415
13526
13638
13749
13860
13971
14083
14196
14311
14429
14548
14668
14788
14908
15028
15147
15264
15378
15492
15603
15712
15818
15922
16037
18058
18153
18254
18356
18458
18562
18667
18775
18886
18999
19115
19231
19346
19458
19571
19686
19803
19920
20041
20162
20284
20406
20529
20651
20773
20894
21015
21137
21259
21380
21502
21624
21749
28339
28427
28537
28648
28758
28870
28982
29094
29207
29321
29434
29547
29660
29772
29884
29995
30105
30216
30327
30438
30548
30659
30770
30880
30990
31099
31208
31315
31422
31528
31634
31739
31843
31947
32050
32154
32258
32362
32467
32574
32683
32794
32908
33027
33150
33275
33405
33539
33676
33812
33947
34082
34217
34357
34504
36127
36227
36347
36464
36581
36699
36816
36934
37052
37170
37288
37406
37524
37642
37760
37878
37996
38115
38235
38353
38472
38592
38714
38839
38976
41768
41878
42017
42164
42320
42483
42652
42826
43004
43180
43358
43521
