3131
3211
3291
3372
3450
3529
3606
3683
3759
3835
3911
3985
4060
4134
4208
4289
4364
6181
6242
6311
6380
6449
6519
6589
6660
6731
6804
6876
6950
7024
7100
7176
7253
7331
7410
7489
7569
7659
9257
9340
9419
9504
9589
9675
9761
9848
9936
10025
10115
10207
10299
10392
10487
10582
10678
10775
10872
10971
11070
11170
11269
11369
11470
11571
11672
11775
11877
11981
12086
12192
12299
12407
12518
12632
13691
13773
13872
13975
14080
14186
14294
14404
14514
14626
14738
14852
14966
15081
15197
15314
15432
15558
16792
16879
16970
17061
17154
17246
17339
17432
17524
17615
17707
17799
17892
17986
18080
18177
18276
18377
18482
18592
18708
18830
18959
19096
19240
19387
19542
19701
19858
20013
20167
20322
20496
22880
22955
23059
23163
23270
23377
23485
23593
23703
23813
23924
24035
24146
24256
24367
24478
24588
24699
24809
24919
25029
25138
25248
25357
25467
25577
25686
25795
25905
26015
26127
26241
26361
26495
26675
27160
33504
33577
33672
33767
33865
33963
34062
34162
34263
34365
34467
34570
34674
34779
34884
34989
35096
35203
35310
35418
35527
35636
35747
35858
35969
36081
36194
36306
36419
36532
36646
36760
36873
36987
37100
37214
37327
37440
37553
37666
37778
37890
38002
38114
38227
38341
38455
38571
38688
38809
38942
41840
41936
42035
42136
42239
42341
42444
42547
42651
42755
42861
42967
43073
43181
43289
43399
43509
43619
43732
43846
43961
46623
46736
46865
46998
47136
47282
47433
47598
47779
47974
48171
48339
48482
48660
