10351
10469
10591
10712
10834
10954
11076
11197
11318
11439
11560
11680
11799
11920
12042
12165
12291
12427
13929
14045
14167
14291
14417
14545
14674
14806
14941
15078
15216
15357
15503
15654
15805
15967
16139
16795
16937
17083
17227
17368
17509
17651
17793
17934
18072
18207
18342
18476
18611
18745
18881
19019
19160
19305
19457
19607
19757
19903
20044
20183
20321
20456
20592
20728
20867
21009
21157
21313
21481
21664
21859
22842
23016
23194
23372
23548
23726
23905
24083
24259
24433
24606
24780
24954
25127
25300
25471
25640
25821
28037
28197
28368
28549
28731
28917
29105
29293
29481
29670
29859
30051
30244
30437
30628
30817
31005
31193
31377
31562
31744
31924
32106
32287
32466
32649
32832
33024
39858
40024
40203
40387
40570
40755
40940
41128
41318
41507
41699
41891
42085
42279
42476
42673
42866
43060
43251
43441
43628
43814
44002
44193
44383
44575
44776
48789
48940
49093
49245
49397
49550
49704
49858
50014
50171
50330
50491
50656
50822
50998
51175
51410
52987
53153
53346
53557
53766
53972
54184
54401
54620
54836
55050
55264
55482
55706
55943
