11935
12076
12227
12374
12521
12667
12812
12958
13104
13252
13399
13549
13696
13847
13994
14219
14379
14545
16393
16555
16670
16797
16924
17050
17177
17305
17433
17563
17693
17825
17958
18094
18232
18374
18521
18673
18829
18992
19164
19337
19681
19850
20014
20173
20331
20488
20648
20805
20960
21113
21265
21416
21564
21712
21859
22005
22150
22295
22438
22580
22723
22865
23009
23157
23307
23457
23605
23748
23889
24029
24166
24302
24438
24575
24713
24855
25002
25158
25323
25500
25689
25883
27450
27626
27807
27987
28169
28351
28533
28714
28895
29075
29255
29433
29612
29791
29969
30146
30323
30502
30684
30867
31053
33593
33753
33923
34101
34283
34471
34660
34854
35051
35249
35444
35640
35838
36041
36242
36448
36649
36851
37052
37249
37447
37635
37818
38001
38186
38372
38566
46978
47150
47331
47516
47702
47888
48077
48268
48456
48647
48839
49033
49227
49421
49616
49809
50002
50198
50392
50586
50780
50979
51177
51377
51575
51773
51970
52167
52363
52562
52769
52930
53099
53316
56814
56943
57091
57238
57383
57530
57677
57825
57975
58128
58283
58441
58607
58775
58951
59135
59325
61578
61785
61997
62209
62428
62652
62877
63108
63347
63588
63832
64084
64341
