4281
4345
4413
4481
4549
4615
4681
4747
4812
4876
4940
5004
5067
5130
5193
5256
5318
5381
5444
5507
5570
5633
5697
5760
5825
5889
5954
6028
9011
9097
9193
9289
9387
9488
9590
9693
9799
9905
10012
10119
10226
10334
10442
10550
10657
10764
10870
10977
11083
11190
11296
11400
11504
11606
11706
11806
11904
12002
12100
12198
12297
12395
12494
14324
14401
14483
14565
14648
14729
14811
14891
14971
15051
15131
15211
15290
15370
15450
15530
15610
15690
15770
15850
15931
16011
16092
16172
16253
16332
16412
16491
16570
16649
16728
16806
16885
16962
17040
17118
17196
17274
17354
17437
17522
17611
17701
17790
18767
18843
18919
18994
19068
19140
19212
19283
19355
19426
19496
19567
19639
19710
19782
19854
19927
20001
20077
20154
20231
20311
20393
20476
20561
20648
20735
20824
20915
21006
21098
21191
21284
21379
21473
21567
21662
21759
21855
21951
22047
22144
22242
22341
22442
22543
22646
22751
22856
22963
23070
23176
23282
23388
23495
23603
23711
23818
23926
24033
24142
24250
24358
24467
24574
24681
24788
24895
25001
25108
25214
25320
25425
25528
25632
25734
25836
25938
26038
26137
26236
26334
26432
26529
30087
30709
30849
30950
31046
31139
31231
31322
31413
31505
31597
31689
31783
31877
31972
32067
32164
32260
32357
32453
32549
32645
32741
32837
32932
33027
33121
33215
33309
33402
33495
33587
33679
33770
33859
33946
34031
34115
34199
34282
34365
34448
34530
34612
34693
34775
34855
34936
35016
35096
35175
35253
35332
35409
35487
35563
35640
35717
35794
35871
35948
36024
36102
36180
36260
36343
36433
36523
36616
36719
36791
37011
37180
37381
37477
37548
45710
45791
45876
45963
46050
46138
46227
46315
46404
46494
46584
46673
46764
46855
46947
47039
47132
47225
47318
47412
47507
47601
47696
47791
47886
47982
48078
48175
48272
48369
48467
48564
48661
48758
48857
48955
49053
49152
49250
49348
49447
49545
49644
49742
49841
49939
50038
50136
50233
50331
50429
50527
50624
50722
50819
50917
51014
51110
51207
51303
51400
51495
51591
51689
51787
51888
51990
52095
52200
55353
55441
55531
55622
55714
55807
55901
55995
56091
56187
56282
56378
56473
56569
56665
56760
56856
56952
57048
57144
57239
57334
57429
57523
57617
57711
57806
57902
57999
58095
58192
58291
58391
58494
61467
61568
61672
61781
61891
62002
62114
62227
62341
62455
62570
62686
62802
62919
63036
63154
63272
63390
63508
63628
63745
63864
63982
64102
64221
64335
