2361
2459
2572
2681
2793
2907
3022
3141
3263
3392
3536
5986
6070
6163
6258
6353
6449
6544
6639
6733
6827
6921
7015
7110
7204
7297
7389
7480
7571
7662
7752
7844
7935
8025
8117
8209
8303
8400
10158
10250
10351
10460
12494
12582
12674
12767
12860
12953
13048
13143
13241
13343
13454
13567
13702
13828
14076
14160
16163
16249
16353
16462
16575
16697
19395
19485
19582
19684
19787
19892
19999
20107
20217
20329
20442
20558
20676
20797
20921
21049
21179
21314
21452
21594
21742
21894
22051
22215
22384
22559
22738
22923
23109
23294
23484
23674
23861
24048
24233
24418
24603
24788
24970
25152
25331
25507
25678
25845
26010
26171
26332
26490
26644
26795
26945
27099
27275
29393
29504
29617
29734
29853
29974
30095
30218
30340
30464
30587
30709
30832
30957
31082
31208
31334
31461
31589
31719
31850
31982
32116
32254
32394
32535
32675
32814
32954
33095
33233
33370
33503
33629
33752
33875
33999
34123
34248
34374
34500
34626
34752
34878
35004
35129
35255
35380
35506
35632
35758
35885
36013
36141
36270
36398
36528
36658
36789
36918
37048
37178
37312
37452
37599
37746
37896
38042
38184
38321
38454
38583
38710
38836
38964
39093
39224
39358
39492
39626
39761
39898
40037
40186
43021
43139
43265
43395
43530
43667
43808
45563
45688
45811
45932
46055
46178
46303
46431
46563
46698
46836
46979
47126
47277
47433
47595
47762
47934
48110
48293
48481
48672
48868
49068
49269
49472
49676
49885
50091
50298
50506
50715
50929
51144
51373
