11758
11907
12056
12202
12348
12496
12647
12809
16165
16269
16376
16479
16581
16681
16780
16877
16973
17068
17163
17256
17348
17439
17530
17620
17709
17798
17887
17975
18063
18151
18240
18329
18419
18511
18604
18697
18793
18891
18988
19089
21192
21295
21404
21518
21640
21775
24026
24139
24255
24375
24497
24622
24748
24877
25008
25147
27350
27446
27585
27725
27871
28024
28191
31302
31426
31556
31692
31830
31970
32110
32252
32396
32541
32690
32842
32997
33157
33324
33495
33674
33862
34058
34264
34478
34697
34919
35150
35388
35634
35888
36151
36409
36656
36894
37125
37345
37555
37757
37950
38137
38322
38507
38692
38877
39061
39244
39426
39608
39788
39965
40139
40311
40483
40653
40823
40995
41170
41351
41549
44118
44245
44374
44506
44642
44776
44910
45044
45178
45312
45445
45579
45713
45849
45987
46126
46266
46406
46547
46688
46828
46969
47111
47254
47397
47543
47689
47836
47986
48139
48296
48459
48622
48781
48937
49091
49246
49395
49543
49689
49835
49979
50125
50271
50417
50561
50706
50850
50996
51141
51286
51432
51577
51723
51868
52014
52162
52309
52456
52613
52781
52968
54311
54449
54590
54731
54877
55024
55174
55323
55475
55631
55791
55968
58722
59219
59357
59495
59637
59782
59930
60081
60239
60406
61800
61931
62062
62193
62324
62453
62585
62722
62858
62995
63132
63271
63411
63555
63704
63858
64023
64197
64384
64582
64787
64999
65222
65455
65702
65960
66221
66493
66771
67049
67324
67601
67876
68146
68409
68673
68938
69198
69460
69724
69991
70269
70589
