2487
2580
2675
2770
2866
2961
3058
3154
3250
3348
3445
3544
3643
3743
3843
3944
4046
8214
8296
8384
8472
8561
8650
8740
8829
8918
9008
9097
9186
9274
9361
9449
9535
9621
9706
9791
9874
9957
10040
10121
10202
10282
10362
10440
10519
10597
10674
10751
10827
10903
10978
11053
11127
11201
11274
11347
11419
11492
11564
11637
11710
11783
11856
11929
12002
12076
12150
12225
12300
14377
14447
14519
14591
14665
14739
14816
17330
17403
17482
17563
17644
17724
17806
17887
17969
18051
18134
18221
18304
18400
18473
18647
18861
19019
19090
21697
21770
21846
21923
22001
22082
25029
25110
25197
25286
25376
25466
25557
25649
25742
25836
25930
26025
26122
26221
26319
26420
26523
26626
26732
26837
26944
27051
27160
27270
27381
27490
27601
27709
27816
27923
28029
28135
28243
28350
28458
28566
28673
28781
28889
28996
29104
29212
29320
29429
29538
29648
29757
29866
29976
30085
30195
30304
30412
30521
30630
30738
30843
30948
31051
31152
31253
31352
31451
31551
38215
38592
38799
38896
38992
39088
39183
39279
39374
39470
39567
39666
39764
39862
39960
40058
40157
40256
40355
40454
40553
40654
40755
40859
40965
43914
43989
44068
44147
44226
44304
44384
44463
44543
44622
44702
44782
44860
44939
45017
45094
45171
45248
45324
45400
45476
45552
45627
45703
45778
45854
45930
46005
46081
46157
46232
46307
46382
46456
46531
46605
46679
46753
46827
46900
46974
47048
47121
47195
47269
47342
47416
47490
47565
47640
47717
47794
47872
47952
48034
48119
49546
49625
49710
49797
49883
49971
50060
50150
50240
50332
50424
50516
50609
50702
50796
50890
50986
51082
51181
51280
51380
51481
51583
51686
51791
51897
52004
52110
52218
52326
52434
52542
52650
52759
52868
52978
53089
53200
53311
53423
53535
53648
53761
53874
53988
54100
54215
54327
54440
54552
54663
54774
54884
54993
55102
55210
55318
55426
57997
58154
58270
58336
58442
58534
58627
58720
58814
58908
59003
59099
59196
59293
59390
59489
59587
59686
59786
63433
63520
63615
63712
63809
63908
64007
64108
66813
66907
66998
67090
67184
67277
67371
67465
67559
67653
67748
67843
67938
68035
68132
68230
68329
68426
68525
68624
68725
68826
68929
69032
69136
69242
69347
69453
69558
69665
69774
69882
69992
70101
70213
70324
70436
70547
70661
70774
70888
71001
71115
71230
71344
71458
71573
71688
71803
71917
72034
72149
72263
72378
72492
72607
72722
72836
72951
73065
73180
73295
73410
73523
73633
