790
935
1094
1257
1423
1592
1762
1936
2113
2302
2445
2604
2768
2936
3100
3260
3419
3578
3737
3900
4074
4239
7164
7281
7413
7546
7678
7811
7942
8073
8203
8333
8463
8591
8719
8845
8971
9097
9221
9345
9468
9590
9713
9834
9956
10079
10202
10327
10453
10583
10720
10853
11001
12520
12690
12824
12973
13130
13291
13462
13626
16567
16695
16822
16951
17079
17206
17334
17461
17587
17712
17836
17959
18084
21268
21389
21515
21641
21766
21891
22016
22143
22274
22411
22560
25218
25352
25493
25638
25785
25935
26089
26244
26405
26571
26744
26924
27108
27297
27491
27688
27891
28095
28298
28500
28707
28915
29123
29334
29549
29758
29965
30173
30382
30593
30800
31001
31199
31399
31600
31794
31989
32181
32373
32567
32761
32958
33154
33354
33558
33761
33966
34171
34379
34590
34800
35010
35211
35413
35612
35814
36016
36217
36419
39331
39461
39610
39760
39907
40057
40209
40363
40516
40670
40821
40973
41123
41273
41422
41573
41725
41875
42023
42172
42323
42474
42627
42780
42935
43092
43250
43409
43571
43731
43893
44057
44223
44391
44564
44741
44917
45095
45274
45453
45629
45804
45985
46162
46345
46529
46715
46906
47097
47290
47481
47672
47866
48062
48258
48450
48641
48830
49017
49204
49389
49574
49759
49942
50118
50293
50467
50642
50819
50999
51186
51382
52295
52459
52632
52814
53001
53189
53378
53564
53748
53927
54104
54280
54455
54634
54783
58964
59088
59195
59346
59511
59681
59858
60049
60237
61859
62039
62216
62395
62576
62756
62938
63123
63313
63509
63712
63922
64133
64348
64564
64780
64999
65222
65445
65671
65901
66134
66372
66608
66829
67046
67263
67485
67712
67943
68170
68398
68627
68858
69089
69326
69571
