2404
2552
2662
2796
2922
3053
3183
3318
3462
3616
6439
6522
6604
6681
6756
6832
6908
6984
7061
7137
7214
7291
7367
7444
7520
7596
7673
7748
7824
7900
7976
8053
8130
8207
8285
8364
8444
8525
8606
8688
8772
8857
8943
9030
9119
9208
9299
9390
9483
9579
9679
9783
9896
10020
11369
11461
11562
11666
11772
11880
11993
12110
12235
14231
14313
14397
14480
14565
14650
14736
14824
14913
15002
15093
15184
15276
15367
15459
15551
15645
15745
15859
16011
19042
19134
19234
19334
19437
19542
19652
19771
22668
22750
22832
22912
22995
23080
23165
23250
23336
23422
23509
23597
23685
23773
23863
23954
24046
24140
24235
24331
24429
24528
24629
24732
24837
24944
25053
25165
25280
25399
25521
25645
25773
25903
26036
26170
26306
26443
26580
26718
26857
26997
27138
27278
27417
27556
27694
27831
27968
28105
28241
28375
28511
28644
28774
28903
29030
29156
29281
29403
29523
29641
29758
29873
29988
30105
30222
30334
30443
30552
30659
30765
30870
30976
31081
31187
31295
31405
31519
31649
33979
34064
34158
34254
34350
34448
34549
34653
34758
34864
34970
35077
35183
35289
35395
35501
35608
35714
35820
35927
36036
36145
36252
36359
36467
36573
36680
36786
36892
36998
37105
37211
37317
37425
37532
37640
37748
37857
37966
38076
38186
38298
38412
38527
38646
38767
38890
39015
39138
39257
39368
39475
39581
39686
39792
39899
40005
40110
40216
40323
40428
40533
40638
40743
40849
40955
41062
41168
41275
41382
41489
41597
41704
41811
41918
42025
42131
42237
42343
42448
42554
42659
42765
42873
42985
43104
43230
44378
44459
44563
44668
44773
44880
44990
45102
45216
45330
45446
45563
45681
45801
45923
46046
46169
46294
46420
46549
46680
46824
50255
50347
50453
50557
50662
50768
50874
50982
51089
51198
51307
51419
51531
51640
51756
53301
53390
53477
53565
53655
53745
53836
53926
54016
54107
54199
54293
54389
54487
54586
54687
54789
54895
55003
55113
55226
55344
55464
55587
55714
55845
55979
56117
56258
56402
56549
56698
56847
56997
57148
57300
57452
57606
57760
57916
58074
58233
58392
58551
58711
58870
59028
59188
59348
59508
59669
59829
59991
60154
60319
60488
60652
