2219
2316
2441
2561
2682
2802
2925
3051
3188
5866
5951
6040
6124
6206
6286
6364
6442
6520
6598
6676
6753
6830
6906
6982
7058
7134
7209
7283
7356
7428
7500
7571
7641
7710
7779
7847
7915
7982
8050
8116
8182
8247
8312
8377
8441
8506
8569
8632
8695
8757
8818
8880
8940
9002
9063
9127
9205
10895
10965
11038
11112
11187
11263
11342
11424
11512
11604
13906
13973
14049
14123
14197
14271
14344
14417
14491
14567
14643
14720
14799
14877
14956
15036
15115
15197
15279
15362
15447
15533
15627
15735
15885
16312
18882
18962
19050
19139
19227
19315
19406
19499
19598
19704
22434
22509
22591
22673
22755
22838
22924
23010
23097
23185
23274
23364
23455
23548
23643
23739
23837
23937
24039
24143
24249
24359
24472
24586
24703
24821
24942
25065
25190
25317
25446
25575
25706
25840
25976
26112
26249
26386
26523
26660
26796
26932
27068
27203
27335
27466
27596
27725
27853
27978
28102
28224
28345
28464
28582
28700
28819
28937
29056
29174
29293
29414
29536
29655
29774
29893
30012
30131
30251
30371
30492
30612
30732
30853
30975
31102
31237
31411
33548
33638
33729
33820
33911
34002
34094
34185
34277
34370
34462
34555
34647
34739
34831
34923
35015
35107
35198
35289
35380
35469
35559
35647
35735
35823
35911
35999
36086
36174
36261
36349
36437
36524
36612
36700
36789
36878
36968
37058
37149
37241
37333
37426
37520
37614
37709
37805
37905
38012
38127
38242
38363
38481
38594
38703
38808
38908
39007
39106
39205
39306
39408
39508
39610
39710
39810
39910
40009
40109
40209
40310
40410
40512
40613
40714
40816
40919
41022
41125
41228
41332
41435
41537
41640
41741
41843
41945
42046
42148
42249
42350
42451
42554
42659
42771
42889
43013
43934
44027
44133
44239
44344
44450
44555
44661
44767
44872
44977
45083
45189
45295
45402
45508
45616
45724
45833
45941
46049
46157
46264
46370
46476
46584
46694
46805
46926
50403
50498
50593
50691
50789
50887
50987
51087
51188
51291
51396
51502
51608
51716
51824
52957
53049
53140
53232
53323
53414
53505
53595
53684
53772
53859
53946
54033
54121
54209
54297
54386
54476
54568
54660
54755
54851
54948
55047
55149
55254
55361
55471
55585
55703
55824
55950
56082
56219
56360
56504
56651
56800
56952
57106
57261
57417
57574
57733
57893
58053
58213
58374
58538
58703
58868
59033
59198
59360
59524
59685
59848
60014
60185
60363
60697
