1023
1176
1331
1490
1650
1809
1964
2118
2274
2434
2604
5506
5568
5683
5805
5927
6050
6173
6295
6417
6540
6662
6784
6905
7027
7148
7268
7389
7509
7628
7747
7865
7983
8101
8218
8335
8452
8569
8685
8802
8918
9034
9151
9269
9387
9507
9630
9757
11461
11583
11725
11868
12012
12159
12310
12469
12640
15178
15217
15339
15462
15582
15701
15819
15938
16056
16173
16289
16404
16519
16637
16770
19751
19902
20019
20138
20258
20380
20504
20630
20760
23970
24101
24236
24372
24512
24653
24796
24941
25088
25237
25386
25535
25685
25836
25989
26144
26299
26458
26618
26779
26940
27102
27263
27427
27588
27752
27916
28081
28247
28413
28579
28745
28909
29072
29234
29395
29555
29716
29875
30035
30196
30357
30518
30679
30843
31011
31180
31354
31533
31720
31915
32114
32313
32513
32713
32910
33104
33297
33487
33672
33854
34030
34204
34380
34565
38054
38180
38321
38464
38607
38752
38898
39042
39185
39329
39472
39615
39757
39898
40041
40183
40326
40468
40609
40749
40889
41029
41169
41308
41448
41587
41727
41866
42005
42144
42283
42424
42566
42710
42855
43004
43157
43316
43480
43647
44304
44458
44611
44766
44924
45082
45242
45400
45559
45717
45875
46033
46190
46344
46498
46649
46801
46953
47105
47258
47412
47569
47729
47894
48065
48243
48434
49132
49281
49440
49601
49764
49927
50092
50260
50430
50602
50774
50943
51112
51278
51447
51618
55937
56084
56237
56392
56551
56715
56886
59019
59188
59358
59534
59701
59872
60045
60224
60409
60599
60802
61017
61241
61476
61716
61910
62177
62348
62777
63209
63664
63913
64125
64394
64569
64826
65060
65304
65557
65810
66086
