2474
2556
2650
2743
2836
2931
3026
3122
3220
3318
3418
3520
3624
3729
3836
3943
4062
7627
7705
7784
7862
7939
8015
8090
8165
8241
8316
8392
8467
8543
8617
8692
8766
8840
8914
8987
9061
9134
9207
9279
9352
9424
9496
9568
9639
9709
9778
9846
9914
9980
10046
10112
10176
10240
10304
10368
10431
10495
10559
10623
10687
10751
10816
10879
10941
12525
12590
12659
12727
12797
15374
15449
15527
15606
15686
15767
15850
15934
16021
16107
16196
16287
16383
16488
16607
16791
19819
19929
20027
20127
20229
20334
20443
20559
20652
23860
23947
24041
24136
24233
24330
24428
24527
24628
24730
24835
24941
25049
25158
25270
25382
25496
25611
25729
25847
25967
26088
26210
26333
26457
26581
26707
26833
26960
27089
27220
27352
27484
27616
27749
27883
28017
28153
28287
28423
28560
28697
28834
28971
29107
29244
29380
29515
29652
29788
29923
30058
30194
30329
30463
30598
30731
30865
31000
31138
31275
31407
31539
31669
31799
31927
32055
32184
32312
32439
32564
32687
32808
32927
33046
33164
33283
33401
33521
33645
33782
33878
34010
36347
36434
36534
36633
36734
36835
36938
37043
37149
37255
37363
37471
37580
37690
37800
37911
38023
38136
38248
38362
38477
38592
38705
38818
38930
39043
39155
39267
39379
39491
39604
39717
39830
39943
40058
40174
40292
40412
40534
40657
40780
40903
41027
41151
41274
41397
41520
41642
41760
41874
41984
42091
42197
42303
42409
42516
42622
42727
42833
42939
43045
43150
43256
43362
43467
43571
43675
43777
43880
43982
44083
44183
44283
44382
44480
44578
44676
44773
44869
44966
45062
45157
45252
45347
45441
45536
45630
45724
45817
45912
46006
46101
46196
46291
46389
46489
46593
46702
46815
46936
47756
47854
47954
48054
48154
48254
48356
48459
48564
48670
48777
48885
48992
49101
49209
49316
49424
49532
49640
49749
49859
49971
50083
50196
50311
50411
53988
54086
54187
54290
54392
54496
54600
54705
54807
54922
57548
57647
57755
57860
57969
58080
58191
58304
58417
58532
58649
58767
58886
59007
59129
59252
59378
59504
59631
59759
59888
60018
60150
60283
60416
60549
60684
60820
60956
61093
61231
61368
61508
61649
61791
61933
62075
62217
62359
62501
62644
62786
62927
63067
63207
63348
63488
63630
63772
63916
64062
64210
64361
64517
64680
