2436
2560
2691
2824
2959
3095
3232
3373
3517
3666
6657
6747
6844
6940
7033
7125
7214
7303
7389
7473
7556
7638
7719
7799
7880
7960
8040
8120
8200
8281
8362
8443
8524
8606
8688
8771
8856
8943
9030
9120
9212
9307
9404
9502
9602
9704
9807
9913
10020
10129
10241
10356
10471
10588
10711
10844
12099
12203
12317
12433
12551
12671
12795
12922
13057
15142
15234
15329
15425
15521
15619
15718
15818
15919
16020
16122
16225
16334
16453
16598
16734
19500
19584
19691
19801
19913
20027
20144
20263
20384
20512
20651
23097
23193
23290
23387
23483
23580
23677
23774
23872
23969
24065
24161
24257
24351
24446
24540
24634
24728
24821
24915
25009
25103
25197
25292
25389
25486
25586
25688
25791
25897
26005
26115
26228
26345
26463
26585
26711
26840
26970
27103
27237
27371
27506
27642
27778
27914
28053
28190
28329
28468
28608
28747
28886
29025
29164
29303
29440
29579
29716
29854
29992
30131
30269
30407
30546
30685
30824
30962
31098
31236
31374
31514
31654
31795
31938
32086
32228
32367
32505
32642
32778
32913
33048
33181
33314
33446
33579
33715
33854
36275
36359
36451
36545
36640
36736
36832
36929
37026
37123
37221
37318
37415
37512
37608
37705
37802
37900
37998
38096
38197
38299
38401
38506
38612
38719
38826
38934
39043
39153
39262
39373
39484
39595
39706
39819
39932
40045
40160
40274
40388
40502
40616
40729
40842
40955
41070
41185
41304
41431
41569
41716
41853
41981
42104
42222
42339
42456
42574
42693
42813
42933
43054
43175
43295
43416
43536
43657
43779
43901
44024
44148
44271
44395
44521
44647
44772
44897
45023
45148
45274
45399
45525
45650
45775
45900
46028
46163
46309
47592
47696
47802
47908
48014
48119
48225
48329
48433
48536
48640
48743
48848
48953
49059
49166
49275
49386
49498
49614
49735
49861
54032
54138
54252
54369
54486
54604
54725
54846
54970
55094
55220
55347
55474
56794
56886
56982
57077
57170
57262
57354
57447
57539
57633
57727
57820
57914
58009
58103
58197
58293
58388
58485
58584
58683
58785
58888
58992
59099
59208
59320
59434
59552
59671
59794
59920
60049
60180
60314
60450
60588
60728
60869
61010
61152
61294
61437
61580
61723
61868
62013
62159
62305
62451
62597
62742
62888
63032
63179
63327
63478
63630
63788
