2173
2300
2461
2626
5146
5264
5386
5515
5638
5760
5880
5997
6112
6226
6338
6449
6559
6668
6776
6883
6989
7094
7199
7303
7407
7512
7617
7734
9022
9110
9211
9315
9422
9535
9654
9789
11672
11775
11885
11995
12106
12219
12337
12464
12569
12746
12834
12932
13009
13139
13237
13330
15582
15698
15821
15960
18389
18504
18628
18751
18873
18994
19114
19235
19355
19474
19593
19711
19829
19947
20065
20182
20301
20419
20539
20659
20779
20899
21020
21142
21265
21388
21514
21640
21770
21903
22038
22176
22313
22451
22591
22732
22874
23020
23169
23319
23469
23619
23771
23927
26384
26490
26609
26735
26861
26987
27114
27243
27372
27502
27635
27770
27909
28051
28193
28336
28481
28626
28772
28921
29077
29244
29718
29853
29992
30130
30266
30398
30529
30657
30783
30908
31030
31151
31270
31388
31507
31626
31746
31868
31993
32121
32253
32391
32540
32700
33702
33845
33995
34151
34309
34467
34626
34787
34948
35107
35265
35425
35593
38508
38662
38837
40691
40824
40968
41110
41249
41385
41519
41653
41785
41917
42051
42185
42321
42459
42600
42744
42893
43048
43210
43380
43555
43733
43909
44090
44271
44457
44642
44828
45011
45192
45372
45550
45725
45898
46070
46250
