3800
3918
4039
4158
4276
4393
4507
4621
4734
4846
4957
5068
5180
5293
5410
5528
7667
7769
7874
7979
8086
8194
8304
8416
8530
8647
8765
8886
9011
9141
9276
9415
9558
9705
9851
9990
10126
10258
10387
10514
10640
10765
10890
11015
11141
11269
11398
11527
11657
11787
11920
12052
12187
12321
12459
12597
12735
12877
13020
13170
13322
13486
13665
14961
15076
15220
15368
15518
15670
15826
15984
16146
16314
16489
16672
16863
17060
17262
17463
17659
17846
18028
18205
18379
18550
18722
18894
19061
19229
19394
19560
19725
19889
20053
20216
20379
20541
20700
20858
21014
21169
21322
21473
21623
21783
21942
22119
24278
24388
24535
24691
24851
25012
25174
25338
25504
25673
25843
26013
26183
26351
26521
26689
26865
27038
27209
27379
27549
27722
27893
28066
28243
28419
28597
28771
28953
29134
29366
29665
29927
30158
35308
35457
35615
35773
35932
36092
36254
36416
36578
36741
36904
37067
37231
37394
37558
37723
37886
38050
38215
38379
38544
38707
38873
39038
39202
39370
39538
39706
39874
40041
40210
40380
40549
40722
40898
41078
41263
41450
41635
41819
42004
42190
42379
42570
42763
42960
43162
43364
43543
43756
43944
44134
44329
44522
44697
44874
45045
45210
45374
45538
45704
45871
46040
46211
46384
46559
46735
46912
47092
47278
47468
47664
47878
50451
50632
50878
51123
51372
51625
51883
52139
52379
52606
