2177
2298
2417
2536
2654
2771
2890
3009
3136
3278
6302
6374
6465
6560
6657
6755
6854
6953
7051
7150
7249
7347
7445
7543
7640
7737
7834
7931
8028
8124
8220
8316
8411
8507
8602
8697
8793
8890
8987
9086
9186
9288
11102
11209
11326
13627
13702
13799
13897
13996
14097
14202
14309
14416
14530
14668
14802
14879
17658
17762
17869
17980
18093
18208
18330
21186
21281
21381
21484
21590
21699
21809
21921
22035
22149
22265
22383
22503
22624
22747
22872
23001
23135
23273
23416
23562
23712
23865
24023
24186
24355
24532
24716
24908
25108
25315
25524
25732
25940
26148
26354
26557
26765
26974
27184
27397
27608
27818
28028
28238
28444
28640
28834
29122
30024
30259
30404
30582
30848
30948
31120
31268
31415
31557
31699
31839
31980
32123
32268
32420
34992
35084
35189
35296
35406
35517
35631
35745
35860
35974
36088
36203
36317
36429
36542
36654
36764
36875
36986
37098
37209
37321
37434
37548
37662
37777
37894
38014
38138
38265
38395
38529
38664
38798
38929
39057
39184
39302
39414
39531
39648
39764
39880
39996
40112
40229
40347
40465
40583
40702
40821
40941
41060
41181
41301
41422
41543
41664
41785
41907
42029
42151
42273
42397
42523
42656
42794
42934
43076
43215
43350
43479
43604
43728
43850
43968
44089
44212
44336
44462
44591
44721
44853
44985
45117
45248
45382
45520
45667
48782
48904
49028
49157
49290
49431
51442
51556
51677
51798
51921
52047
52177
52310
52446
52585
52728
52875
53026
53180
53339
53502
53669
53842
54020
54201
54387
54579
54775
54971
55167
55365
55565
55767
55975
56187
56401
56618
56840
57072
57304
57535
57972
