8763
9341
9483
9649
9820
9997
10181
10382
13755
13888
14024
14153
14285
14416
14546
14677
14806
14934
15062
15190
15317
15442
15568
15693
15818
15942
16067
16193
16320
16447
16574
16702
16835
16990
18071
18193
18325
18464
18607
18756
18915
19115
21309
21459
21617
21779
21941
22109
25098
25236
25377
25526
25683
25860
28968
29114
29271
29431
29590
29748
29910
30073
30240
30406
30574
30744
30917
31090
31269
31444
31625
31808
31996
32184
32377
32567
32759
32952
33148
33347
33545
33741
33943
34150
34364
34580
34794
35007
35225
35430
35650
35852
36057
36261
36467
36672
36884
39562
39733
39907
40072
40232
40394
40557
40718
40880
41040
41199
41358
41515
41673
41829
41986
42145
42305
42466
42629
42795
42966
43147
43335
43531
43721
43896
44066
44238
44412
44590
44766
44943
45119
45296
45472
45647
45823
45999
46174
46350
46523
46699
46873
47051
47237
47432
47638
47851
48056
48250
48434
48611
48789
48971
49157
49347
49539
49731
49929
50149
50333
53524
53693
53878
54085
56401
56545
56693
56845
56998
57152
57310
57473
57638
57811
57987
58170
58356
58548
58745
58946
59151
59359
59569
59786
60014
60255
60498
60742
60989
61242
61488
61735
61986
62242
62465
