8502
8593
8682
8772
8862
8953
9045
9138
9233
9329
9428
9531
12113
12181
12258
12333
12406
12477
12548
12619
12690
12761
12833
12905
12977
13050
13122
13193
13265
13336
13408
13478
13548
13616
13684
13752
13818
13885
13951
14016
14082
14147
14212
14277
14341
14406
14471
14536
14601
14668
15581
15640
15708
15776
15846
15917
15990
16070
16154
18463
18541
18621
18702
18785
18870
18955
19042
19131
19219
19307
19394
19481
19575
19688
19812
19990
20394
22922
23015
23112
23209
23309
23413
23529
26129
26216
26312
26409
26507
26605
26703
26803
26904
27006
27110
27215
27322
27430
27537
27645
27755
27865
27976
28087
28200
28313
28427
28541
28656
28772
28888
29004
29121
29237
29354
29472
29589
29708
29826
29946
30066
30187
30306
30427
30547
30666
30785
30904
31022
31139
31254
31368
31480
31591
31700
31809
31916
32024
32130
32237
32343
32450
32557
32662
32766
32869
32972
33076
33180
33283
33386
33490
33594
33697
33802
33906
34011
34117
34224
34333
34445
34560
34680
36823
36917
37013
37111
37209
37309
37408
37508
37608
37710
37812
37916
38020
38124
38229
38335
38442
38549
38657
38766
38873
38980
39086
39194
39300
39407
39514
39621
39730
39840
39951
40064
40177
40290
40403
40515
40626
40736
40844
40950
41054
41157
41258
41358
41457
41555
41653
41751
41849
41948
42047
42145
42244
42343
42443
42542
42641
42742
42841
42941
43041
43141
43241
43342
43442
43541
43642
43743
43844
43944
44044
44144
44244
44344
44445
44548
44652
44761
44873
44987
45103
45218
45331
45440
45547
45650
45753
45856
45959
46063
46168
46276
46386
46496
46608
46721
46833
46946
47057
47170
47282
47395
47509
47624
47740
47857
50790
50885
50988
51091
51195
51304
53484
53590
53706
53822
53943
54068
54194
54323
54452
54584
54716
54848
54982
55117
55251
55386
55521
55657
55792
55929
56066
56204
56342
56481
56621
56761
56902
57046
57191
57336
57484
57632
57780
57927
58074
58220
58366
58512
58659
58804
58951
59097
59244
59394
59546
59698
