7404
7489
7583
7673
7761
7848
7933
8018
8104
8189
8276
8362
8451
8541
8632
8723
8815
8911
9010
9112
9218
12166
12233
12302
12370
12436
12501
12565
12627
12689
12751
12812
12873
12934
12994
13055
13115
13176
13236
13296
13355
13414
13473
13531
13589
13647
13704
13762
13820
13877
13934
13991
14048
14105
14161
14218
14274
14330
14386
14441
14497
14553
14609
14665
14720
14776
14832
14888
14944
15000
15056
15113
15169
15225
15281
15337
15394
15451
15507
15564
15622
15685
17594
17647
17703
17761
17819
17879
17940
18001
18063
18126
18191
18256
18324
18395
20658
20716
20784
20851
20919
20989
21058
21128
21198
21269
21340
21412
21484
21556
21628
21701
21774
21848
21922
21997
22072
22149
22228
22311
22399
22500
22639
23029
25533
25597
25665
25731
25798
25865
25933
26002
26072
26142
26213
26286
26363
26446
28834
28898
28964
29028
29094
29161
29228
29297
29368
29438
29508
29580
29652
29724
29797
29871
29945
30020
30095
30171
30247
30325
30403
30481
30560
30640
30721
30803
30886
30969
31054
31140
31228
31318
31411
31506
31604
31704
31808
31912
32020
32129
32241
32354
32468
32584
32703
32823
32944
33065
33187
33307
33428
33548
33667
33787
33906
34025
34144
34262
34381
34500
34618
34735
34852
34968
35083
35196
35309
35420
35532
35643
35754
35867
35978
36090
36203
36316
36429
36543
36656
36770
36883
36995
37107
37220
37332
37443
37553
37662
37770
37879
37988
38098
38211
38328
38454
40910
40989
41068
41145
41224
41303
41382
41461
41540
41620
41698
41777
41856
41936
42017
42097
42179
42260
42341
42422
42504
42585
42667
42747
42828
42909
42989
43069
43149
43230
43312
43394
43478
43563
43648
43733
43818
43902
43988
44072
44157
44242
44327
44412
44496
44581
44666
44751
44837
44924
45010
45098
45186
45273
45361
45450
45540
45630
45721
45814
45910
46009
46111
46214
46319
46421
46518
46612
46704
46797
46888
46980
47072
47163
47253
47343
47432
47522
47612
47702
47791
47880
47969
48059
48149
48239
48328
48418
48508
48597
48687
48776
48867
48956
49045
49135
49224
49313
49402
49491
49581
49676
49778
49887
50926
51001
51085
51167
51248
51329
51411
51492
51574
51656
51738
51820
51902
51985
52068
52153
52238
52324
52412
52500
52589
52679
52768
52858
52949
53041
53136
53236
53343
56974
57061
57152
57244
57335
57426
57518
57609
57700
57790
57880
57972
58065
58158
58253
58350
59678
59761
59842
59925
60007
60087
60166
60244
60323
60400
60478
60554
60630
60705
60780
60857
60933
61009
61085
61162
61238
61314
61390
61468
61545
61623
61702
61783
61864
61945
62027
62111
62195
62281
62368
62457
62548
62641
62737
62835
62936
63041
63150
63263
63379
63499
63622
63746
63873
64002
64133
64267
64403
64541
64679
64818
64957
65098
65240
65382
65524
65668
65810
65952
66095
66240
66383
66526
66671
66816
66964
67118
67272
67427
67579
