1111
1283
2093
2227
2382
2540
2699
2856
3009
3160
3309
3460
3612
3767
6963
7076
7202
7329
7455
7582
7708
7834
7960
8086
8210
8333
8456
8577
8699
8819
8939
9059
9176
9294
9411
9528
9644
9759
9874
9989
10103
10216
10328
10441
10552
10663
10774
10884
10996
11107
11217
11330
11444
11563
13958
14077
14211
14349
14487
14628
14772
14923
15085
17945
18060
18186
18311
18434
18557
18680
18806
18924
19049
19157
19286
19393
22666
22766
22879
22993
23107
23223
23341
23461
23584
23712
23848
26964
27088
27228
27371
27518
27672
27829
27993
28161
28331
28507
28688
28874
29063
29257
29454
29654
29852
30050
30252
30452
30655
30854
31061
31255
31465
31643
31871
32014
32389
32616
32762
32941
33146
33310
33524
33676
33859
34064
34221
34420
34585
34779
34954
35138
35313
35491
35668
35844
36019
36195
36372
36551
36731
36914
37100
37288
37478
37663
37848
38028
38214
38393
38580
38768
38961
42469
42612
42763
42915
43067
43218
43372
43523
43674
43826
43976
44125
44273
44421
44566
44713
44862
45010
45159
45308
45457
45605
45754
45901
46049
46197
46347
46497
46649
46804
46963
47126
47292
47461
47633
48155
48309
48474
48635
48801
48966
49135
49304
49474
49643
49811
49979
50145
50308
50471
50633
50795
50958
51120
51284
51448
51611
51775
51938
52101
52262
52427
52594
52768
52946
53127
53320
53860
54012
54167
54325
54489
54653
54819
54986
55152
55318
55480
55638
55794
55948
56103
56262
56422
56582
56751
61022
61141
61284
61425
61570
61714
61860
62007
62158
62313
62476
62651
62829
64091
64249
64407
64567
64725
64888
65056
65226
65398
65572
65749
65931
66115
66300
66491
66691
66897
67101
67308
67513
67732
67898
68129
68293
68525
68698
68934
69104
69339
69508
69743
69922
70150
70350
70563
70770
70984
71202
71424
