2303
2429
2571
2708
2845
2984
3127
3277
3437
6359
6448
6538
6625
6708
6790
6870
6951
7030
7110
7190
7271
7351
7430
7509
7587
7665
7743
7821
7898
7975
8052
8128
8205
8281
8356
8431
8505
8579
8652
8725
8798
8871
8944
9016
9088
9160
9232
9303
9374
9444
9515
9586
9658
9730
9802
9876
9952
10029
10113
11696
11790
11888
11988
12091
12196
12305
12427
14555
14639
14724
14810
14896
14982
15071
15161
15252
15346
15441
15538
15637
15737
15836
15935
16032
16129
16227
16326
16429
19284
19378
19476
19576
19680
19787
19897
20013
20137
22523
22603
22692
22778
22864
22951
23038
23126
23214
23302
23391
23481
23571
23662
23755
23848
23941
24036
24132
24229
24327
24427
24529
24633
24738
24846
24958
25073
25192
25314
25438
25564
25693
25823
25954
26087
26221
26357
26493
26631
26770
26910
27050
27192
27334
27476
27617
27759
27901
28044
28185
28324
28463
28601
28738
28875
29011
29147
29284
29420
29556
29691
29822
29953
30083
30211
30339
30467
30593
30720
30851
30986
31137
33489
33580
33675
33770
33866
33962
34058
34155
34251
34347
34442
34538
34634
34730
34826
34923
35020
35118
35217
35316
35416
35518
35620
35722
35825
35928
36032
36135
36239
36344
36450
36556
36663
36773
36884
36996
37109
37223
37336
37451
37565
37681
37798
37922
38053
38187
38317
38443
38565
38683
38795
38905
39016
39126
39237
39347
39458
39567
39677
39787
39897
40008
40117
40227
40337
40447
40558
40668
40780
40892
41004
41116
41228
41340
41453
41566
41680
41793
41907
42022
42136
42250
42364
42481
42602
42731
42870
43972
44069
44180
44290
44401
44514
44626
44737
44848
44959
45070
45181
45293
45405
45518
45631
45746
45863
45981
46102
46227
46358
49640
49743
49859
49978
50099
50222
50346
50471
50598
50727
50857
50988
51119
51251
51749
51975
52081
52187
52293
52400
52510
52622
52734
52847
52960
53072
53184
53297
53408
53520
53632
53744
53856
53969
54083
54198
54316
54435
54555
54678
54803
54931
55063
55198
55335
55475
55617
55762
55909
56059
56210
56364
56518
56674
56831
56988
57147
57306
57466
57627
57788
57953
58118
58284
58451
58622
58797
59115
