2628
2714
2814
2916
3021
3127
3235
3349
3470
5860
5929
6015
6098
6183
6270
6356
6443
6531
6619
6704
6789
6873
6958
7042
7126
7209
7292
7376
7459
7541
7625
7708
7792
7876
7961
8049
8145
9466
9543
9627
9714
9804
9898
10000
11961
12042
12142
12245
12350
12457
12566
12680
12800
12925
13021
13270
13340
13615
13681
16290
16393
18846
18928
19021
19116
19211
19305
19400
19496
19591
19686
19781
19877
19972
20066
20160
20255
20351
20447
20544
20642
20741
20841
20943
21048
21154
21263
21376
21492
21613
21739
21869
22005
22148
22296
22452
22613
22777
22946
23117
23293
23469
23646
23825
23999
24171
24343
24516
29172
29271
29384
29511
29643
29772
29900
30029
30158
30290
30425
30558
30693
30831
30976
31123
33459
33568
33684
33800
33917
34034
34152
34271
34392
34514
34636
34758
34882
35007
35132
35259
35386
35516
35649
35785
35917
36033
36151
36267
36382
36496
36609
36721
36832
36942
37052
37162
37272
37382
37492
37603
37715
37829
37943
38060
38179
38302
38429
38562
38706
40080
40215
40367
40529
40692
40857
41022
41184
41343
41496
41646
41795
41945
42102
44766
44877
45001
45129
45260
45397
45542
47200
47315
47430
47545
47661
47777
47892
48009
48126
48243
48361
48480
48600
48722
48846
48972
49100
49231
49366
49503
49646
49793
49946
50108
50276
50450
50630
50812
50993
51176
51360
51539
51718
51903
52084
52269
52454
52644
52834
