2274
2353
2463
2554
2663
2761
2865
2969
3073
3176
3281
3386
3491
3595
3700
3806
3911
4018
4124
4231
4340
4453
4568
8837
8902
8986
9071
9156
9240
9324
9408
9491
9575
9658
9740
9824
9906
9989
10071
10153
10234
10315
10395
10475
10554
10633
10711
10788
10866
10942
11019
11095
11170
11245
11319
11393
11466
11539
11611
11683
11755
11826
11896
11966
12036
12105
12173
12241
12308
12374
12441
12508
12575
12642
12709
12775
12842
12910
12979
14692
14750
14810
14872
14935
14998
15065
15134
17354
17420
17497
17576
17656
17738
17821
17905
17990
18076
18162
18249
18337
18432
18513
18661
18944
19135
19352
19417
19525
21848
21920
21997
22074
22152
22229
22308
22387
22467
22548
22630
22715
22802
25296
25380
25469
25561
25655
25750
25846
25944
26042
26142
26243
26344
26446
26549
26653
26758
26864
26972
27080
27188
27296
27405
27515
27625
27735
27846
27957
28068
28179
28291
28403
28517
28630
28745
28859
28973
29087
29201
29315
29428
29542
29655
29769
29883
29996
30109
30222
30333
30446
30556
30667
30777
30887
30997
31108
31217
31326
31434
31542
31649
31761
31842
32195
32267
32918
33097
33417
33494
33665
33770
33859
33956
34052
34149
34247
34345
34445
34546
34649
34751
34855
34958
35062
35167
35272
35377
35483
35588
35693
35799
35905
36012
36121
36237
39176
39265
39357
39451
39546
39642
39739
39835
39931
40027
40123
40217
40311
40404
40495
40584
40672
40760
40846
40931
41016
41099
41182
41265
41347
41429
41511
41592
41673
41753
41833
41913
41992
42071
42150
42229
42307
42386
42464
42543
42622
42701
42781
42861
42942
43023
43106
43191
43277
43365
43457
43550
43645
43745
43848
43946
44426
44521
44619
44720
44819
44918
45016
45116
45215
45313
45412
45511
45610
45708
45807
45906
46005
46104
46203
46303
46403
46504
46606
46708
46811
46914
47018
47121
47225
47329
47434
47539
47644
47750
47856
47962
48067
48173
48277
48380
48482
48583
48685
48786
48886
48987
49089
49191
49293
49396
49499
49603
49707
49816
49933
51082
51169
51274
51380
51488
51597
51706
51816
51926
52036
52146
52256
52366
52473
52581
52686
52792
52896
53000
53102
53205
53310
53414
57237
57330
57427
57526
57625
57725
57824
57924
58023
60466
60563
60661
60761
60863
60965
61068
61172
61278
61382
61488
61593
61698
61804
61910
62017
62125
62232
62341
62451
62560
62670
62782
62893
63005
63118
63231
63344
63458
63571
63685
63800
63914
64030
64145
64260
64375
64490
64605
64720
64836
64950
65066
65181
65296
65410
65524
65639
65754
65868
65981
66097
66210
66325
66437
66551
66666
66779
66892
67005
67120
67233
67346
67464
67566
