2206
2291
2384
2476
2565
2655
2744
2835
2928
3023
3123
5949
6020
6091
6159
6224
6289
6352
6415
6477
6539
6601
6661
6722
6782
6842
6902
6962
7022
7082
7141
7201
7261
7321
7381
7441
7501
7560
7620
7679
7738
7796
7855
7914
7973
8032
8090
8150
8208
8267
8326
8385
8444
8503
8562
8620
8679
8738
8797
8856
8916
8976
9040
9113
10653
10713
10776
10837
10898
10960
11021
11083
11145
11208
11272
11337
11404
11472
11543
13629
13692
13760
13826
13892
13958
14024
14091
14159
14228
14298
14369
14439
14510
14582
14654
14727
14800
14873
14946
15020
15094
15168
15244
15320
15398
15481
15567
15660
15770
18490
18560
18632
18702
18773
18843
18914
18985
19057
19130
19204
19281
19361
21870
21947
22026
22105
22186
22269
22354
22441
22530
22620
22711
22804
22897
22993
23090
23189
23289
23391
23495
23601
23709
23819
23930
24043
24159
24275
24394
24514
24635
24757
24880
25004
25131
25258
25385
25512
25640
25768
25898
26027
26157
26286
26414
26541
26669
26794
26919
27042
27166
27288
27409
27528
27646
27763
27878
27992
28104
28216
28326
28436
28544
28652
28759
28866
28972
29078
29185
29293
29403
29514
29626
29746
32029
32111
32202
32292
32381
32471
32563
32654
32745
32838
32930
33022
33114
33207
33300
33393
33486
33579
33672
33764
33856
33948
34039
34130
34221
34311
34402
34493
34583
34674
34765
34856
34946
35037
35127
35217
35306
35396
35486
35577
35668
35759
35850
35942
36035
36128
36221
36314
36409
36509
36611
36715
36821
36926
37030
37130
37227
37320
37412
37502
37593
37683
37773
37863
37953
38044
38135
38226
38317
38408
38499
38589
38680
38770
38860
38950
39040
39130
39220
39310
39399
39488
39577
39666
39754
39844
39934
40023
40113
40202
40291
40382
40471
40560
40648
40738
40831
40931
41038
41163
42063
42143
42242
42340
42437
42533
42630
42728
42826
42924
43021
43119
43216
43314
43412
43511
43610
43711
43811
43911
44012
44113
44214
44315
44416
44518
44621
44727
44842
48048
48130
48224
48318
48410
48502
48594
48687
48780
48873
48968
49064
49162
49261
49358
49456
49552
49647
49741
49834
49927
50019
50115
50207
50300
50394
50488
50582
50675
50770
50866
50961
51055
51152
51250
51348
51447
51547
51649
51754
51862
51974
52090
52210
52334
52463
52596
52733
52874
53017
53163
53313
53464
53617
53773
53931
54091
54252
54413
54574
54735
54897
55062
55228
55395
55561
55726
55893
56061
56229
56398
56566
56734
56900
57069
57238
57410
57585
57754
