2379
2470
2563
2657
2753
5425
5484
5544
5604
5663
5722
5781
5840
5898
5957
6016
6074
6133
6191
6249
6308
6366
6424
6482
6540
6598
6657
6715
6774
6832
6892
6952
7013
7076
7141
7194
8819
8886
8955
9026
9100
9178
10988
11067
11150
11234
11324
11416
11512
11614
11724
11841
11995
12390
14825
14922
15025
15130
15239
15355
18653
18773
18900
19029
19162
19300
19442
19587
19736
19886
20040
20195
20354
20513
20671
20828
20987
21148
21310
21472
21633
21793
21951
22106
22260
22410
22557
22700
22840
22977
23110
23240
23368
23494
23618
23739
23859
23978
24096
24214
24329
24444
24558
24671
24781
24893
25004
25114
25225
25336
25447
25559
25671
25780
25889
25996
26103
26209
26316
26425
26539
26668
29245
29342
29449
29556
29664
29773
29882
29994
30106
30220
30336
30455
30575
30696
30818
30937
31055
31174
31292
31411
31530
31649
31769
31890
32012
32137
32266
32397
32534
32679
33797
33907
34023
34138
34252
34366
34480
34594
34707
34820
34932
35044
35155
35266
35376
35485
35594
35703
35811
35919
36027
36135
36243
36350
36458
36565
36672
36779
36888
36997
37108
37221
37337
37457
37580
37705
37831
37955
38078
38198
38316
38433
38547
38661
38773
38886
38998
39112
39225
39340
39456
39572
39691
39811
39935
43539
43631
43737
43845
43953
44061
44172
44285
44399
44513
44672
45970
46080
46194
46313
46436
46561
46687
46815
46945
47078
47214
47352
47494
47638
47785
47933
48083
48236
48389
48543
48699
48856
49013
49171
49329
49488
49648
49808
49968
50130
50292
50456
50621
50787
50952
51117
51281
51447
51612
51778
51941
52108
52274
52451
