757
888
1019
1147
1295
1425
1589
1728
1892
2052
2217
2380
2546
2716
2892
3056
3212
3358
3515
3673
3831
3992
4150
4305
4460
4616
4775
7597
7834
7884
7997
8123
8250
8376
8503
8628
8753
8876
9000
9122
9244
9365
9485
9605
9724
9843
9961
10078
10196
10313
10430
10546
10662
10778
10894
11010
11125
11241
11358
11475
11594
11716
11842
11971
13936
14070
14213
14359
14507
14659
14818
14997
17726
17811
17878
18000
18126
18250
18375
18497
18620
18740
18864
18973
19100
19201
19331
19436
19572
22392
22474
22580
22693
22805
22918
23030
23143
23257
23372
23489
23609
23733
23862
23997
26444
26566
26697
26830
26966
27106
27250
27398
27551
27706
27865
28030
28200
28376
28555
28737
28925
29114
29305
29499
29697
29896
30096
30296
30489
30690
30888
31088
31279
31482
31679
31874
32066
32250
32448
32636
32833
33012
33206
33381
33574
33750
33944
34121
34311
34495
34684
34869
35057
35248
35439
35635
35833
36033
36236
36440
36644
36846
37044
37238
37429
37613
37794
37976
38160
38347
41503
41644
41782
41924
42069
42214
42358
42501
42645
42788
42930
43073
43215
43358
43501
43643
43784
43924
44065
44206
44347
44490
44632
44775
44919
45064
45209
45354
45500
45646
45793
45940
46089
46238
46390
46546
46706
46873
47046
47217
47382
47551
47722
47892
48058
48223
48389
48555
48725
48896
49070
49245
49420
49596
49773
49951
50132
50315
50499
50689
50881
51072
51261
51448
51635
51822
52009
52195
52377
52559
52737
52911
53087
53262
53440
53622
53807
53995
54190
54742
54908
55079
55255
55433
55614
55795
55977
56160
56337
56508
56676
56840
57004
57167
57333
57504
61666
61797
61959
62118
62280
62449
62625
62806
64308
64470
64633
64800
64970
65140
65313
65487
65662
65838
66021
66211
66407
66599
66792
66990
67195
67412
67594
68013
68274
68410
68677
68815
69054
69278
69503
69739
69965
70187
70412
70625
70832
71045
71261
71484
