2417
2542
2678
2812
2948
3086
3226
3371
3526
6429
6513
6613
6718
6820
6922
7024
7125
7227
7329
7431
7533
7636
7740
7843
7944
8046
8147
8248
8349
8450
8551
8652
8753
8856
8961
9068
9181
11184
11284
11405
11535
11667
11801
11942
12093
14500
14609
14735
14876
15019
15163
15310
15459
15613
15776
15885
16343
19397
19528
19681
19842
22632
22731
22846
22964
23080
23195
23310
23426
23542
23657
23772
23888
24004
24121
24239
24359
24480
24603
24728
24854
24985
25118
25257
25399
25546
25698
25853
26013
26177
26347
26519
26693
26870
27049
27231
27412
27594
27779
27963
28146
28324
28494
28662
28829
28993
29154
29314
29475
29636
29794
29950
30105
30262
30421
30580
33186
33327
33482
33637
33792
33950
34110
34273
34438
34601
34764
34927
35090
35253
35417
35582
35751
35926
36113
36760
36904
37057
37209
37355
37497
37639
37778
37917
38055
38193
38331
38470
38610
38753
38898
39046
39198
39352
39509
39666
39828
39996
40171
41551
41705
41883
42072
42263
42456
42650
42844
43033
43218
43401
43583
43763
43943
44118
47394
47536
47691
47850
48014
48189
50002
50134
50282
50431
50576
50720
50864
51008
51152
51297
51443
51590
51739
51889
52043
52199
52357
52518
52685
52857
53033
53215
53401
53592
53786
53983
54178
54376
54574
54776
54979
55181
55382
55584
55786
55981
