13484
13605
13749
13897
14041
14185
14330
14479
14635
14807
18079
18165
18277
18383
18489
18592
18695
18796
18897
18997
19096
19195
19293
19391
19488
19585
19681
19778
19874
19971
20067
20162
20257
20352
20447
20541
20636
20731
20827
20924
21021
21120
21222
21326
21431
23374
23470
23577
23689
23806
23928
24064
26134
26236
26352
26468
26587
26708
26829
26952
27077
27206
27364
29624
29731
29864
30001
30141
30291
30460
33514
33621
33759
33897
34039
34183
34330
34479
34632
34788
34946
35108
35271
35437
35603
35770
35940
36112
36284
36457
36630
36804
36976
37147
37317
37488
37656
37824
37990
38154
38314
38472
38627
38783
38938
39092
39246
39399
39552
39704
39857
40010
40162
40314
40466
40617
40768
40920
41074
41229
41385
41545
41712
41892
44416
44525
44649
44777
44908
45040
45172
45303
45434
45566
45697
45827
45958
46089
46222
46357
46493
46629
46767
46905
47042
47179
47316
47453
47591
47730
47870
48011
48154
48300
48450
48605
48752
48894
49037
49177
49317
49456
49595
49734
49873
50013
50152
50292
50430
50568
50708
50849
50988
51129
51269
51410
51551
51692
51833
51975
52115
52257
52402
52556
52725
54198
54328
54466
54607
54750
54894
55038
55183
55328
55476
55633
55799
59025
59145
59280
59418
59560
59706
59857
60019
61970
62098
62229
62359
62491
62625
62761
62902
63046
63192
63342
63496
63657
63826
64002
64188
64386
64593
64809
65032
65263
65496
65734
65980
66229
66484
66743
67003
67266
67533
67804
68077
68343
68613
68877
69138
69400
69672
69953
70232
70547
