9026
9178
9340
9506
9678
9860
13312
13437
13557
13678
13795
13913
14029
14145
14260
14375
14488
14601
14712
14824
14934
15044
15154
15264
15373
15482
15591
15700
15808
15916
16023
16131
16238
16345
16453
16563
16678
16795
18682
18799
18921
19049
19183
19323
19479
21526
21626
21756
21885
22015
22147
22280
22415
22553
22699
22816
24710
24836
24976
25118
25263
25412
25567
25735
28643
28742
28874
29003
29135
29268
29403
29539
29676
29814
29954
30095
30239
30385
30532
30681
30833
30987
31144
31307
31473
31644
31819
31998
32183
32372
32563
32759
32953
33147
33339
33531
33725
33919
34110
34302
34494
34683
34868
35050
35227
35401
35575
35749
35922
36094
36269
36444
36622
36804
36987
37173
37360
37547
37734
37919
38104
38287
38470
38651
38834
39016
39198
39383
39572
39790
42282
42410
42550
42688
42828
42968
43109
43251
43394
43538
43681
43824
43967
44111
44254
44397
44541
44686
44832
44978
45126
45274
45423
45572
45721
45871
46021
46171
46322
46473
46625
46781
46941
47098
47256
47403
47554
47703
47852
48002
48153
48305
48458
48611
48764
48918
49071
49224
49377
49530
49683
49836
49990
50148
50309
50474
50646
50822
51009
51166
51329
51500
51672
51854
52010
52174
52339
52506
52673
52844
53018
53193
53369
53544
53719
53898
54083
54303
57696
57855
58014
58180
58351
58528
58722
60372
60521
60670
60820
60970
61119
61268
61419
61572
61727
61884
62045
62209
62378
62551
62727
62908
63093
63283
63478
63679
63882
64094
64313
64540
64774
65012
65254
65499
65743
65991
66233
66474
66719
66965
67210
67455
67700
67937
68184
68426
68674
68926
69189
69416
