2548
2699
2853
3009
3166
3324
3485
3648
3800
3942
4090
4244
4401
4561
4719
4872
5028
7651
7849
7913
8031
8152
8273
8394
8515
8636
8756
8876
8995
9113
9230
9347
9464
9580
9696
9813
9929
10045
10160
10276
10390
10505
10620
10734
10849
10964
11080
11198
12947
13077
13213
13354
13497
13644
13796
13957
16603
16701
16816
16934
17051
17168
17283
17396
17508
17618
17727
17835
17953
18068
20934
21040
21154
21269
21385
21505
21627
21755
21887
25243
25368
25497
25628
25763
25904
26049
26201
26357
26521
26688
26863
27045
27228
27421
27616
27814
28014
28214
28415
28617
28821
29022
29223
29413
29613
29797
29993
30180
30366
30547
30727
30907
31084
31266
31444
31619
31795
31969
32143
32316
32488
32660
32831
33000
33166
33334
33503
33672
33844
34019
34196
34380
34569
34762
34957
35146
35337
35525
35714
35901
36088
36272
36458
36641
39866
39993
40132
40270
40409
40549
40689
40828
40968
41107
41246
41384
41521
41659
41797
41931
42068
42205
42342
42478
42615
42751
42887
43024
43160
43297
43435
43574
43714
43856
44003
44154
44311
44471
44631
44793
45570
45716
45864
46014
46167
46323
46482
46643
46807
46973
47141
47313
47486
47664
47841
48023
48204
48386
48563
48736
48907
49077
49246
49412
49578
49744
49910
50081
50257
50439
50621
50805
50985
51156
51319
51485
51648
51814
51981
52151
52321
52495
52672
52846
53020
53192
53363
53535
57785
57860
58011
58166
58327
58492
58660
58833
59012
59192
60628
60789
60951
61115
61280
61448
61617
61793
61963
62137
62316
62499
62689
62870
63075
63248
63479
63655
63884
64047
64282
64441
64651
64872
65065
65313
65479
65719
65897
66138
66322
66566
66762
66999
67203
67435
67654
67880
68097
68318
68539
68769
