8228
8306
8404
8496
8588
8681
8775
8868
8964
9061
9160
9261
9365
9470
12150
12225
12303
12379
12454
12529
12602
12676
12750
12823
12898
12972
13047
13123
13200
13276
13352
13426
13500
13574
13647
13718
13789
13858
13927
13994
14061
14126
14191
14255
14320
14383
14445
14509
14570
14633
14694
14760
15894
15956
16019
18529
18604
18684
18765
18847
18930
19014
19100
19186
19273
19365
19463
19567
19684
19842
20204
22752
22847
22944
23042
23143
23246
23351
23461
26372
26465
26560
26657
26754
26851
26949
27047
27146
27246
27347
27448
27552
27655
27760
27865
27971
28078
28185
28294
28403
28513
28624
28736
28849
28961
29074
29187
29301
29414
29528
29643
29757
29872
29986
30101
30216
30331
30446
30561
30676
30789
30903
31015
31128
31241
31353
31464
31575
31685
31795
31904
32014
32123
32232
32340
32448
32557
32665
32773
32882
32991
33100
33211
33322
33430
33538
33647
33755
33863
33972
34081
34193
34307
34427
36977
37065
37155
37246
37337
37428
37519
37611
37704
37796
37888
37981
38075
38169
38263
38358
38452
38547
38642
38737
38833
38929
39024
39120
39216
39311
39408
39504
39601
39698
39796
39895
39995
40095
40197
40300
40404
40510
40616
40723
40831
40940
41049
41158
41268
41376
41483
41587
41690
41791
41890
41988
42087
42185
42284
42384
42484
42584
42684
42784
42884
42985
43086
43187
43288
43388
43489
43590
43690
43791
43892
43992
44093
44194
44294
44394
44494
44594
44694
44794
44894
44994
45093
45194
45296
45399
45503
45611
45721
45833
45948
46065
46184
46306
46435
46554
46666
46778
46888
46996
47102
47206
47310
47415
47524
47632
47741
47851
47960
48069
48178
48287
48396
48506
48616
48727
48838
48950
49063
49179
52214
52306
52407
52509
52613
52717
52821
52925
54623
54722
54827
54934
55043
55154
55268
55385
55503
55624
55747
55871
55997
56125
56255
56386
56518
56652
56787
56924
57061
57199
57338
57479
57620
57762
57905
58049
58195
58343
58491
58641
58791
58942
59095
59248
59401
59553
59705
59857
60009
60164
60321
60477
60634
