9869
10021
10192
10368
10545
10717
10902
11091
11283
11487
11715
14280
14412
14551
14684
14813
14942
15067
15190
15310
15429
15544
15657
15769
15878
15986
16092
16196
16300
16403
16505
16606
16708
16812
16916
17022
17134
18061
18153
18272
18395
18524
18660
18805
18958
21015
21164
21318
21477
21638
21801
21965
22141
24378
24505
24656
24813
24977
25166
28941
29078
29216
29358
29500
29645
29794
29947
30102
30262
30425
30592
30764
30940
31119
31303
31492
31687
31885
32087
32291
32498
32708
32918
33127
33338
33548
33761
33980
34194
34414
34637
34862
35088
35311
35534
35752
35969
36183
36398
36615
36830
37043
37254
40110
40272
40432
40591
40747
40903
41055
41206
41353
41497
41640
41782
41923
42061
42201
42342
42485
42630
42778
42929
43082
43238
43398
43560
43726
43898
44074
44248
44418
44586
44755
44923
45092
45262
45431
45601
45772
45942
46112
46283
46454
46626
46798
46968
47141
47316
47498
47695
47904
48114
48310
48501
48692
48879
49065
49256
49451
49649
49849
50052
50262
50480
50736
53954
54120
54302
54493
54691
54895
55101
56968
57104
57249
57401
57554
57708
57862
58018
58176
58337
58501
58666
58836
59010
59191
59378
59568
59763
59960
60162
60371
60585
60807
61042
61285
61531
61780
62044
62324
62623
62873
63146
63395
63651
63902
64164
64421
