2147
2240
2357
2465
2573
2686
2801
2916
3037
3167
5968
6048
6143
6239
6336
6434
6532
6632
6731
6832
6932
7031
7130
7229
7328
7427
7525
7625
7724
7823
7921
8020
8119
8218
8318
8420
8527
10112
10211
10312
10419
10532
10652
13161
13253
13347
13443
13542
13641
13741
13844
13950
14063
14190
14350
14604
14993
17858
17963
18072
18183
18297
18413
18530
18652
18780
21442
21523
21625
21732
21843
21956
22072
22189
22305
22422
22540
22660
22783
22909
23037
23170
23304
23442
23582
23725
23870
24018
24171
24329
24491
24661
24836
25018
25206
25398
25590
25783
25969
26154
26338
26522
26704
26885
27064
27241
27419
27595
27770
27944
28117
28287
28455
28625
28791
28954
29115
29275
29434
29592
29759
32769
32875
32985
33101
33218
33338
33458
33580
33703
33825
33947
34070
34189
34309
34429
34550
34671
34792
34914
35036
35158
35282
35407
35535
35667
35803
35943
36086
36233
36374
36516
37156
37258
37376
37498
37622
37747
37873
38000
38128
38256
38385
38513
38642
38771
38900
39029
39159
39290
39421
39554
39687
39820
39954
40087
40223
40368
40520
40674
40826
40976
41121
41260
41394
41527
41653
41782
41911
42042
42175
42311
42448
42586
42724
42861
43000
43143
43291
46232
46351
46476
46605
46737
46873
47011
47156
49120
49241
49361
49483
49606
49732
49861
49994
50131
50270
50413
50561
50713
50870
51033
51200
51372
51549
51729
51914
52102
52294
52489
52684
52884
53087
53289
53490
53695
53902
54110
54317
54528
54741
54954
55164
55381
