2334
2428
2540
2650
2754
2857
2962
3066
3171
3276
3382
3490
3599
3712
3832
3956
6856
6931
7013
7093
7171
7248
7323
7399
7473
7547
7621
7695
7768
7842
7915
7988
8062
8135
8209
8283
8357
8432
8506
8581
8656
8731
8808
8884
8962
9040
9118
9198
9278
9360
9443
9527
9612
9699
9788
9878
9971
10066
10163
10260
10359
10458
10560
10668
12161
12252
12345
12439
12535
12633
12732
12833
12934
13039
13153
15261
15338
15417
15497
15578
15661
15744
15826
15909
15992
16075
16161
16247
16334
16424
16513
16607
16709
16840
20078
20159
20256
20354
20452
20551
20651
20753
20856
20963
21077
21209
23719
23798
23885
23971
24057
24143
24229
24315
24401
24487
24574
24660
24746
24832
24918
25004
25090
25176
25263
25350
25437
25525
25613
25703
25795
25887
25981
26076
26172
26270
26370
26471
26574
26678
26783
26890
26997
27106
27215
27324
27433
27544
27656
27769
27886
28004
28124
28245
28366
28490
28615
28742
28869
28996
29122
29250
29377
29505
29634
29763
29893
30024
30154
30283
30408
30533
30659
30784
30910
31033
31156
31277
31396
31514
31632
31752
31869
31986
32103
32220
32335
32451
32568
32688
32818
32962
35274
35347
35437
35526
35614
35702
35792
35882
35972
36062
36152
36242
36334
36426
36519
36612
36706
36801
36896
36991
37087
37183
37280
37377
37475
37574
37673
37772
37872
37973
38076
38178
38281
38384
38488
38592
38697
38802
38909
39016
39125
39233
39343
39453
39562
39673
39784
39895
40006
40116
40228
40342
40460
40584
40709
40834
40965
41082
41199
41310
41416
41523
41630
41738
41847
41956
42065
42174
42282
42390
42499
42607
42715
42824
42934
43044
43154
43264
43374
43484
43594
43705
43816
43927
44038
44149
44259
44370
44480
44589
44698
44807
44919
45035
45161
46302
46392
46484
46576
46668
46760
46853
46944
47035
47125
47215
47305
47395
47485
47576
47667
47759
47853
47947
48042
48137
48234
48332
48431
48534
48639
48748
48862
52976
53067
53169
53270
53374
53478
53584
53690
53798
53908
54019
54132
54246
54361
54478
54592
56098
56186
56272
56357
56443
56530
56619
56707
56795
56881
56966
57051
57134
57218
57302
57386
57469
57553
57635
57719
57802
57885
57969
58052
58136
58220
58305
58390
58477
58564
58652
58743
58834
58927
59021
59118
59217
59318
59421
59528
59637
59749
59864
59985
60110
60241
60376
60516
60659
60801
60944
61086
61228
61372
61517
61663
61806
61949
62094
62240
62386
62533
62682
62833
62986
63142
63296
63445
