11017
11101
11182
11264
11345
11426
11507
11590
11673
11759
11849
11943
14382
14444
14508
14572
14635
14699
14762
14826
14890
14954
15019
15083
15148
15213
15278
15344
15409
15475
15540
15606
15672
15738
15805
15871
15938
16005
16073
16141
16210
16280
16350
16422
16496
16569
20802
20872
20945
21020
21097
21177
21259
21346
21443
21551
21703
24500
24586
24674
24767
24862
27826
27907
27988
28072
28156
28241
28326
28413
28501
28589
28679
28771
28863
28957
29053
29150
29250
29352
29456
29564
29673
29785
29899
30016
30136
30258
30383
30511
30642
30774
30909
31045
31182
31319
31458
31599
31740
31882
32024
32168
32311
32452
32592
32736
32876
33019
33151
33283
33411
33539
33665
33791
33916
34037
34156
34274
34390
34506
34620
34734
34847
34959
35071
35184
35295
35405
35514
35624
35733
35842
35951
36061
36169
36278
36388
36498
36608
36719
36833
39061
39135
39221
39308
39396
39485
39574
39664
39755
39845
39936
40028
40119
40212
40304
40398
40493
40588
40682
40778
40874
40970
41067
41164
41262
41359
41457
41556
41654
41754
41853
41953
42054
42155
42256
42359
42462
42566
42670
42772
42872
42969
43066
43164
43261
43358
43456
43553
43650
43747
43845
43942
44039
44137
44235
44332
44430
44527
44625
44722
44820
44917
45015
45113
45211
45309
45408
45507
45608
45711
45815
45923
46034
46150
47070
47159
47258
47358
47460
47564
47669
47776
47884
47994
48104
48216
48330
48452
54038
54131
54224
54318
54412
54507
54603
54702
54802
54906
55012
55121
55234
55352
55474
55601
55733
55870
56010
56156
56306
56459
56619
56779
56944
57110
57282
57453
57630
57807
57985
58151
58331
58493
58657
58823
58998
59144
59300
59441
59569
59718
59855
60003
60140
