13373
13491
13639
13789
13937
14084
14235
14392
14562
17835
17912
18025
18134
18242
18349
18456
18561
18667
18771
18875
18978
19080
19181
19282
19381
19480
19578
19675
19772
19868
19964
20060
20156
20252
20347
20443
20539
20636
20732
20830
20927
21025
21124
21224
21334
21445
23035
23129
23234
23340
23448
23559
23674
23795
23926
24066
25921
25999
26113
26231
26350
26472
26595
26721
26848
26979
27115
27278
29302
29393
29524
29657
29792
29929
30070
30220
30383
30567
33406
33497
33634
33773
33916
34061
34212
34366
34526
34691
34858
35031
35209
35398
35596
35806
36024
36248
36477
36708
36945
37184
37427
37668
37908
38149
38384
38617
38847
39070
39287
39497
39700
39898
40092
40281
40464
40644
40820
40993
41164
41332
41499
41667
41835
42005
42179
42353
42527
42703
42882
43063
43246
43431
43618
43805
43991
44174
44354
44534
44717
44900
45108
47650
47738
47864
47997
48130
48266
48403
48543
48684
48825
48966
49105
49244
49381
49516
49654
49792
49931
50070
50210
50350
50489
50629
50768
50907
51047
51187
51327
51469
51611
51755
51900
52049
52205
52359
52511
52655
52800
52944
53088
53231
53372
53511
53650
53789
53929
54069
54209
54349
54489
54629
54770
54912
55054
55196
55339
55482
55626
55773
55931
56101
56287
57566
57694
57838
57982
58128
58275
58422
58570
58721
58874
59034
59203
59382
59571
62873
63006
63147
63291
63440
63593
63753
63924
64106
64295
64487
64853
65021
65183
65342
65494
65640
65782
65920
66058
66195
66333
66471
66612
66753
66898
67046
67197
67352
67514
67683
67862
68057
68265
68486
68714
68952
69191
69436
69692
69954
70226
70498
70769
71040
71315
71592
71870
72142
72420
72694
72972
73254
73547
73861
74169
