2241
2319
2426
2508
2601
2693
2784
2876
2967
3060
3153
3246
3340
3437
3534
3634
3737
7995
8068
8146
8225
8303
8380
8457
8534
8611
8687
8764
8840
8916
8993
9069
9145
9221
9297
9372
9448
9522
9597
9671
9745
9819
9894
9968
10042
10116
10189
10264
10338
10411
10485
10558
10631
10704
10777
10849
10921
10993
11066
11138
11210
11282
11353
11425
11495
11566
11636
11705
11774
11843
11911
11979
12047
12114
12181
12247
12313
12380
12446
12512
12578
12645
12711
12778
12845
12919
14957
15020
15084
15149
15215
15282
15352
18319
18401
18486
18573
18660
18747
18835
18923
19013
19107
19188
19359
19536
19770
23029
23109
23190
23272
23356
23441
23528
26786
26874
26963
27054
27147
27240
27333
27428
27523
27619
27716
27815
27915
28016
28118
28219
28322
28424
28528
28632
28737
28843
28950
29057
29164
29272
29379
29487
29596
29705
29815
29924
30033
30143
30252
30362
30470
30581
30693
30804
30917
31029
31142
31254
31368
31479
31592
31704
31815
31927
32037
32149
32261
32372
32486
32594
32706
32814
32923
33030
33133
33315
33969
34034
34408
34525
35233
35432
35531
35628
35726
35825
35925
36025
36126
36227
36330
36432
36535
36638
36742
36846
36951
37055
37158
37262
37366
37468
37571
37674
37778
37883
40865
40948
41033
41119
41206
41293
41382
41470
41560
41649
41739
41829
41918
42007
42096
42184
42273
42360
42449
42537
42624
42711
42797
42884
42971
43057
43143
43229
43315
43400
43486
43571
43656
43741
43825
43908
43991
44074
44156
44238
44319
44400
44480
44561
44642
44722
44802
44883
44963
45044
45125
45208
45291
45376
45463
46687
46774
46863
46954
47046
47139
47233
47328
47423
47520
47617
47714
47812
47911
48011
48111
48211
48312
48413
48514
48616
48717
48819
48920
49022
49124
49225
49326
49427
49528
49629
49731
49832
49933
50034
50134
50235
50336
50436
50537
50638
50738
50840
50944
51050
52685
52775
52874
52973
53074
53176
53277
53379
53481
53583
53686
53787
53889
53989
54089
54189
54287
54387
54486
54585
54684
58075
58155
58246
58339
58434
58529
58626
58724
58818
61382
61474
61569
61663
61759
61855
61952
62049
62148
62247
62348
62450
62553
62656
62761
62865
62972
63078
63185
63293
63403
63508
63620
63724
63840
63941
64058
64158
64278
64378
64500
64599
64722
64821
64951
65041
65171
65266
65399
65490
65611
65722
65842
65947
66068
66178
66298
66417
66539
66661
66779
66899
67018
67138
67257
67376
67497
67613
67729
67831
