2166
2285
2413
2519
2631
2742
2854
2967
3080
3196
3320
3453
6253
6335
6423
6513
6603
6693
6785
6877
6971
7065
7160
7254
7349
7443
7536
7628
7719
7811
7903
7995
8085
8175
8265
8354
8444
8534
8625
8716
8807
8900
8998
10581
10665
10757
10853
10953
11060
13211
13286
13375
13464
13554
13643
13733
13826
13921
14025
14127
14251
14333
14549
14648
16823
16920
17021
17125
17231
17339
17451
17570
20266
20352
20445
20540
20638
20735
20834
20934
21036
21138
21242
21347
21453
21560
21668
21777
21888
22002
22118
22238
22361
22487
22617
22750
22889
23032
23179
23333
23493
23660
23833
24009
24190
24376
24563
24747
24931
25117
25303
25488
25672
25857
26039
26217
26394
26571
26747
26922
27097
27269
27438
27605
27768
27929
28086
28239
28390
28539
28686
28833
28985
29149
31601
31702
31806
31914
32025
32137
32251
32364
32476
32590
32703
32815
32926
33038
33148
33258
33369
33480
33592
33705
33819
33933
34049
34166
34284
34406
34532
34660
34790
34921
35050
35179
35308
35433
35554
35672
35778
35889
36002
36114
36226
36340
36454
36569
36686
36802
36919
37037
37155
37275
37394
37514
37634
37755
37876
37998
38119
38239
38359
38480
38607
38741
38878
39017
39155
39292
39428
39558
39683
39803
39922
40038
40155
40273
40393
40515
40639
40765
40892
41019
41147
41276
41407
41542
41681
44386
44479
44595
44716
44841
44969
45100
45232
45369
47067
47189
47309
47426
47544
47661
47781
47901
48025
48150
48279
48411
48547
48686
48830
48977
49129
49285
49445
49609
49780
49956
50143
50335
50531
50730
50934
51141
51346
51553
51763
51975
52187
52392
52601
52815
53032
