2381
2479
2573
2666
2760
2854
2948
3043
3138
3234
3332
3432
3534
3637
3741
6461
6539
6621
6699
6777
6853
6928
7003
7077
7152
7226
7300
7375
7449
7523
7597
7671
7744
7817
7890
7962
8034
8104
8174
8243
8312
8379
8446
8512
8578
8643
8707
8771
8835
8898
8963
9026
9091
9155
9224
10453
10516
10586
10654
10740
10820
13015
13087
13164
13242
13322
13402
13483
13565
13648
13731
13814
13900
13989
14088
14198
14330
14505
14796
15134
17321
17416
17514
17616
17720
17828
17940
21165
21245
21340
21436
21532
21629
21729
21831
21935
22041
22149
22259
22371
22485
22601
22719
22839
22960
23084
23208
23336
23464
23594
23725
23858
23993
24129
24266
24405
24546
24686
24828
24972
25118
25264
25409
25555
25702
25848
25995
26142
26287
26433
26576
26717
26856
26994
27132
27265
27398
27527
27655
27778
27900
28019
28135
28249
28361
28471
28580
28688
28795
28902
29008
29115
29222
29331
29445
29560
29667
29774
29880
29985
30092
30200
30308
30418
30529
30641
30753
30866
30978
31090
31201
31313
31424
31536
31649
31762
31877
31996
32119
32248
34631
34726
34823
34921
35021
35123
35226
35330
35433
35538
35643
35749
35856
35964
36073
36182
36293
36403
36514
36625
36736
36848
36960
37072
37182
37292
37401
37511
37622
37733
37846
37960
38076
38194
38315
38438
38560
38681
38801
38920
39038
39157
39276
39394
39512
39627
39738
39847
39952
40054
40154
40253
40352
40451
40550
40649
40750
40851
40951
41052
41153
41253
41353
41452
41552
41650
41748
41846
41943
42041
42138
42234
42331
42427
42523
42618
42714
42809
42904
43000
43095
43190
43285
43380
43476
43573
43673
43774
43880
43990
44104
44223
44336
44459
44567
44676
44783
44888
44991
45093
45195
45296
45399
45503
45608
45715
45824
45934
46043
46153
46263
46372
46481
46592
46703
46814
46928
47045
47166
47295
50297
50395
50494
50594
50696
50799
50904
53227
53332
53442
53554
53667
53782
53901
54023
54148
54275
54404
54534
54665
54800
54936
55074
55212
55352
55494
55637
55781
55926
56072
56219
56365
56511
56658
56805
56954
57103
57254
57405
57562
57728
57898
58078
58265
58459
58657
58862
59065
59259
59445
59613
59774
59935
60080
