7886
7980
8074
8169
8264
8360
8456
8551
8647
8744
8842
8941
9040
9142
9245
9352
9461
9574
13733
13813
13897
13981
14065
14148
14232
14316
14398
14479
14561
14643
14724
14805
14885
14967
15048
15129
15209
15289
15368
15447
15525
15602
15679
15756
15832
15907
15982
16057
16131
16205
16279
16352
16425
16498
16571
16643
16715
16787
16858
16928
16999
17069
17138
17208
17278
17346
17415
17484
17552
17620
17688
17756
17824
17891
17959
18026
18093
18160
18227
18294
18361
18428
18495
18562
18629
18697
18765
18833
18902
21145
21217
21295
21374
21454
21534
21616
21702
21792
24524
24602
24684
24766
24848
24931
25013
25096
25178
25261
25343
25426
25508
25591
25672
25755
25840
25928
26023
26089
26280
26489
29663
29739
29816
29893
29971
30048
30125
30202
30280
30357
30436
30515
30596
30679
30765
30855
33828
33908
33989
34071
34154
34238
34323
34409
34497
34586
34676
34766
34859
34953
35047
35143
35240
35337
35436
35535
35636
35738
35841
35945
36050
36156
36262
36369
36477
36585
36694
36805
36914
37024
37135
37246
37356
37468
37580
37692
37804
37916
38028
38139
38252
38363
38475
38587
38698
38810
38923
39036
39149
39262
39375
39487
39599
39710
39823
39934
40045
40156
40267
40377
40485
40592
40700
40805
40914
40994
41220
41384
41864
42030
42338
42425
42610
42710
42804
42899
42994
43090
43187
43284
43383
43482
43581
43681
43780
43881
43981
44082
44181
44282
44382
44483
44585
44687
44790
44896
45006
47968
48048
48130
48214
48297
48382
48466
48551
48636
48720
48804
48888
48972
49055
49138
49221
49303
49385
49467
49548
49630
49711
49793
49874
49956
50039
50121
50203
50285
50367
50448
50529
50609
50689
50769
50848
50927
51006
51085
51164
51242
51321
51399
51477
51555
51633
51711
51789
51868
51947
52027
52108
52189
52273
52359
52448
52539
52631
53437
53525
53619
53716
53812
53908
54003
54095
54189
54282
54376
54471
54567
54663
54759
54857
54954
55053
55152
55251
55351
55452
55553
55654
55755
55858
55960
56063
56165
56268
56371
56474
56578
56682
56788
56893
56998
57104
57211
57318
57426
57535
57644
57753
57862
57971
58079
58189
58297
58406
58516
58626
58734
58843
58951
59059
59167
59274
59381
59486
59593
59698
59803
59911
60028
61500
61581
61672
61764
61855
61947
62039
62132
62227
62321
62416
62511
62606
62701
62796
62891
62986
63081
63175
63270
63365
63461
63557
63655
63754
67467
67558
67654
67752
67851
67950
68051
70806
70890
70985
71080
71176
71273
71369
71464
71560
71657
71753
71850
71947
72044
72141
72239
72338
72436
72535
72635
72736
72837
72939
73042
73146
73249
73354
73459
73565
73671
73778
73886
73994
74102
74211
74321
74430
74541
74651
74763
74873
74985
75097
75209
75321
75433
75545
75657
75769
75882
75995
76108
76221
76334
76446
76560
76672
76786
76899
77012
77125
77239
77352
77465
77578
77690
77803
77916
78028
78140
78251
78363
78474
78585
