2174
2273
2400
2516
2632
2747
2865
2983
3102
3226
3357
3503
6310
6389
6483
6578
6674
6772
6870
6968
7067
7166
7265
7363
7461
7558
7655
7751
7848
7945
8042
8139
8236
8334
8431
8529
8626
8724
8822
8920
9017
9115
9213
9312
9411
9513
11091
11188
11292
11399
11511
11632
13959
14053
14146
14244
14345
14449
14557
14671
14801
14953
15314
17714
17806
17911
18018
18126
18235
18345
18457
18571
18688
18816
21374
21472
21574
21679
21787
21897
22011
22127
22245
22364
22486
22610
22736
22865
22998
23133
23271
23412
23556
23704
23857
24016
24183
24357
24536
24721
24910
25103
25296
25495
25698
25903
26103
26306
26505
26705
26905
27108
27315
27526
27743
27950
28174
28377
28581
28767
29052
29542
29656
29939
30350
30464
30697
30841
30993
31140
31284
31428
31571
31715
31860
32005
32156
32317
34813
34907
35010
35115
35222
35330
35440
35549
35659
35770
35880
35990
36099
36208
36317
36427
36536
36646
36757
36868
36981
37094
37208
37323
37439
37555
37673
37792
37914
38038
38166
38297
38432
38569
38702
38831
38953
39066
39181
39298
39412
39528
39645
39762
39880
39999
40117
40236
40355
40475
40593
40713
40833
40954
41075
41195
41316
41437
41558
41682
41810
41944
42083
42222
42365
42507
42647
42892
43011
43128
43245
43364
43486
43608
43732
43859
43988
44118
44248
44379
44513
44650
44795
47379
47474
47594
47717
47843
47971
48100
48232
48370
50033
50156
50277
50399
50521
50646
50775
50907
51043
51184
51330
51481
51637
51798
51962
52128
52299
52478
52661
52850
53041
53239
53442
53648
53861
54078
54298
54525
54751
54952
55177
55391
55607
55831
