8950
9037
9119
9204
9288
9372
9455
9538
9622
9705
9789
9874
9960
10048
10138
10231
12597
12660
12725
12789
12853
12916
12980
13042
13105
13168
13230
13293
13355
13417
13479
13541
13603
13665
13728
13790
13852
13914
13977
14039
14102
14166
14229
14293
14357
14421
14486
14551
14616
14692
15830
15888
15953
16020
16095
16166
18302
18376
18453
18533
18617
18703
18795
18896
19003
19126
19283
19447
21576
21656
21743
21832
21923
22016
22115
25021
25106
25195
25286
25377
25469
25562
25656
25751
25848
25945
26043
26142
26242
26343
26445
26546
26649
26751
26854
26957
27060
27163
27266
27369
27473
27577
27680
27784
27888
27993
28098
28202
28307
28411
28515
28619
28723
28826
28930
29034
29140
29245
29349
29453
29557
29662
29766
29871
29977
30082
30187
30292
30398
30503
30609
30715
30821
30926
31032
31138
31244
31351
31459
31567
31678
31801
34030
34105
34194
34284
34375
34466
34558
34651
34745
34839
34933
35027
35122
35218
35314
35410
35508
35605
35704
35803
35902
36001
36100
36200
36300
36400
36500
36600
36700
36800
36901
37002
37104
37207
37311
37417
37522
37622
37719
37815
37912
38009
38106
38203
38301
38398
38495
38593
38691
38789
38887
38986
39084
39183
39282
39382
39481
39581
39681
39781
39882
39984
40087
40192
40298
40405
40515
40629
41480
41565
41666
41770
41874
41980
42086
42193
42302
42411
42521
42632
42745
42859
42976
43100
48670
48766
48867
48971
49075
49182
49291
49402
49516
49633
49754
49877
50006
50137
50273
50411
50551
50693
50836
50980
51126
51274
51425
51579
51735
51899
52068
52243
52425
52631
52870
53133
53382
53627
53862
54102
