2465
2556
2652
2748
2845
2943
3044
3148
3257
5284
5352
5421
5490
5556
5621
5685
5748
5811
5874
5937
6000
6062
6126
6189
6253
6316
6381
6445
6510
6575
6639
6704
6769
6834
6899
6964
7030
7097
7165
7236
7308
7385
8801
8872
8950
9030
9110
9189
9269
9351
9439
9536
9647
11106
11179
11265
11357
11450
11543
11639
11738
11838
11937
12037
12138
12241
12345
12455
12571
14595
14692
14794
14897
15001
15107
15219
15342
17742
17843
17948
18053
18158
18264
18370
18478
18587
18697
18808
18919
19031
19144
19256
19369
19481
19592
19704
19815
19925
20035
20145
20255
20366
20476
20588
20700
20813
20926
21040
21155
21270
21387
21505
21624
21744
21865
21987
22112
22235
22360
22485
22611
22736
22862
22987
23111
23236
23360
23482
23605
23728
23853
23988
26191
26280
26386
26497
26609
26724
26840
26958
27077
27197
27319
27443
27572
27699
27825
27958
28088
28216
28342
28467
28592
28720
28849
28982
29118
29257
29402
29560
30208
30316
30431
30545
30658
30772
30885
30999
31113
31226
31340
31454
31568
31682
31796
31910
32025
32140
32255
32371
32487
32605
32724
32844
32965
33087
33211
33338
33471
33613
34651
34724
34834
34954
35075
35198
35323
35448
35576
35706
35843
35997
39299
39397
39519
39649
39783
39919
41579
41703
41826
41955
42091
42231
42372
42516
42663
42812
42964
43117
43271
43426
43583
43742
43899
44053
44204
44353
44498
44641
44781
44920
45058
45193
45328
45459
45589
45715
45838
45958
46075
46190
46304
46418
46532
46650
46773
