2217
2291
2385
2467
2555
2641
2727
2812
2898
2984
3071
3159
3251
3350
5760
5823
5887
5950
6014
6077
6140
6203
6267
6330
6394
6458
6523
6587
6652
6717
6782
6848
6914
6979
7046
7112
7179
7246
7313
7380
7447
7515
7583
7652
7721
7791
7861
7932
8004
8076
11800
11871
11947
12024
12103
12183
12266
12351
12438
12533
12644
12792
13163
13694
15465
15553
15646
15741
15839
15942
19071
19155
19242
19332
19423
19515
19607
19701
19795
19891
19987
20085
20184
20284
20385
20488
20592
20697
20804
20911
21020
21129
21239
21350
21462
21575
21687
21801
21914
22028
22142
22257
22371
22485
22600
22714
22828
22942
23056
23170
23284
23399
23514
23628
23740
23851
23961
24072
24182
24292
24402
24511
24621
24731
24840
24949
25058
25167
25275
25384
25492
25600
25709
25820
25931
26044
28441
28523
28612
28704
28796
28890
28984
29078
29173
29269
29365
29461
29557
29653
29750
29847
29945
30043
30142
30241
30340
30439
30538
30637
30735
30834
30933
31032
31130
31229
31328
31427
31526
31625
31725
31824
31925
32026
32128
32232
32338
32447
32556
32954
33039
33135
33231
33328
33426
33524
33622
33721
33820
33919
34019
34119
34220
34321
34423
34524
34625
34728
34830
34932
35035
35137
35240
35344
35447
35550
35654
35758
35861
35965
36069
36172
36275
36379
36484
36592
36701
36813
36927
37661
37748
37848
37949
38052
38155
38259
38364
38471
38580
38691
38804
38919
39038
45457
45554
45651
45750
45849
45949
46051
46156
46263
46373
46487
46605
46727
46854
46984
47119
47259
47403
47551
47703
47856
48011
48167
48327
48488
48655
48829
49007
49198
49404
49609
49813
50010
50197
50380
50561
50728
50898
51057
51208
51361
51510
