2391
2471
2574
2666
2763
2866
5590
5656
5726
5796
5866
5936
6006
6076
6147
6218
6289
6360
6430
6501
6573
6644
6715
6786
6857
6928
7000
7071
7142
7213
7284
7356
7428
7500
7574
7648
7725
7801
7886
12028
12110
12193
12278
12369
12468
12587
12775
15528
15622
15720
15821
19245
19329
19417
19508
19599
19690
19783
19877
19972
20070
20170
20273
20377
20482
20589
20697
20806
20917
21027
21140
21251
21364
21476
21589
21702
21817
21931
22046
22161
22277
22391
22507
22622
22738
22853
22968
23083
23199
23317
23432
23546
23661
23776
23891
24005
24120
24234
24349
24462
24572
24683
24794
24905
25017
25129
25238
25348
25457
25565
25671
25778
25885
25992
26099
26206
26313
26420
26529
26642
28517
28594
28686
28780
28875
28971
29069
29167
29267
29366
29466
29565
29663
29762
29861
29961
30060
30160
30261
30362
30464
30566
30668
30770
30873
30975
31078
31181
31283
31386
31489
31593
31695
31800
31904
32010
32115
32216
32316
32415
32515
32615
32717
32819
32922
33026
33129
33232
33336
33440
33544
33648
33752
33856
33960
34063
34167
34270
34373
34476
34579
34682
34786
34891
34998
35106
35216
36289
36372
36478
36585
36697
36812
36928
37046
37164
37283
37401
37519
37640
37762
43505
43593
43683
43771
43860
43949
44039
44130
44222
44316
44412
44509
44609
44712
44817
44926
45039
45157
45281
45411
45549
45693
45845
46000
46157
46322
46490
46662
46838
47021
47207
47396
47590
47782
47974
48163
48348
48529
48703
48867
49019
49174
