9303
9396
9484
9575
9666
9759
9852
9946
10043
10142
10245
10353
12766
12842
12919
12995
13071
13146
13222
13298
13374
13451
13529
13607
13686
13764
13842
13919
13996
14071
14146
14219
14292
14364
14435
14506
14575
14644
14713
14781
14849
14917
14983
15050
15117
15184
15251
15318
15384
15451
16505
16569
16639
16710
16783
16857
16933
17016
19430
19507
19589
19672
19756
19842
19928
20013
20099
20189
20289
20401
20547
21040
23568
23661
23758
23856
23956
24058
24165
24279
26987
27075
27165
27258
27353
27449
27545
27642
27741
27841
27942
28044
28147
28252
28358
28465
28574
28685
28797
28911
29026
29144
29263
29384
29506
29631
29757
29885
30013
30144
30275
30408
30541
30675
30809
30943
31077
31211
31347
31482
31617
31751
31885
32019
32152
32285
32415
32544
32672
32800
32925
33047
33170
33291
33411
33531
33652
33770
33887
34002
34115
34228
34340
34452
34565
34677
34788
34899
35009
35119
35228
35337
35447
35557
35667
35778
35891
36008
36131
38495
38579
38676
38775
38877
38980
39084
39190
39296
39402
39510
39617
39725
39835
39944
40055
40166
40279
40393
40504
40616
40727
40839
40951
41063
41175
41288
41401
41514
41628
41742
41857
41974
42090
42207
42324
42441
42558
42673
42788
42903
43015
43125
43232
43337
43439
43540
43640
43740
43840
43940
44040
44140
44240
44339
44440
44539
44639
44738
44838
44937
45037
45138
45237
45337
45438
45537
45637
45736
45836
45935
46035
46134
46234
46333
46433
46532
46632
46732
46832
46934
47037
47140
47245
47351
47457
47565
47673
47781
47888
47993
48096
48198
48300
48403
48507
48612
48718
48826
48934
49044
49154
49265
49375
49486
49597
49709
49821
49934
50049
50166
50285
50411
53509
53613
53717
53822
53927
54035
54144
54253
54363
54475
56439
56549
56660
56773
56889
57009
57129
57251
57376
57502
57631
57763
57898
58036
58177
58320
58467
58615
58765
58917
59070
59228
59386
59546
59711
59874
60040
60206
60378
60553
60733
60918
61120
61321
61536
61742
61960
62179
62511
