2258
2391
2571
2691
2872
3025
3207
3367
3545
3720
3896
4050
4205
4363
4522
4684
4848
5013
5178
5351
8055
8251
8366
8492
8619
8745
8872
8998
9124
9250
9375
9500
9624
9748
9871
9994
10116
10237
10358
10478
10596
10714
10832
10949
11065
11181
11297
11413
11530
11649
11779
13224
13353
13490
13634
13780
13931
14087
14253
16710
16828
16954
17082
17207
17335
17452
17587
17693
17832
17938
18082
20612
20776
20881
20997
21115
21235
21358
21484
21616
24653
24786
24924
25066
25212
25361
25517
25677
25841
26012
26185
26364
26546
26733
26924
27119
27319
27520
27723
27925
28125
28324
28522
28721
28917
29111
29305
29500
29676
29873
30035
30236
30398
30600
30765
30964
31129
31327
31496
31690
31874
32060
32238
32415
32595
32775
32960
33146
33333
33521
33706
33886
34069
34248
34431
34612
34798
34986
35174
35366
35568
38243
38367
38518
38668
38824
38979
39137
39294
39450
39606
39761
39916
40072
40225
40376
40530
40683
40835
40987
41138
41287
41436
41586
41736
41889
42044
42199
42356
42517
42682
42849
43025
43198
43356
43515
43670
43826
43984
44145
44309
44475
44643
44812
44978
45145
45312
45478
45642
45804
45967
46129
46289
46448
46607
46768
46931
47097
47268
47441
47615
47787
47952
48114
48271
48428
48587
48750
48917
49086
49261
49441
49622
49801
49977
50155
50337
54222
54367
54527
54695
54866
55041
55224
55403
55588
55772
56663
56831
57003
57174
57345
57516
57696
57882
58076
58273
58472
58668
58871
59078
59282
59486
59699
59911
60128
60343
60568
60800
61034
61257
61474
61684
61902
62096
62322
62526
62748
62963
63197
63443
