6800
6892
6986
7077
7169
7262
7355
7448
7543
7638
7735
7833
7933
8035
8140
8247
8354
8429
11471
11546
11627
11707
11786
11864
11941
12019
12097
12174
12252
12330
12408
12486
12564
12642
12719
12796
12874
12950
13027
13102
13178
13252
13326
13399
13472
13544
13615
13685
13756
13825
13894
13963
14031
14098
14165
14232
14299
14365
14431
14497
14563
18581
18660
18742
18824
18908
18992
19077
19163
19248
19335
19427
19527
19638
19771
19995
23030
23127
23224
23322
23422
23522
23625
23730
23839
26296
26390
26487
26584
26682
26781
26880
26981
27083
27187
27293
27400
27507
27615
27726
27837
27949
28062
28178
28293
28410
28529
28648
28767
28887
29008
29129
29250
29370
29491
29611
29733
29853
29973
30094
30215
30336
30457
30578
30698
30819
30939
31060
31179
31299
31419
31536
31652
31768
31884
32000
32116
32232
32348
32464
32579
32693
32808
32922
33038
33154
33268
33383
33497
33612
33726
33840
33954
34069
34186
34307
34431
36602
36697
36796
36898
37004
37113
37220
37329
37439
37550
37661
37773
37885
37997
38111
38225
38339
38453
38567
38681
38797
38912
39027
39142
39256
39372
39486
39602
39718
39834
39951
40067
40185
40303
40421
40539
40657
40772
40886
40997
41104
41209
41312
41415
41518
41621
41725
41828
41931
42035
42138
42241
42344
42447
42550
42652
42754
42856
42958
43061
43162
43265
43366
43468
43570
43671
43772
43873
43974
44074
44174
44274
44374
44475
44577
44681
44788
44900
45014
45819
45918
46019
46120
46222
46325
46430
46537
46646
46756
46867
46979
47089
47200
47311
47422
47534
47647
47761
47876
47993
48115
50911
51014
51119
51225
51332
51441
51550
51662
53772
53889
54003
54123
54246
54371
54500
54630
54762
54896
55032
55170
55308
55449
55591
55733
55877
56020
56164
56308
56454
56600
56746
56894
57042
57191
57344
57498
57652
57805
57959
58112
58267
58422
58577
58733
58888
59044
59203
59363
59519
