2281
2377
2498
2609
2720
2833
2946
3058
3171
3282
3394
3511
3633
3768
6733
6823
6916
7013
7110
7209
7307
7405
7504
7602
7700
7799
7897
7995
8092
8189
8286
8382
8478
8574
8669
8765
8860
8955
9050
9145
9241
9336
9431
9526
9622
9718
9817
9925
10033
11651
11755
14651
14742
14836
14931
15026
15123
15223
15325
15427
15532
15645
15774
15891
15988
16278
16389
19063
19162
19267
19374
19482
19592
19705
19823
22675
22767
22864
22965
23070
23177
23285
23394
23504
23616
23729
23843
23958
24076
24195
24318
24444
24575
24709
24846
24987
25132
25282
25436
25595
25760
25929
26106
26289
26477
26671
26875
27081
27289
27496
27701
27907
28111
28315
28523
28730
28939
29146
29353
29553
29754
29975
30098
31074
31182
31406
31663
31854
31986
32141
32290
32436
32581
32725
32866
33010
33156
33307
33469
35900
35998
36102
36209
36318
36430
36542
36656
36771
36885
36999
37112
37225
37337
37449
37558
37668
37780
37890
38001
38112
38224
38336
38449
38562
38677
38793
38912
39035
39162
39293
39427
39564
39703
39840
40321
40421
40529
40640
40751
40865
40978
41093
41207
41323
41440
41557
41676
41796
41915
42035
42156
42276
42397
42519
42641
42763
42886
43009
43133
43256
43381
43510
43646
43786
43930
44070
44210
44346
44469
44590
44711
44831
44952
45074
45198
45323
45453
45584
45716
45848
45980
46113
46246
46384
46527
49623
49736
49855
49977
50101
50227
50355
50486
50635
52519
52639
52760
52880
53002
53124
53250
53379
53512
53648
53787
53930
54077
54227
54383
54541
54703
54869
55040
55217
55402
55593
55789
55993
56198
56407
56620
56835
57052
57269
57488
57702
57920
58139
58360
58584
58811
