2475
2605
2741
2878
3024
3186
5366
5448
5541
5632
5722
5811
5899
5986
6073
6158
6243
6326
6409
6490
6570
6648
6725
6800
6873
6944
7013
7080
7145
7209
7273
7337
7402
7466
7532
7599
9302
9371
9445
9522
11440
11507
11581
11658
11738
11821
11909
12006
12105
12220
12408
14809
14881
14960
15039
15118
15196
15274
15353
15433
15516
15603
15696
18908
19002
19099
19198
19297
19400
19505
19613
19724
19839
19958
20081
20209
20340
20473
20609
20746
20884
21022
21160
21298
21436
21575
21713
21851
21988
22125
22259
22393
22525
22655
22783
22910
23035
23159
23281
23402
23523
23642
23759
23875
23990
24104
24217
24329
24441
24552
24662
24772
24881
24990
25099
25208
25318
25429
25540
25652
25766
25881
25997
26115
26231
26346
26462
26576
26688
26800
26910
27022
27135
27249
27369
27502
29834
29925
30031
30141
30253
30368
30486
30607
30730
30853
30978
31103
31229
31357
31483
31608
31733
31858
31983
32109
32235
32360
32486
32613
32741
32877
33019
33170
33341
34472
34593
34720
34843
34965
35087
35209
35331
35452
35572
35692
35812
35932
36051
36170
36288
36406
36523
36639
36754
36868
36981
37093
37205
37315
37425
37535
37644
37753
37861
37969
38078
38187
38298
38412
38531
38653
38782
38921
40090
40199
40310
40421
40532
40644
40757
40870
40983
41097
41213
41332
41458
45813
45914
46017
46121
46226
46331
46439
46547
46658
46772
48595
48706
48819
48933
49050
49168
49288
49412
49538
49666
49798
49934
50072
50213
50355
50501
50650
50800
50951
51104
51256
51408
51560
51714
51869
52025
52182
52338
52496
52654
52812
52971
53131
53291
53452
53613
53775
53939
54101
54265
54430
54596
54762
54937
