2231
2366
2510
2652
2799
2949
5875
5982
6095
6205
6315
6423
6530
6635
6738
6838
6936
7032
7125
7216
7304
7391
7476
7560
7643
7727
7814
7912
9304
9377
9455
9533
9613
9695
9781
9876
11627
11704
11783
11864
11947
12030
12117
12205
12294
12383
12476
12573
12678
12796
12965
13249
15089
15167
15248
15330
15411
15491
15571
15650
15731
15815
15902
15994
16099
18686
18757
18836
18914
18994
19076
19158
19241
19326
19413
19501
19591
19683
19778
19875
19975
20079
20187
20301
20419
20543
20671
20806
20944
21087
21234
21384
21539
21694
21849
22003
22155
22306
22455
22601
22745
22886
23022
23157
23288
23418
23543
23665
23784
23901
24015
24126
24235
24343
24450
24556
24662
24769
24880
24998
26540
26756
26971
27050
28303
28421
28543
28663
28782
28903
29025
29155
31589
31694
31813
31936
32063
32192
32324
32458
32594
32731
32867
33004
33144
33280
33416
33556
33696
33835
33974
34115
34256
34400
34547
34700
34860
35031
35634
35735
35851
35963
36073
36180
36285
36390
36493
36595
36696
36796
36896
36995
37094
37193
37293
37393
37495
37598
37703
37809
37918
38028
38140
38253
38366
38479
38594
38710
38828
38952
39084
39232
40379
40493
40622
40751
40880
41010
41139
41267
41396
41526
41668
45252
45338
45449
45565
45681
45799
45917
46034
46152
46273
47592
47697
47804
47913
48025
48138
48253
48370
48488
48608
48730
48853
48979
49105
49235
49368
49504
49645
49790
49938
50087
50239
50394
50547
50703
50857
51013
51169
51325
51480
51635
51789
51943
52098
52253
52407
52562
52717
52872
53026
53181
53335
53490
53645
53802
53965
