10278
10429
10593
10758
10926
11100
11289
14311
14435
14557
14677
14795
14911
15025
15138
15249
15360
15469
15578
15686
15794
15901
16008
16114
16220
16327
16434
16541
16650
16759
16873
16991
17116
17250
18729
18839
18967
19097
19236
19389
21479
21600
21729
21859
21993
22129
22267
22407
22557
24884
25028
25176
25328
25483
25647
25825
28768
28876
29022
29167
29317
29468
29620
29775
29932
30091
30253
30418
30586
30761
30939
31123
31310
31498
31690
31885
32082
32281
32482
32681
32879
33073
33264
33455
33643
33831
34017
34204
34391
34580
34767
34954
35140
35326
35513
35700
35888
36074
36258
36440
36620
36799
36976
37154
37332
37514
37707
37910
40913
41033
41179
41320
41462
41606
41751
41896
42042
42189
42336
42483
42628
42775
42923
43074
43226
43379
43534
43689
43845
44002
44158
44316
44475
44635
44796
44959
45124
45292
45464
45637
45810
45974
46131
46293
46454
46613
46773
46933
47093
47255
47416
47579
47742
47907
48070
48234
48399
48563
48728
48893
49059
49225
49392
49558
49726
49901
50074
50250
50433
50614
50798
50975
51149
51319
51476
51636
51798
51961
52124
52289
52456
52625
52798
52977
53161
56189
56801
56946
57108
57274
57444
57623
57822
60009
60147
60292
60441
60595
60748
60902
61059
61217
61381
61546
61715
61887
62063
62241
62427
62622
62831
63058
63291
63524
63766
64017
64275
64540
64807
65070
65333
65594
65861
66127
66391
66656
66912
67171
67434
67701
67976
68289
