7783
7871
7977
8080
8180
8278
8378
8475
8574
8672
8771
8873
8979
9094
11702
11775
11853
11928
12002
12074
12146
12216
12286
12356
12425
12494
12563
12632
12699
12768
12836
12904
12971
13039
13107
13175
13242
13310
13377
13445
13512
13579
13645
13712
13779
13845
13912
13979
14046
14113
14180
14246
14313
14379
14446
14512
14580
14647
14716
14785
14863
14956
16655
16731
16811
16891
16971
17051
17133
17217
17305
17397
17496
19400
19468
19543
19615
19688
19761
19834
19909
19984
20059
20134
20210
20287
20363
20441
20519
20597
20676
20756
20836
20917
20999
21085
21183
21308
24207
24295
24382
24471
24561
24652
24745
24839
24937
25041
27536
27609
27690
27768
27846
27926
28006
28086
28165
28245
28325
28405
28484
28564
28643
28722
28801
28881
28961
29041
29121
29202
29284
29366
29450
29535
29621
29707
29796
29884
29976
30069
30164
30259
30355
30452
30552
30652
30754
30857
30963
31070
31178
31288
31399
31512
31627
31742
31859
31976
32093
32211
32329
32445
32562
32678
32795
32912
33028
33145
33262
33381
33501
33621
33741
33860
33979
34099
34218
34338
34458
34576
34694
34813
34931
35049
35167
35284
35399
35513
35627
35740
35853
35966
36078
36192
36307
36425
36551
39002
39079
39171
39260
39348
39436
39524
39613
39702
39790
39879
39968
40057
40146
40236
40325
40415
40506
40596
40687
40779
40871
40963
41057
41151
41247
41343
41441
41539
41638
41738
41838
41940
42041
42143
42246
42349
42452
42556
42660
42764
42870
42976
43083
43191
43301
43411
43522
43635
43752
43873
43995
44115
44231
44342
44450
44558
44665
44772
44880
44986
45093
45200
45307
45413
45519
45625
45731
45836
45941
46046
46150
46255
46359
46463
46568
46672
46776
46880
46985
47089
47194
47299
47404
47510
47616
47721
47827
47935
48045
48160
48283
49517
49608
49702
49796
49888
49978
50067
50156
50244
50332
50419
50507
50594
50681
50769
50856
50944
51033
51122
51213
51303
51395
51487
51580
51677
51778
51881
55848
55939
56048
56158
56273
56389
56506
56625
56745
56866
56989
57113
57236
57352
57467
58552
58647
58743
58839
58934
59030
59128
59227
59325
59423
59520
59616
59711
59806
59900
59994
60088
60181
60275
60369
60463
60559
60655
60751
60850
60949
61050
61152
61256
61362
61471
61583
61699
61819
61942
62070
62199
62331
62465
62599
62734
62871
63007
63145
63283
63421
63558
63696
63834
63970
64105
64240
64373
64505
64634
64761
64886
65008
65127
65243
65356
65467
65576
65686
65797
65911
