2218
2302
2384
2469
2553
2639
2728
2819
2915
5176
5241
5307
5373
5438
5503
5567
5631
5695
5759
5823
5887
5951
6016
6081
6145
6211
6276
6342
6408
6475
6542
6609
6677
6746
6816
6886
6958
7031
7105
7179
8580
11146
11215
11291
11369
11448
11528
11610
11693
11780
11872
11977
12129
14710
14796
14887
14983
15081
18178
18254
18336
18420
18504
18590
18676
18763
18850
18938
19027
19117
19207
19297
19388
19480
19572
19665
19759
19855
19951
20049
20148
20248
20350
20453
20556
20660
20764
20870
20976
21083
21190
21298
21407
21517
21628
21738
21850
21962
22074
22186
22299
22413
22527
22642
22757
22871
22987
23102
23219
23336
23451
23569
23686
23802
23917
24033
24147
24260
24373
24484
24594
24705
24814
24922
25031
25140
25250
25363
27311
27387
27475
27564
27655
27747
27839
27932
28026
28121
28216
28310
28406
28502
28599
28696
28793
28891
28989
29088
29187
29287
29387
29487
29587
29688
29788
29889
29990
30091
30193
30294
30396
30498
30602
30707
30813
30920
31017
31115
31212
31309
31406
31503
31601
31698
31796
31894
31992
32091
32190
32289
32388
32487
32587
32687
32787
32888
32988
33089
33190
33291
33394
33499
33608
33726
34864
34963
35064
35168
35274
35382
35492
35603
35714
35827
35941
36057
36180
41649
41737
41826
41914
42005
42095
42187
42280
42374
42469
42567
42667
42769
42874
42982
43093
43209
43328
43453
43582
43717
43856
44001
44151
44304
44458
44613
44772
44932
45094
45257
45419
45583
45747
45911
46075
46242
46411
46577
46747
46912
47058
47172
