7968
8521
8654
8813
8982
9162
9353
11970
12086
12213
12336
12456
12572
12685
12795
12904
13010
13114
13217
13318
13417
13516
13614
13711
13809
13905
14002
14098
14194
14291
14387
14484
14587
15743
15855
15970
16089
16216
16357
16486
18054
18175
18305
18438
18570
18704
18839
18976
19119
21557
21685
21823
21970
25196
25343
25492
25644
25800
25958
26120
26285
26453
26625
26799
26976
27156
27339
27527
27721
27916
28116
28316
28518
28718
28921
29127
29334
29544
29759
29975
30190
30410
30631
30851
31073
31294
31512
31729
31942
32155
32359
32564
32770
32982
33199
35995
36153
36313
36473
36631
36788
36942
37096
37248
37399
37550
37699
37847
37994
38143
38293
38444
38598
38754
38914
39076
39248
39433
39629
40337
40499
40667
40835
41004
41174
41343
41513
41682
41854
42027
42202
42377
42553
42729
42908
43092
43295
44110
44277
44451
44628
44807
44992
45183
45375
45573
45789
48833
49006
49200
49411
51644
51787
51964
52138
52319
52503
52695
52892
53098
53310
53527
53744
53972
54207
54452
54702
54963
55223
55482
55748
56008
56278
56545
56805
57070
57355
