2316
2423
2543
2666
2799
5124
5209
5273
5346
5420
5493
5565
5637
5708
5778
5848
5918
5986
6053
6120
6185
6250
6314
6377
6440
6503
6565
6628
6690
6753
6816
6880
6946
7013
7089
7159
8852
8912
8984
9060
9143
11003
11076
11159
11244
11331
11420
11512
11607
11706
11806
11906
12006
12105
12204
12311
14691
14769
14860
14951
15047
15148
15264
18127
18231
18340
18451
18566
18685
18808
18936
19067
19203
19344
19487
19633
19781
19930
20079
20229
20380
20532
20685
20841
20997
21154
21312
21470
21625
21778
21928
22075
22219
22360
22499
22635
22769
22901
23030
23158
23283
23408
23530
23651
23771
23891
24009
24127
24244
24361
24480
24600
27322
27435
27558
27679
27798
27917
28035
28155
28277
28409
30573
30685
30809
30934
31064
31197
31331
31467
31606
31745
31887
32031
32174
32320
32466
32612
32757
32904
33054
33209
33368
33537
34188
34313
34450
34585
34716
34846
34974
35101
35228
35355
35480
35605
35729
35853
35975
36097
36218
36337
36455
36572
36686
36800
36913
37025
37135
37247
37357
37468
37580
37691
37804
37919
38037
38161
38294
38437
39201
39299
39414
39530
39647
39766
39885
40006
40128
40249
40372
40498
40637
44249
44357
44471
44583
44696
44809
44923
45036
45152
45269
45389
45510
45635
45759
45886
46011
46138
46265
46389
46512
46634
46753
46873
46994
47116
47240
47367
47494
47623
47754
47885
48020
48156
48294
48434
48577
48723
48871
49021
49175
49327
49480
49635
49790
49946
50102
50259
50416
50573
50728
50883
51037
51192
51347
51503
51660
51816
51974
52132
52291
52453
52618
