2180
2283
2399
2513
2627
2743
2865
2999
4977
5075
5146
5224
5300
5377
5452
5527
5600
5674
5746
5818
5888
5958
6026
6093
6159
6224
6287
6350
6412
6473
6534
6595
6656
6717
6778
6840
6903
6967
7033
8454
8518
8584
8650
8717
8786
8858
8933
10472
10543
10617
10692
10769
10853
10942
11035
11140
11258
11399
11626
13769
13844
13927
14012
14097
14182
14268
14358
14451
14557
17930
18033
18140
18250
18363
18481
18603
18729
18858
18994
19133
19276
19422
19572
19724
19877
20034
20192
20350
20508
20665
20820
20972
21122
21274
21423
21571
21715
21855
21994
22130
22264
22396
22527
22656
22785
22912
23039
23165
23290
23413
23537
23660
23785
23908
24033
24156
24279
24401
24521
24641
24760
24876
24994
25111
25231
25358
27751
27856
27969
28083
28198
28315
28433
28553
28674
28796
28919
29043
29167
29289
29413
29535
29658
29780
29903
30027
30151
30278
30408
30543
30680
30826
30978
31524
31642
31766
31889
32009
32127
32245
32362
32478
32595
32711
32828
32944
33059
33174
33289
33404
33518
33631
33744
33857
33968
34079
34189
34298
34406
34514
34622
34730
34839
34949
35061
35175
35291
35410
35534
35664
35802
36543
36649
36761
36872
36982
37093
37204
37316
37429
37544
37659
37776
37899
38036
41555
41661
41769
41880
41992
42105
42220
43786
43894
44006
44121
44240
44362
44487
44614
44744
44876
45010
45145
45282
45421
45563
45706
45854
46002
46153
46305
46459
46616
46773
46933
47096
47260
47423
47588
47750
47914
48077
48242
48408
48575
48744
48913
49082
49248
49421
49591
49768
49947
