2480
2649
2830
3018
6657
6781
6928
7075
7214
7352
7488
7623
7756
7887
8017
8145
8271
8396
8518
8640
8759
8877
8994
9110
9225
9340
9455
9569
9683
9796
9911
10026
10143
10269
10396
10529
10673
10827
10950
11082
11219
11360
11510
11678
11840
12012
13608
13754
13905
14056
14207
14357
14509
14666
17178
17311
17465
17644
20964
21148
21336
21523
21711
21897
22083
22272
22461
22648
22836
23024
23215
23407
23601
23793
23982
24168
24352
24535
24718
24900
25083
25266
25447
25630
25811
25993
26175
26359
26541
26723
26905
27087
27272
27455
27640
27825
28012
28200
28392
28585
28786
30986
31165
31344
31524
31704
31886
32068
32249
32428
32606
32785
32962
33139
33317
33495
33672
33850
34028
34206
34384
34563
34746
34932
35119
35307
35494
35680
35866
36053
36240
36426
36613
36797
36982
37166
37347
37530
37711
37894
38079
38266
38462
38662
38863
39060
39259
39459
39656
39854
40057
40264
40474
40691
40912
41140
41405
44622
44805
45012
47365
47495
47650
47804
47955
48109
48264
48423
48584
48749
48919
49095
49278
49470
49666
49868
50073
50287
50509
50741
50980
51224
51475
51736
52002
52271
52535
52799
53071
53327
53598
53880
