2286
2378
2472
2565
2658
2752
2847
2943
3039
3135
3231
3328
3425
3523
3621
3718
3818
3918
8024
8104
8186
8270
8353
8435
8518
8600
8681
8763
8845
8926
9006
9086
9166
9246
9325
9405
9484
9563
9642
9720
9798
9876
9953
10030
10107
10183
10259
10335
10410
10485
10560
10634
10707
10781
10854
10926
10999
11071
11142
11214
11284
11355
11425
11495
11564
11633
11701
11769
11838
11905
11973
12041
12108
12176
12244
12312
12380
12448
12517
12586
12656
14510
14575
14642
14708
14775
14842
14910
14979
15049
15121
15197
17638
17709
17791
17875
17960
18045
18130
18215
18301
18387
18473
18561
18650
18739
18831
18926
19022
19122
19217
19401
19947
20011
22307
22382
22461
22540
22619
22699
22778
22858
22938
23019
23101
23185
23272
26219
26298
26383
26470
26558
26646
26736
26827
26919
27013
27107
27203
27299
27397
27495
27596
27696
27798
27900
28003
28107
28211
28316
28423
28529
28636
28744
28854
28965
29075
29187
29298
29410
29522
29637
29751
29866
29982
30097
30212
30325
30439
30552
30665
30778
30891
31004
31117
31229
31342
31453
31565
31676
31787
31898
32008
32118
32229
32338
32448
32556
32665
32772
32879
32985
33088
33190
33291
33395
33497
33680
35011
35313
35533
35635
35733
35833
35933
36036
36139
36244
36349
36455
36563
36668
36776
36884
36992
37100
37209
37317
37426
37535
37644
37753
37862
37974
38087
38206
41441
41520
41608
41698
41790
41883
41976
42070
42165
42259
42354
42448
42542
42636
42731
42825
42919
43013
43107
43200
43292
43384
43476
43567
43659
43749
43839
43929
44019
44109
44198
44286
44375
44464
44552
44641
44729
44818
44906
44994
45081
45169
45257
45344
45431
45519
45607
45695
45783
45871
45959
46049
46139
46231
46323
46417
46514
46612
47815
47902
48003
48098
48193
48287
48380
48473
48567
48660
48753
48847
48941
49036
49132
49228
49326
49423
49522
49621
49721
49821
49924
50026
50129
50234
50339
50445
50552
50660
50768
50877
50986
51096
51207
51318
51430
51543
51657
51772
51885
52000
52115
52232
52349
52467
52586
52702
52820
52937
53054
53170
53285
53400
53512
53625
53738
53849
53959
54068
54176
54283
54388
54492
54596
54702
54806
57179
57365
57492
57591
57695
57795
57896
57996
58096
58197
58299
58401
58503
58605
58707
58809
58912
59014
59113
59213
59312
59414
63273
63365
63460
63556
63652
63749
63847
63946
64044
64145
66604
66697
66795
66892
66989
67087
67184
67281
67378
67473
67568
67663
67757
67852
67947
68042
68138
68233
68331
68428
68526
68626
68726
68827
68929
69032
69135
69239
69345
69452
69561
69671
69781
69894
70007
70121
70235
70351
70466
70583
70700
70817
70934
71051
71170
71288
71406
71525
71644
71763
71883
72004
72124
72245
72367
72487
72609
72730
72851
72971
73091
73213
73332
73452
73571
73692
73813
73932
74056
74162
