2568
2661
2762
2857
2955
3052
3150
3248
3347
3448
3550
3654
3762
7688
7771
7855
7938
8021
8103
8185
8267
8349
8431
8514
8596
8678
8761
8842
8924
9005
9086
9166
9247
9327
9406
9485
9564
9642
9721
9799
9876
9953
10030
10107
10183
10259
10334
10409
10484
10558
10632
10705
10778
10850
10922
10994
11065
11137
11208
11279
11350
11422
11494
11565
11637
11709
11781
11853
13853
13920
13989
14059
14132
14208
16983
17064
17148
17232
17317
17402
17488
17574
17661
17753
17842
17935
18025
18111
18276
18541
21349
21425
21505
21584
21665
21746
21829
21914
24875
24958
25050
25144
25240
25338
25436
25535
25636
25738
25841
25946
26052
26159
26267
26375
26484
26593
26702
26812
26922
27031
27142
27252
27363
27474
27585
27697
27808
27921
28034
28147
28261
28374
28488
28602
28715
28830
28943
29056
29170
29283
29397
29511
29625
29739
29852
29965
30079
30192
30305
30419
30531
30644
30756
30868
30978
31086
31194
31300
31409
31506
31613
38197
38296
38392
38491
38590
38689
38788
38887
38987
39086
39184
39283
39382
39482
39582
39684
39788
39895
43107
43194
43282
43371
43461
43551
43641
43732
43823
43915
44006
44097
44188
44279
44369
44458
44547
44635
44723
44810
44897
44983
45068
45153
45239
45324
45409
45494
45579
45664
45748
45833
45917
46001
46085
46168
46251
46334
46416
46498
46580
46662
46744
46826
46907
46989
47071
47153
47236
47320
47404
47490
47577
47666
47756
47849
47945
48043
48139
49007
49096
49196
49294
49393
49491
49590
49688
49786
49885
49986
50087
50189
50291
50395
50498
50603
50709
50815
50920
51027
51131
51239
51344
51451
51557
51664
51770
51876
51984
52089
52195
52301
52407
52513
52619
52725
52831
52937
53043
53148
53252
53356
53461
53563
53667
53768
53870
53972
54078
54186
55771
55865
55968
56069
56173
56278
56384
56489
56595
56701
56806
56912
57017
57122
57227
57332
57437
57542
57646
57751
57857
57964
62170
62264
62362
62461
62559
65714
65812
65909
66009
66110
66211
66314
66419
66523
66628
66731
66839
66943
67050
67156
67262
67368
67478
67586
67695
67806
67917
68029
68143
68255
68370
68483
68597
68714
68828
68946
69062
69180
69295
69412
69528
69644
69760
69879
69996
70117
70234
70355
70474
70595
70714
70835
70955
71076
71196
71318
71435
71555
71675
71794
71915
72033
72149
72267
72379
72495
72608
72720
72835
72947
73061
73175
