2199
2303
2434
2555
2677
2798
2920
3045
3177
3324
5936
6020
6118
6216
6315
6416
6517
6619
6720
6821
6921
7022
7123
7223
7323
7421
7519
7616
7712
7807
7901
7996
8090
8185
8280
8374
8471
8575
8694
10084
10173
10271
10374
10483
12800
12888
12983
13079
13177
13276
13379
13482
13586
13696
13812
13942
14098
14221
16834
16934
17041
17151
17262
17375
17492
17620
20413
20506
20604
20705
20808
20913
21019
21127
21235
21344
21454
21566
21678
21792
21908
22026
22146
22269
22394
22522
22654
22789
22929
23074
23224
23380
23540
23708
23880
24057
24239
24425
24613
24806
25002
25200
25397
25594
25788
25981
26172
26364
26559
26750
26940
27124
27305
27482
27657
27831
27999
28164
28325
28483
28638
28793
28946
29095
29243
29391
29539
29690
29847
32667
32748
32855
32965
33079
33196
33315
33435
33556
33677
33797
33918
34038
34158
34277
34393
34511
34629
34748
34866
34985
35105
35225
35346
35468
35592
35719
35848
35981
36117
36255
36390
36522
36651
36773
36887
37006
37128
37248
37371
37494
37618
37743
37869
37995
38122
38250
38378
38508
38638
38769
38901
39033
39165
39296
39427
39560
39700
39846
39994
40141
40285
40426
40565
40700
40832
40963
41090
41213
41339
41465
41592
41722
41854
41987
42121
42254
42388
42521
42655
42790
42929
46173
46287
46409
46535
46663
46793
46925
47062
48986
49106
49229
49352
49478
49605
49736
49870
50007
50149
50295
50446
50602
50762
50927
51098
51276
51463
51659
51858
52060
52268
52483
52693
52908
53124
53342
53562
53787
54012
54238
54461
54686
54915
