7531
7624
7718
7812
7906
8000
8096
8192
8289
8387
8489
8592
12597
12676
12754
12832
12908
12984
13060
13135
13210
13284
13359
13433
13507
13581
13654
13727
13799
13871
13943
14015
14086
14158
14229
14300
14370
14441
14511
14581
14651
14721
14791
14860
14929
14999
15068
15136
15205
15274
15342
15411
15479
15547
15615
15683
15751
15819
15887
15955
16023
16091
16159
16227
16296
16364
16432
16501
16570
16639
16708
16777
16846
16916
16987
19005
19074
19145
19217
19293
21525
21600
21680
21760
21840
21919
22000
22081
22164
22250
22339
22433
22523
22686
23260
25592
25668
25746
25827
25912
28441
28526
28619
28714
28811
28909
29010
29112
29215
29319
29424
29530
29638
29746
29854
29964
30075
30187
30299
30412
30525
30638
30751
30863
30976
31089
31200
31312
31425
31536
31648
31760
31871
31983
32094
32205
32315
32426
32537
32648
32760
32870
32980
33090
33201
33310
33420
33529
33638
33747
33856
33965
34073
34180
34286
34392
34498
34604
40879
40976
41065
41158
41251
41344
41438
41531
41624
41718
41813
41909
42004
42100
42196
42291
42388
42484
42581
42679
42779
42882
46092
46171
46252
46333
46414
46496
46578
46661
46743
46827
46910
46993
47076
47158
47241
47323
47405
47487
47568
47649
47731
47812
47894
47976
48057
48139
48221
48303
48385
48468
48550
48632
48714
48797
48879
48961
49043
49125
49206
49288
49369
49451
49532
49614
49696
49778
49861
49943
50027
50111
50197
50284
50372
50463
50554
50648
50743
50838
50935
51032
51130
51228
51324
51422
51521
51618
51713
51806
51899
51993
52088
52184
52281
52377
52473
52570
52668
52766
52865
52965
53066
53169
53273
53377
53482
53587
53692
53799
53905
54011
54119
54226
54333
54439
54546
54652
54759
54866
54971
55077
55183
55289
55396
55502
55608
55713
55819
55924
56029
56134
56238
56343
56447
56551
56655
56758
56862
56968
57077
58607
58677
58774
58868
58963
59058
59154
59250
59346
59441
59536
59632
59728
59824
59922
60020
60118
60219
64475
64557
64651
64745
64840
64937
65038
68053
68147
68243
68341
68438
68535
68633
68730
68828
68926
69024
69123
69222
69321
69421
69521
69622
69724
69826
69929
70032
70137
70241
70345
70452
70559
70665
70772
70881
70989
71098
71208
71318
71428
71539
71651
71763
71876
71989
72103
72216
72329
72441
72555
72669
72782
72896
73010
73124
73238
73351
73466
73579
73692
73806
73920
74033
74145
74258
74369
74482
74594
74706
74818
74929
75042
