2713
2802
2894
2990
3090
3200
5538
5598
5658
5717
5775
5833
5891
5948
6005
6062
6120
6178
6235
6293
6351
6409
6467
6525
6583
6641
6699
6758
6817
6877
6937
6998
7061
7126
7192
7261
7332
7409
8697
8774
8857
8945
9043
10775
10856
10940
11026
11113
11204
11298
11401
11513
11630
11766
11967
12707
14513
14603
14704
14807
14912
15021
15139
18257
18356
18483
18614
18750
18891
19036
19184
19334
19483
19634
19786
19940
20092
20243
20395
20544
20692
20839
20981
21120
21257
21390
21521
21649
21774
21897
22018
22137
22256
22373
22489
22605
22720
22833
22946
23058
23168
23278
23387
23497
23608
23719
23832
23945
24057
24169
24282
24395
24509
24624
24739
24858
24986
27492
27584
27681
27781
27881
27983
28085
28189
28293
28399
28509
28620
28734
28848
28960
29072
29183
29295
29407
29519
29632
29746
29862
29982
30107
30238
30376
30522
30678
31490
31608
31729
31849
31964
32077
32188
32298
32409
32520
32630
32739
32848
32956
33064
33170
33275
33380
33483
33586
33688
33790
33890
33990
34090
34189
34288
34387
34485
34583
34681
34779
34878
34976
35076
35176
35280
35387
35497
35609
35721
35832
35940
36046
36151
36255
36357
36459
36560
36660
36760
36861
36962
37065
37167
37269
37375
37485
37602
41541
41641
41742
41843
41947
42053
42162
42274
42391
43880
43985
44088
44191
44295
44402
44511
44622
44736
44851
44970
45094
45222
45355
45494
45637
45786
45938
46093
46249
46408
46568
46731
46896
47061
47227
47391
47557
47726
47895
48065
48232
48402
48570
48739
48908
49076
49244
49415
49586
49757
49927
50099
50269
