898
1047
1213
1392
1558
1731
1903
2051
2208
2367
2535
2704
2872
3041
3215
3396
6268
6328
6455
6590
6724
6859
6992
7125
7257
7388
7519
7648
7778
7906
8032
8158
8283
8407
8530
8652
8773
8893
9013
9132
9252
9371
9490
9610
9732
9856
9986
11976
12118
12267
12419
12577
12743
15536
15654
15783
15904
16027
16148
16270
16386
16506
16617
16735
16839
16966
17060
20190
20295
20406
20516
20626
20736
20847
20960
21077
21197
21326
24348
24457
24594
24733
24880
25035
25202
25377
25565
25761
25967
26175
26389
26605
26826
27053
27269
27501
27716
27933
28148
28363
28579
28794
29005
29214
29417
29614
29808
29999
30184
30368
30552
30737
30924
31113
31303
31493
31683
31870
32056
32240
32421
32601
32771
32948
33072
33523
33630
33754
33930
34077
34240
34397
34560
34742
34922
35108
35300
35490
35682
35877
36069
36263
36454
36643
36830
37016
37199
37385
37577
40308
40454
40602
40753
40905
41058
41210
41362
41513
41663
41813
41962
42110
42257
42403
42550
42695
42841
42989
43140
43291
43443
43594
43745
43898
44052
44207
44366
44530
44699
44874
45054
45238
45426
45611
45786
45961
46135
46313
46490
46670
46850
47031
47211
47394
47579
47765
47953
48141
48331
48519
48707
48898
49088
49276
49460
49641
49820
49997
50174
50348
50525
50707
50892
51081
51270
51457
51636
51810
51982
52157
52332
52507
52686
52863
53045
53226
53402
53577
53753
53932
57530
57661
57823
57985
58148
58315
58483
58654
58828
59013
60209
60367
60525
60682
60841
61004
61166
61334
61504
61677
61857
62042
62231
62423
62616
62815
63015
63222
63429
63662
63846
64097
64285
64541
64737
64983
65221
65448
65670
65886
66098
66310
66521
66733
66950
67172
67404
67650
