2245
2343
2467
2588
2711
2841
2982
5194
5264
5338
5411
5483
5555
5627
5698
5768
5838
5906
5974
6040
6106
6170
6234
6298
6362
6426
6491
6558
6625
6694
6768
6845
6928
8216
8308
8408
8514
10108
10189
10280
10373
10468
10567
10667
10770
10885
11028
11366
13470
13555
13657
13762
13869
13980
14097
14231
17183
17274
17368
17462
17557
17652
17748
17846
17946
18047
18151
18257
18365
18475
18588
18705
18826
18952
19083
19215
19351
19489
19629
19772
19918
20066
20216
20367
20520
20673
20826
20977
21125
21272
21418
21561
21701
21840
21976
22112
22244
22375
22504
22630
22755
22878
23000
23121
23241
23362
23482
23603
23721
23838
23954
24069
24182
24293
24405
24519
24641
26967
27056
27164
27275
27387
27503
27620
27739
27860
27981
28105
28229
28355
28482
28613
28741
28869
28995
29119
29244
29368
29493
29620
29749
29881
30019
30162
30311
30461
30616
31443
31557
31675
31790
31901
32011
32121
32231
32340
32449
32559
32668
32777
32886
32995
33105
33216
33326
33438
33550
33664
33778
33894
34012
34131
34251
34371
34490
34612
34733
34859
34988
35125
35273
35432
35605
36353
36472
36622
36766
36911
37057
37201
37343
37484
37627
37775
37934
41234
41334
41452
41572
41695
41818
41942
42071
43791
43900
44013
44128
44244
44360
44476
44592
44709
44828
44947
45067
45190
45315
45441
45572
45706
45844
45985
46130
46279
46429
46581
46736
46893
47049
47207
47363
47521
47678
47837
47993
48151
48308
48463
48617
48767
48915
49061
49205
49348
49491
49637
