2492
2641
2806
2986
6634
6755
6888
7014
7138
7259
7377
7492
7605
7716
7826
7934
8040
8144
8248
8350
8450
8550
8648
8747
8845
8942
9039
9136
9233
9330
9436
10502
10595
10699
10806
10916
11031
11154
11287
11405
13366
13482
13612
13742
13874
14008
14143
14279
14417
14559
16943
17069
17200
17339
17489
21070
21237
21409
21584
21758
21936
22114
22291
22462
22634
22808
22983
23157
23332
23509
23685
23863
24039
24217
24393
24568
24742
24915
25089
25261
25432
25604
25777
25951
26126
26299
26475
26652
26835
27019
27206
27395
27585
27774
27960
28144
28334
28526
28717
28908
29106
29321
31132
31278
31438
31595
31753
31909
32064
32216
32368
32518
32667
32816
32963
33110
33258
33406
33555
33704
33854
34006
34160
34316
34476
34642
34811
34981
35148
35314
35480
35647
35815
35981
36147
36312
36477
36642
36807
36972
37136
37302
37468
37636
37809
37990
38177
38370
38562
38748
38931
39113
39293
39473
39657
39845
40035
40229
40428
40638
43337
43502
43674
43857
44056
45829
45989
46157
46332
46508
46691
46881
47077
47278
47484
47698
47915
48135
48362
48597
48839
49087
49340
49597
49860
50126
50396
50666
50933
51202
51476
