2204
2382
2473
2562
2651
2740
2831
2921
3012
3103
3196
3288
3382
3478
3576
3675
3778
7837
7902
7971
8039
8107
8175
8244
8312
8380
8449
8517
8586
8654
8723
8793
8862
8932
9002
9073
9145
9217
9290
9364
9439
9515
9592
9671
9751
9833
9917
10003
10090
10181
10274
10369
10467
10566
10668
10772
10877
10983
11092
11202
11312
11424
11535
11647
11758
11871
11983
12097
12211
12325
12440
12553
12666
12781
12894
13008
15044
15133
15226
15321
15416
15516
18342
18423
18508
18595
18684
18773
18863
18953
19044
19137
19233
19328
19417
19584
19649
22976
23061
23149
23239
23331
26207
26282
26366
26450
26535
26619
26704
26790
26876
26963
27050
27138
27228
27318
27408
27500
27592
27686
27781
27876
27973
28072
28172
28273
28375
28479
28585
28692
28800
28909
29019
29130
29242
29355
29469
29583
29698
29813
29928
30045
30160
30277
30392
30508
30626
30743
30861
30979
31100
31217
31337
31454
31575
31694
31812
31930
32049
32167
32286
32404
32521
32639
32757
32875
32993
33111
33230
33348
33464
33581
33698
33814
33931
34046
34162
34276
34391
34505
34618
34731
34844
34957
35069
35180
35291
35402
35512
35621
35730
35840
35949
36057
36166
36274
36382
36490
36599
36708
36820
39840
39922
40010
40101
40192
40285
40378
40472
40567
40661
40756
40852
40947
41041
41135
41229
41323
41416
41509
41603
41696
41789
41882
41975
42068
42162
42255
42349
42443
42537
42630
42724
42817
42910
43003
43096
43188
43280
43373
43464
43556
43648
43740
43832
43925
44019
44115
44213
44316
45394
45484
45578
45675
45773
45872
45973
46074
46176
46279
46382
46486
46591
46698
46805
46913
47022
47131
47241
47351
47462
47573
47686
47799
47911
48024
48137
48250
48364
48478
48592
48706
48820
48935
49048
49162
49276
49389
49503
49615
49728
49840
49954
50071
51864
51957
52058
52158
52259
52361
52464
52568
52672
52778
52884
52990
53096
53202
53309
53416
53523
53631
53739
53846
53955
54062
54169
54276
58598
58688
58781
58876
58971
59068
61834
61924
62017
62111
62207
62303
62398
62493
62589
62685
62781
62876
62972
63069
63166
63263
63362
63461
63561
63661
63763
63865
63968
64073
64178
64284
64391
64499
64607
64716
64827
64938
65051
65163
65277
65391
65505
65620
65735
65851
65966
66082
66200
66318
66436
66555
66674
66793
66913
67032
67151
67271
67392
67512
67633
67756
67878
68001
68123
68245
68369
68493
68612
68735
68850
