2488
2591
2707
2827
2951
3077
3208
3344
3489
3645
6491
6579
6679
6784
6886
6988
7089
7189
7288
7386
7483
7579
7675
7769
7863
7957
8049
8142
8233
8323
8411
8497
8580
8663
8745
8825
8906
8989
9078
10938
11009
11090
11171
11256
11346
11444
13892
13978
14079
14181
14283
14385
14489
14596
14708
14832
14915
15264
18385
18483
18589
18697
18807
18922
19044
22002
22103
22206
22310
22415
22520
22626
22732
22839
22946
23052
23158
23265
23372
23480
23590
23701
23812
23925
24040
24157
24277
24400
24527
24657
24792
24931
25075
25224
25379
25539
25705
25875
26049
26227
26405
26587
26770
26954
27138
27322
27507
27692
27875
28060
28248
33728
33844
33991
34139
34293
34448
34605
34764
34924
35088
35254
35422
38381
38500
38636
38778
38919
39060
39202
39346
39491
39639
39787
39937
40090
40245
40401
40558
40716
40875
41035
41202
41374
41537
41690
41841
41993
42141
42287
42429
42569
42707
42842
42976
43109
43241
43373
43504
43636
43770
43905
44043
44184
44328
44477
44631
44794
44965
45988
46134
46295
46468
46648
46831
47015
47200
47385
47569
47749
47927
48103
48275
48447
48617
48790
52371
52515
52675
52843
53019
54792
54930
55083
55229
55373
55517
55660
55802
55944
56084
56225
56366
56507
56649
56790
56933
57079
57226
57376
57530
57688
57850
58018
58190
58367
58547
58731
58916
59102
59288
59474
59660
59847
60034
60219
60404
60587
60769
60952
61138
