7574
7654
7745
7832
7921
8010
8098
8187
8276
8366
8457
8549
8642
8736
8831
8928
12255
12320
12394
12469
12543
12617
12690
12763
12836
12909
12983
13056
13130
13203
13275
13347
13419
13491
13562
13633
13702
13771
13840
13908
13975
14042
14108
14173
14238
14302
14366
14429
14492
14556
14619
14682
14746
14810
14874
14938
15012
16323
16386
16452
16518
16586
16661
19090
19161
19238
19315
19393
19473
19553
19634
19716
19799
19885
19973
20067
20173
20295
20470
20851
21489
23532
23629
23732
27039
27118
27210
27303
27397
27492
27588
27685
27783
27882
27983
28085
28189
28295
28404
28514
28625
28739
28854
28974
29094
29218
29344
29472
29601
29733
29869
30004
30142
30281
30421
30561
30702
30843
30984
31127
31270
31413
31555
31697
31838
31979
32119
32259
32398
32536
32673
32806
32937
33063
33187
33310
33431
33551
33670
33789
33904
34017
34129
34241
34353
34466
34582
34697
34812
34928
35043
35157
35270
35384
35498
35612
35729
35848
35975
38322
38414
38510
38606
38705
38804
38904
39005
39106
39209
39311
39415
39520
39625
39732
39840
39950
40059
40167
40274
40382
40491
40599
40708
40817
40927
41039
41152
41266
41382
41499
41617
41736
41854
41972
42090
42207
42324
42439
42553
42664
42774
42879
42982
43083
43181
43279
43375
43471
43568
43664
43761
43857
43954
44050
44146
44243
44338
44435
44531
44628
44723
44819
44915
45011
45106
45202
45297
45393
45489
45585
45681
45777
45873
45970
46067
46163
46260
46357
46454
46553
46652
46754
46858
46966
47077
47192
47307
47422
47536
47647
47757
47863
47967
48071
48174
48277
48382
48487
48594
48702
48812
48923
49034
49146
49257
49369
49482
49596
49711
49828
49949
50078
53359
53455
53557
53659
53762
53867
53972
54080
54193
56528
56633
56741
56854
56969
57086
57206
57328
57454
57581
57712
57845
57978
58113
58249
58387
58525
58665
58806
58947
59090
59234
59378
59523
59669
59815
59961
60108
60256
60405
60556
60709
60867
61026
61182
61333
61486
61638
61789
61938
62087
62234
62382
62530
62676
62826
62973
63124
63271
63405
63544
63681
63799
