911
996
1092
1183
1274
1365
1457
1550
1642
1735
1828
1921
2015
2110
2206
2302
2400
2499
2599
2701
2804
7026
7091
7158
7224
7290
7357
7422
7488
7553
7618
7682
7747
7812
7877
7942
8008
8073
8139
8204
8270
8337
8404
8471
8540
8609
8678
8748
8819
8892
8965
9039
9114
9191
9270
9350
9434
9519
9608
9698
9790
9885
9983
10084
10189
10297
10405
10518
10630
10743
10858
10973
11089
11205
11320
11435
11549
11663
11775
11886
11997
12107
12217
12327
12436
12544
12651
12756
12861
12964
13066
13167
13272
15200
15284
15372
15462
15554
15649
17908
17988
18072
18158
18244
18329
18414
18499
18584
18671
18763
18856
18962
19039
22088
22166
22246
22326
22406
22486
22567
22649
22732
22818
25540
25616
25697
25779
25863
25947
26032
26119
26206
26294
26384
26475
26566
26659
26753
26849
26945
27043
27142
27242
27342
27444
27546
27649
27753
27858
27964
28070
28178
28285
28392
28502
28613
28724
28834
28946
29057
29169
29283
29396
29511
29625
29741
29854
29968
30081
30193
30305
30416
30526
30635
30743
30850
30958
31066
31173
31282
31391
31501
31610
31719
31830
31941
32054
32169
32262
32481
32547
33053
33448
33750
33824
34034
34132
34228
34323
34418
34512
34605
34699
34794
34888
34984
35081
35178
35276
35373
35471
35569
35668
35768
35868
35968
36069
36170
36273
36377
36486
39489
39561
39643
39726
39811
39897
39983
40069
40157
40245
40334
40423
40511
40599
40686
40774
40861
40948
41035
41123
41210
41296
41383
41470
41557
41644
41732
41820
41909
41997
42085
42174
42261
42350
42437
42525
42613
42701
42789
42877
42965
43054
43144
43234
43325
43417
43511
43607
44761
44843
44932
45023
45113
45203
45294
45386
45479
45571
45665
45760
45854
45949
46044
46139
46234
46328
46423
46517
46612
46706
46800
46895
46989
47083
47177
47270
47363
47455
47547
47639
47730
47821
47912
48003
48094
48184
48274
48364
48454
48544
48635
48726
48823
48914
50496
50579
50665
50754
50844
50935
51027
51121
51214
51310
51406
51503
51602
51702
51803
51902
52002
52102
52200
52299
52398
52497
52596
52694
52793
52895
57124
57213
57307
57401
57498
57594
57692
57789
57887
57983
60518
60610
60705
60799
60895
60991
61088
61186
61285
61384
61483
61583
61683
61784
61885
61988
62091
62194
62298
62403
62510
62617
62725
62834
62944
63057
63168
63283
63398
63515
63630
63747
63866
63982
64102
64219
64338
64458
64578
64696
64818
64939
65061
65183
65306
65427
65550
65671
65793
65917
66039
66161
66283
66406
66528
66651
66772
66895
67017
67139
67259
67381
67500
67621
67739
67858
