12376
12523
12673
12823
12971
13119
13272
13433
13606
17022
17116
17226
17334
17439
17543
17647
17749
17850
17951
18051
18151
18251
18350
18448
18547
18645
18743
18841
18939
19036
19132
19229
19326
19423
19522
19623
19728
19833
19943
21711
21816
21929
22046
22166
22294
22430
24637
24757
24882
25009
25137
25266
25397
25529
25664
25805
27979
28114
28264
28418
28577
28745
28934
32031
32169
32306
32446
32587
32730
32875
33023
33173
33326
33481
33638
33798
33962
34129
34302
34481
34671
34868
35071
35280
35494
35709
35921
36132
36342
36551
36758
36961
37160
37357
37554
37751
37947
38138
38327
38514
38700
38883
39064
39242
39421
39598
39773
39948
40124
40300
40479
40660
40847
41040
43405
43539
43669
43804
43943
44082
44222
44363
44504
44646
44787
44927
45068
45211
45356
45501
45648
45795
45942
46090
46240
46390
46542
46695
46847
47001
47157
47315
47471
47623
47774
47922
48071
48220
48370
48520
48671
48822
48973
49124
49274
49425
49575
49725
49877
50028
50182
50343
50514
50690
50862
52061
52200
52348
52496
52645
52795
52948
53103
53261
53425
56503
56608
56748
56889
57034
57183
57337
57498
57671
59124
59266
59403
59543
59683
59822
59962
60103
60248
60395
60547
60704
60864
61033
61208
61391
61583
61786
61999
62222
62454
62692
62938
63193
63455
63717
63980
64243
64509
64775
65041
65309
65580
65850
66131
66404
66669
66933
67215
