2327
2424
2516
2610
2704
2799
2894
2990
3086
3184
3283
3384
3486
3593
3703
6459
6535
6615
6693
6770
6845
6920
6996
7071
7148
7225
7302
7381
7461
7540
7619
7699
7779
7857
7935
8012
8087
8161
8234
8307
8379
8450
8520
8590
8659
8728
8797
8865
8933
9001
9067
9133
9200
10467
10533
10600
12956
13023
13100
13178
13255
13334
13413
13493
13574
13656
13739
13822
13908
13997
14091
14197
14317
14483
14752
17477
17572
17671
17775
17878
17968
20337
20427
20521
20614
20707
20799
20893
20987
21083
21178
21275
21372
21470
21568
21668
21769
21870
21971
22073
22175
22278
22381
22485
22590
22694
22799
22904
23010
23116
23221
23327
23433
23538
23644
23749
23854
23959
24063
24168
24272
24376
24480
24583
24686
24788
24890
24992
25094
25195
25298
25400
25502
25604
25706
25808
25911
26014
26117
26222
26326
26432
26538
26644
26749
26854
26958
27062
27166
27269
27373
27477
27581
27688
27796
27909
28033
30270
30360
30451
30541
30631
30722
30813
30905
30997
31090
31184
31277
31372
31467
31563
31659
31756
31852
31948
32046
32143
32242
32339
32435
32531
32627
32724
32821
32919
33017
33114
33213
33312
33413
33515
33618
33724
33830
33940
34051
34163
34276
34388
34500
34610
34720
34826
34932
35035
35136
35237
35337
35438
35538
35638
35739
35840
35942
36044
36147
36249
36352
36456
36559
36662
36765
36868
36971
37074
37177
37280
37382
37485
37588
37691
37794
37898
38002
38106
38210
38313
38416
38520
38625
38734
38845
38960
39079
39928
40025
40131
40236
40342
40451
40562
40674
40787
40901
41015
41128
41242
41355
41468
41581
41694
41807
41920
42034
42150
42269
45033
45132
45238
45344
45453
45562
45673
45780
47537
47642
47756
47869
47986
48103
48225
48348
48474
48600
48728
48857
48988
49119
49252
49386
49521
49657
49794
49932
50071
50210
50350
50490
50633
50774
50921
51061
51207
51351
51497
51644
51791
51940
52088
52237
52387
52537
52688
52840
52995
53145
