2270
2406
2574
2742
2917
3097
3294
6368
6498
6629
6755
6881
7004
7127
7249
7370
7490
7608
7727
7844
7960
8075
8189
8302
8415
8527
8639
8750
8862
8973
9086
9199
9314
9433
9555
9675
11333
11438
11561
11690
11822
11960
12107
14442
14578
14712
14849
14988
15131
15280
15433
17709
17816
17968
18119
18277
18442
18622
21673
21815
21964
22116
22270
22428
22588
22750
22914
23081
23249
23421
23594
23770
23948
24130
24316
24508
24705
24905
25107
25309
25510
25711
25912
26110
26306
26500
26692
26881
27068
27253
27436
27619
27803
27987
28170
28354
28537
28718
28899
29081
29262
29444
29625
29805
29986
30169
30353
30540
30740
33475
33622
33771
33922
34078
34234
34391
34548
34705
34862
35020
35178
35339
35501
35666
35834
36004
36174
36345
36517
36688
36859
37032
37206
37382
37560
37741
37921
38099
38265
38430
38593
38757
38921
39086
39251
39417
39584
39752
39921
40090
40259
40426
40594
40761
40930
41099
41273
41456
41646
41836
42742
42901
43065
43232
43399
43566
43737
43911
44091
44278
44478
44711
47825
47985
48150
48318
48495
48680
50176
50341
50498
50654
50808
50963
51117
51273
51432
51596
51762
51930
52103
52280
52463
52649
52839
53034
53235
53445
53664
53890
54125
54369
54613
54860
55106
55355
55612
55873
56136
56397
56658
56919
57183
57449
57712
57972
58235
58502
58786
59063
59257
