12176
12304
12461
12616
12772
12932
13100
13280
16756
16880
17001
17123
17243
17362
17481
17600
17718
17836
17953
18070
18187
18303
18419
18535
18651
18768
18884
19000
19117
19233
19349
19465
19581
19698
19816
19934
20054
20184
22102
22219
22342
22469
22598
22730
22870
23020
25515
25639
25772
25906
26042
26180
26319
26462
26606
28771
28896
29037
29181
29329
29479
29640
29818
32890
33023
33162
33303
33445
33590
33736
33883
34032
34183
34335
34487
34640
34794
34948
35102
35257
35413
35569
35725
35881
36038
36195
36353
36511
36670
36828
36987
37145
37303
37460
37618
37775
37931
38088
38243
38400
38556
38713
38870
39027
39186
39345
39506
39666
39829
39992
40158
40324
40493
40665
40838
41011
41186
41363
41540
41718
41898
42079
42266
42458
42662
45489
45626
45762
45901
46040
46182
46325
46468
46612
46757
46901
47046
47190
47336
47481
47628
47775
47923
48071
48220
48371
48522
48675
48829
48985
49141
49298
49456
49615
49775
49936
50096
50258
50421
50579
50735
50888
51039
51190
51343
51496
51649
51804
51959
52114
52269
52425
52581
52737
52894
53051
53212
53378
53549
53729
53910
54073
55335
55468
55625
55784
55945
56107
56269
56432
56596
56763
56939
57133
60855
61016
61175
61341
61510
61683
61867
64080
64226
64373
64522
64671
64826
64981
65137
65295
65457
65623
65796
65974
66160
66351
66553
66760
66975
67201
67431
67666
67911
68156
68410
68664
68923
69186
69446
69699
69954
70210
70468
70721
70977
71237
71511
71811
