2638
2731
2839
2947
3056
3161
3268
3376
3485
3598
3710
3824
3940
4064
4195
7121
7209
7296
7381
7463
7544
7624
7705
7784
7862
7939
8016
8091
8167
8243
8318
8392
8467
8541
8616
8690
8764
8836
8909
8980
9052
9124
9195
9265
9335
9405
9475
9544
9614
9683
9752
9822
9892
9963
10034
10106
10179
10253
10329
10411
12080
12162
12251
12341
12432
12525
12620
12717
12818
12921
13026
13140
15438
15525
15612
15700
15788
15875
15963
16052
16142
16233
16324
16416
16508
16602
16695
16789
16884
16979
17075
17173
17279
19926
20013
20116
20219
20324
20431
20541
20654
20770
20891
21026
23428
23515
23603
23690
23775
23862
23949
24035
24123
24210
24297
24384
24470
24556
24641
24727
24813
24900
24986
25073
25160
25247
25336
25425
25515
25605
25697
25792
25888
25986
26087
26191
26297
26405
26517
26631
26748
26867
26990
27114
27242
27371
27502
27635
27768
27903
28037
28172
28307
28443
28580
28717
28856
28993
29131
29269
29408
29547
29687
29824
29961
30099
30235
30372
30507
30643
30776
30908
31039
31170
31299
31426
31554
31680
31805
31930
32057
32184
32314
32448
34629
34712
34813
34913
35016
35121
35226
35332
35437
35541
35646
35750
35855
35959
36064
36168
36272
36377
36480
36586
36691
36796
36902
37009
37115
37221
37328
37436
37542
37650
37758
37866
37974
38084
38194
38305
38417
38530
38643
38757
38872
38988
39107
39229
39355
39484
39612
39734
39850
39964
40077
40189
40302
40415
40528
40642
40755
40868
40981
41094
41207
41320
41434
41547
41661
41775
41889
42003
42117
42231
42346
42460
42575
42690
42805
42921
43040
43166
43298
44537
44622
44726
44828
44932
45037
45143
45248
45353
45458
45563
45667
45770
45875
45980
46086
46193
46300
46408
46518
46631
46748
46875
50405
50518
50635
50754
50873
50994
51115
51235
51356
51478
51600
51725
51844
51966
53078
53172
53266
53359
53452
53546
53639
53732
53823
53913
54003
54091
54179
54268
54355
54443
54532
54623
54714
54806
54900
54996
55093
55192
55295
55399
55508
55620
55735
55853
55973
56097
56224
56354
56486
56621
56758
56897
57037
57176
57318
57460
57605
57751
57897
58046
58194
58341
58490
58641
58789
58939
59088
59239
59389
59540
59692
59846
60001
60157
60319
60449
