6162
6239
6334
6420
6512
6601
6692
6783
6875
6968
7063
7160
7257
7356
7456
10411
10482
10558
10631
10704
10776
10847
10919
10991
11063
11136
11209
11283
11357
11432
11507
11581
11656
11730
11803
11875
11947
12018
12086
12154
12220
12286
12351
12414
12478
12540
12602
12663
12724
12784
12845
12905
12965
13024
13084
13143
13202
13261
13320
13381
17621
17696
17773
17851
17931
18012
18095
18177
18262
18352
18446
18545
18658
18786
18993
19187
22069
22163
22259
22359
22463
22574
26090
26165
26252
26339
26427
26515
26603
26693
26782
26873
26964
27056
27149
27243
27338
27433
27530
27628
27727
27828
27930
28034
28141
28249
28360
28473
28588
28705
28825
28946
29070
29195
29324
29455
29587
29722
29860
29999
30139
30281
30423
30567
30712
30858
31007
31157
31306
31458
31609
31759
31909
32056
32204
32351
32500
32648
32796
32942
33088
33234
33383
33536
33686
33823
33960
34097
34232
34367
34501
34632
34760
34886
35011
35134
35256
35378
35499
35620
35741
35864
35989
36121
38616
38704
38803
38905
39008
39112
39217
39322
39428
39536
39643
39752
39861
39970
40080
40191
40303
40414
40527
40640
40754
40867
40981
41094
41207
41322
41436
41552
41669
41787
41905
42025
42145
42265
42385
42504
42624
42744
42864
42985
43104
43223
43338
43450
43559
43665
43767
43868
43968
44067
44165
44265
44364
44463
44562
44662
44762
44862
44961
45060
45159
45257
45356
45456
45554
45652
45751
45848
45946
46044
46142
46239
46337
46434
46531
46628
46724
46822
46918
47015
47112
47209
47307
47406
47505
47604
47707
47810
47917
48028
48140
48255
48370
48486
48601
48713
48823
48930
49034
49136
49237
49339
49440
49544
49648
49755
49863
49972
50082
50192
50302
50412
50524
50635
50747
50860
50974
51090
51206
51326
54928
55027
55127
55229
55333
55439
55547
55656
55768
58354
58463
58569
58679
58792
58907
59025
59143
59264
59385
59509
59634
59762
59891
60022
60155
60287
60421
60556
60692
60829
60968
61106
61243
61381
61520
61661
61803
61948
62093
62239
62388
62540
62694
62850
63008
63168
63329
63490
63650
63809
63965
64120
64276
64430
64581
64731
64880
65029
65178
65331
65486
65637
