2451
2532
2616
2700
2783
2867
2950
3035
3121
3210
3303
3400
6137
6203
6269
6335
6401
6466
6531
6595
6660
6724
6788
6853
6917
6981
7045
7109
7173
7238
7302
7366
7431
7496
7561
7626
7691
7757
7822
7888
7955
8022
8089
8157
8227
8295
8364
9651
9720
9793
12344
12415
12489
12564
12641
12718
12798
12878
12960
13043
13129
13217
13312
13415
13542
13706
14059
14641
16374
16455
16544
16642
19701
19781
19863
19947
20031
20117
20204
20292
20381
20471
20561
20653
20746
20840
20935
21031
21128
21227
21328
21432
21537
21644
21754
21865
21979
22095
22213
22334
22456
22582
22709
22840
22973
23106
23240
23375
23509
23643
23777
23910
24043
24175
24306
24437
24567
24698
24827
24954
25080
25202
25324
25444
25563
25682
25801
25917
26031
26144
26254
26364
26473
26581
26688
26794
26901
27008
27115
27220
27326
27431
27537
27641
27746
27850
27954
28059
28165
28269
28377
28488
30342
30425
30510
30598
30685
30773
30861
30949
31038
31127
31217
31306
31395
31485
31575
31665
31756
31847
31938
32030
32122
32215
32307
32400
32493
32587
32680
32775
32870
32965
33061
33158
33256
33356
33458
33562
33667
33770
33872
33970
34066
34161
34256
34353
34450
34547
34644
34741
34838
34934
35030
35126
35222
35318
35414
35509
35606
35702
35798
35894
35990
36087
36184
36281
36378
36475
36573
36671
36769
36868
36967
37068
37171
37274
37381
37491
37606
38714
38811
38911
39013
39115
39220
39326
39434
39544
39655
39767
39881
39995
40111
40231
40353
45927
46021
46115
46210
46305
46399
46494
46589
46686
46783
46882
46982
47084
47189
47296
47406
47518
47634
47753
47877
48006
48141
48281
48426
48575
48725
48879
49034
49191
49351
49514
49673
49830
49987
50145
50302
50458
50612
50765
50919
51075
51231
51387
51541
51693
51848
52001
52140
