976
1107
1260
1412
1568
1727
1888
2051
2219
2880
3020
3168
3319
3476
3629
3780
3928
4078
4228
4381
4539
4702
7909
8031
8156
8282
8408
8534
8659
8784
8907
9030
9151
9272
9391
9510
9628
9746
9863
9980
10097
10213
10329
10443
10557
10670
10782
10894
11006
11118
11230
11343
11457
11574
11695
11828
13681
13806
13948
14098
14251
14411
14583
17153
17272
17402
17530
17659
17786
17915
18040
18165
18289
18414
18537
18667
18802
21291
21488
21601
21716
21831
21948
22068
22191
22318
22451
25460
25600
25746
25898
26055
26218
26386
26559
26735
26916
27103
27294
27490
27694
27901
28112
28322
28526
28736
28936
29149
29329
29552
29744
29956
30144
30362
30543
30739
30951
31137
31354
31537
31748
31918
32120
32286
32488
32650
32852
38618
38756
38927
39092
39259
39424
39591
39757
39925
40095
40262
40433
40604
43461
43572
43708
43847
43981
44119
44258
44397
44536
44676
44813
44951
45087
45222
45354
45485
45615
45746
45876
46005
46134
46261
46389
46517
46647
46778
46909
47042
47177
47312
47450
47590
47734
47879
48029
48183
48341
48498
48648
48799
48948
49098
49252
49406
49563
49723
49885
50044
50204
50365
50526
50687
50847
51008
51169
51327
51486
51645
51804
51961
52119
52278
52441
52609
52779
52950
53123
53298
53465
53631
53796
53960
54127
54300
54477
54655
54832
55008
55183
55355
55525
55688
55851
56013
56177
56342
59908
60054
60205
60364
60529
60700
60878
61060
62331
62494
62662
62833
63005
63180
63359
63540
63726
63918
64110
64306
64506
64711
64918
65130
65347
65569
65790
66006
66223
66441
66665
66891
67117
67334
67545
67753
67963
68171
68383
68594
68805
69019
69251
