2381
2434
2515
2593
2670
2748
2825
2901
2977
3052
3126
3200
3274
3347
3420
3494
3567
3640
3714
3788
3862
3937
4015
4092
6794
6862
6933
7004
7075
7147
7220
7293
7369
7445
7522
7600
7680
7761
7843
7926
8010
8094
8179
8264
8350
8437
8524
8612
8702
8792
8884
8975
9067
12936
13019
13106
13194
13282
13372
13465
13566
13681
13864
16576
16667
16761
16859
16966
19918
20003
20095
20188
20283
20379
20476
20575
20675
20776
20879
20983
21088
21194
21300
21406
21513
21619
21726
21832
21938
22045
22153
22260
22367
22474
22582
22689
22797
22905
23013
23121
23229
23337
23445
23553
23662
23770
23878
23986
24091
24198
24304
24411
24518
24626
24734
24841
24948
25055
25161
25266
25371
25475
25580
25684
25789
25893
25998
26104
26210
26316
26424
26534
26652
28762
28841
28932
29025
29119
29213
29308
29403
29498
29594
29690
29785
29881
29978
30075
30172
30270
30368
30467
30566
30665
30765
30865
30966
31067
31168
31269
31370
31472
31575
31678
31782
31887
31992
32098
32201
32300
32400
32499
32598
32698
32797
32897
32997
33097
33197
33297
33397
33498
33598
33699
33800
33901
34003
34105
34207
34309
34412
34516
34621
34727
34835
34944
35053
35168
35922
36017
36119
36223
36328
36434
36541
36649
36760
36872
36985
37100
37215
37331
37449
37571
37697
43873
43956
44046
44138
44230
44323
44416
44509
44603
44698
44792
44888
44985
45083
45182
45283
45387
45492
45601
45714
45830
45952
46078
46210
46347
46490
46638
46793
46952
47114
47278
47443
47613
47783
47959
48129
48302
48471
48638
48804
48968
49127
49282
49430
49567
49707
49849
