2401
2546
2721
2902
3093
3297
5905
6197
6313
6440
6559
6674
6787
6895
7001
7105
7207
7308
7406
7504
7600
7694
7788
7881
7974
8066
8157
8247
8338
8431
8516
8618
9754
9845
9948
10053
10164
10286
10411
10545
12342
12437
12558
12680
12804
12928
13054
13182
13312
13447
13599
15756
15844
15964
16086
16214
16347
16490
19723
19887
20059
20232
20407
20583
20762
20938
21113
21287
21459
21631
21802
21974
22144
22311
22478
22644
22810
22974
23135
23296
23455
23613
23772
23931
24092
24256
24421
24590
24762
24939
25121
25307
25491
25676
25865
26058
26251
26446
26639
26831
27023
27218
27412
27615
27838
29818
29939
30083
30234
30385
30534
30681
30827
30972
31114
31257
31398
31539
31677
31812
31948
32085
32222
32362
32504
32647
32793
32941
33094
33251
33414
33583
33749
33913
34073
34233
34394
34554
34714
34875
35036
35198
35359
35520
35680
35841
36002
36162
36323
36486
36651
36831
37025
37225
37416
37594
37767
37937
38109
38286
38466
38650
38834
39025
39223
42049
42212
42388
42576
44768
44914
45063
45214
45370
45527
45690
45858
46031
46210
46396
46588
46782
46981
47186
47397
47612
47826
48047
48263
48481
48705
48935
49169
49402
49632
49864
50095
50332
