2090
2194
2331
2473
2619
2770
2926
3090
3275
5858
5978
6104
6230
6354
6475
6595
6712
6828
6942
7055
7166
7275
7383
7489
7594
7699
7802
7905
8011
8117
8245
9852
9974
11824
11928
12036
12146
12255
12364
12473
12582
12694
12807
12911
13013
13142
13221
13377
13461
15771
15886
16016
16161
18410
18516
18635
18754
18872
18991
19108
19224
19340
19455
19569
19684
19797
19910
20024
20138
20252
20367
20482
20597
20714
20833
20951
21070
21190
21312
21435
21560
21686
21816
21948
22082
22218
22356
22496
22639
22783
22927
23070
23214
23359
23505
23652
23799
23946
24099
24251
24407
24569
26612
26716
26836
26959
27081
27205
27327
27451
27576
27701
27829
27962
28097
28232
28370
28510
28652
28794
28939
29084
29229
29372
29510
29646
29779
29912
30045
30176
30307
30436
30564
30692
30820
30948
31076
31205
31334
31466
31599
31735
31876
32028
32196
32632
32759
32890
33020
33151
33282
33414
33546
33679
33811
33944
34078
34216
34363
36729
36849
36983
37125
37273
37427
38636
38770
38903
39035
39166
39296
39426
39555
39685
39815
39944
40075
40207
40342
40477
40616
40755
40896
41040
41187
41338
41491
41647
41807
41972
42140
42309
42482
42656
42829
43003
43176
43349
43520
43690
43859
44025
44189
44350
44507
44664
44825
