11020
11180
11348
11528
11710
15150
15292
15443
15590
15734
15876
16016
16153
16288
16422
16555
16686
16817
16946
17075
17202
17328
17451
17574
17696
17821
17964
18097
18493
18610
18730
18850
18972
19097
19224
19357
19507
19660
21482
21624
21770
21919
22068
22219
22374
22535
25003
25137
25275
25420
25575
25768
29056
29474
29640
29814
29992
30173
30355
30542
30728
30914
31100
31286
31473
31657
31843
32031
32218
32404
32591
32773
32956
33137
33317
33495
33674
33851
34029
34206
34386
34565
34748
34931
35114
35296
35479
35664
35847
36033
36219
36407
36595
36782
36972
37163
37351
37542
37734
37945
40236
40400
40568
40738
40905
41071
41235
41395
41555
41713
41869
42022
42174
42324
42475
42627
42780
42936
43093
43254
43419
43588
43764
43945
44127
44307
44487
44668
44850
45032
45214
45397
45580
45762
45945
46127
46312
46497
46684
46877
47077
47279
47474
47666
47856
48045
48236
48433
48634
48836
49040
49254
52663
52832
53014
53222
55439
55588
55736
55882
56026
56173
56322
56475
56633
56799
56973
57156
57348
57547
57749
57955
58168
58382
58602
58830
59068
59304
59550
59797
60042
60294
60540
60793
61039
61292
61540
61794
