2650
2775
2934
3090
3249
3411
3575
3743
3915
4090
4255
4409
4563
4721
4884
5049
5216
5388
5601
8287
8396
8518
8642
8764
8885
9005
9122
9238
9353
9465
9575
9684
9791
9896
10000
10102
10203
10304
10405
10506
10608
10711
10814
10919
11024
11130
11237
11354
13005
13114
13244
13379
13516
13658
13806
13964
16387
16509
16636
16764
16892
17020
17147
17271
17392
17512
17629
17747
20871
20930
21049
21172
21296
21418
21540
21661
21783
21906
22032
22162
22303
24787
24912
25045
25182
25322
25466
25614
25766
25920
26076
26236
26402
26574
26752
26936
27123
27312
27505
27702
27904
28108
28315
28524
28735
28947
29156
29364
29567
29766
29961
30149
30336
30522
30708
30895
31081
31265
31451
31634
31815
31992
32166
32338
32509
32679
32849
37935
38070
38235
38413
38591
38769
38942
39114
39288
39464
39640
39818
39997
40177
40358
40544
43272
43389
43530
43672
43815
43960
44105
44250
44394
44537
44680
44821
44962
45104
45246
45383
45522
45661
45800
45938
46078
46217
46355
46494
46633
46773
46914
47057
47202
47348
47498
47650
47804
47964
48131
48306
48996
49137
49293
49454
49619
49788
49962
50141
50319
50498
50679
50858
51037
51216
51395
51576
51759
51944
52126
52305
52482
52658
52833
53009
53184
53357
53530
53704
53883
54067
54254
54445
55000
55155
55322
55493
55665
55842
56020
56199
56376
56550
56722
56893
57063
57230
57398
57570
61159
61304
61454
61605
61758
61913
62071
62235
62405
62586
62788
63346
63482
63647
63813
63982
64150
64326
64494
64662
64836
65018
65208
65405
65608
65819
66037
66254
66476
66702
66930
67168
67390
67675
67851
68124
68304
68558
68759
69011
69235
69477
69716
69939
70161
70382
70608
70842
71078
