9177
9311
9460
9617
9780
9952
10139
13114
13242
13377
13510
13641
13769
13894
14018
14139
14257
14373
14486
14598
14708
14816
14923
15029
15134
15236
15338
15439
15538
15637
15734
15832
17037
17137
17240
17346
17453
17564
17679
17801
17931
20116
20244
20382
20524
20667
20808
20953
21098
21246
21409
23312
23832
23950
24081
24218
24363
24521
28980
29144
29314
29487
29664
29844
30028
30212
30397
30579
30763
30947
31132
31315
31501
31686
31872
32057
32243
32427
32611
32795
32978
33159
33342
33526
33711
33895
34080
34268
34460
34655
34853
35050
35252
35451
35650
35850
36049
36254
36455
36655
36858
37059
37264
37473
37697
40169
40319
40468
40615
40760
40905
41049
41192
41333
41472
41609
41744
41876
42009
42140
42270
42400
42531
42663
42796
42931
43067
43207
43348
43491
43637
43787
43938
44092
44248
44405
44564
44721
44877
45033
45190
45347
45503
45658
45814
45970
46125
46279
46433
46587
46742
46897
47052
47208
47363
47523
47693
47873
48061
48247
48428
48593
48760
48932
49104
49282
49466
49653
49842
50032
50224
50422
50630
53845
54006
54177
54359
56360
56546
56740
56929
57121
57315
57517
57721
57932
58147
58368
58590
58821
59056
59301
59550
59800
60054
60313
60574
60833
61098
61351
61605
61872
62129
62384
62636
62895
