2184
2284
2406
2523
2639
2754
2871
2987
3105
3224
3348
3484
6488
6574
6667
6763
6859
6956
7053
7148
7244
7339
7434
7527
7621
7715
7809
7902
7995
8089
8182
8276
8369
8463
8556
8648
8741
8834
8926
9019
9112
9205
9299
9394
9492
10985
11074
11173
11279
11392
13875
13962
14051
14143
14234
14326
14422
14514
14609
14709
14819
14948
15139
15272
18103
18199
18303
18410
18519
18631
18749
21757
21846
21943
22043
22144
22247
22350
22454
22561
22668
22777
22886
22997
23109
23223
23339
23457
23578
23702
23830
23960
24094
24231
24373
24517
24667
24819
24977
25139
25307
25481
25659
25842
26028
26215
26404
26591
26781
26972
27164
27353
27543
27733
27924
28112
28297
28478
28656
28831
29003
29173
29341
29504
29663
29819
29973
30124
30271
30412
30553
30695
30837
30983
31138
33995
34083
34181
34284
34392
34500
34610
34719
34827
34934
35041
35147
35253
35362
35468
35575
35683
35791
35899
36007
36116
36226
36336
36447
36558
36671
36785
36902
37023
37147
37275
37406
37536
37664
37791
37918
38029
38137
38246
38358
38469
38581
38692
38805
38918
39031
39146
39261
39377
39493
39609
39726
39844
39962
40081
40201
40321
40442
40563
40684
40805
40927
41053
41185
41324
41464
41606
41748
41888
42141
42261
42381
42503
42620
42741
42864
42988
43114
43241
43368
43496
43624
43751
43880
44011
44146
44289
47304
47411
47525
47644
47766
47889
48015
48143
48273
48410
50264
50386
50505
50623
50743
50865
50990
51119
51252
51389
51529
51673
51821
51974
52132
52295
52461
52635
52815
53000
53191
53388
53590
53790
53992
54193
54395
54600
54805
55011
55220
55423
55629
55838
56045
56255
56466
56687
56908
