2663
2810
2963
3119
3283
3452
3632
7646
7776
7912
8044
8173
8300
8423
8545
8664
8782
8897
9009
9119
9227
9334
9439
9544
9647
9750
9851
9952
10052
10152
10251
10351
10451
10551
10652
10753
10858
12071
12177
12284
12394
12506
12621
12741
12869
13010
13145
14933
15045
15162
15292
15423
15554
15683
15813
15944
16078
16215
16370
19052
19165
19292
19424
19563
19713
23200
23245
23373
23538
23706
23876
24045
24213
24382
24548
24719
24888
25057
25223
25389
25554
25720
25887
26052
26216
26380
26545
26708
26870
27032
27194
27357
27520
27683
27848
28014
28180
28349
28521
28697
28877
29060
29247
29435
29627
29819
30012
30205
30398
30592
30786
30978
31170
31360
31554
31770
33981
34131
34280
34429
34576
34723
34864
35006
35145
35283
35420
35554
35690
35824
35957
36090
36226
36362
36502
36643
36785
36930
37077
37226
37377
37530
37686
37847
38014
38180
38340
38496
38651
38807
38964
39120
39276
39433
39590
39746
39903
40059
40215
40372
40530
40688
40848
41008
41170
41335
41504
41683
41869
42050
42229
42402
42574
42745
42918
43094
43273
43453
43635
43818
44004
44202
44424
47643
47799
47962
48135
48316
48510
50113
50261
50409
50551
50692
50834
50977
51120
51264
51412
51565
51725
51894
52071
52256
52450
52648
52850
53057
53265
53477
53696
53919
54144
54375
54610
54843
55080
55318
55553
55788
56023
56261
56498
56739
56982
57235
