2144
2266
2413
2570
2739
2917
5711
5811
5927
6054
6177
6298
6418
6537
6654
6769
6883
6999
7113
7226
7337
7446
7554
7659
7764
7866
7967
8068
8173
8283
12278
12381
12497
12619
12727
12825
12922
13093
16292
16396
16504
16619
16741
19245
19355
19482
19628
19777
19931
20090
20253
20422
20593
20772
20952
21135
21320
21505
21687
21872
22057
22238
22417
22596
22771
22946
23114
23279
23438
23592
23743
23889
24034
24176
24318
24460
24604
24746
24890
25034
25180
25329
25481
25635
25791
25950
26110
26268
26428
26591
29081
29206
29353
29506
29658
29811
29969
30127
30289
30448
30609
30774
30939
31105
31277
31911
32053
32210
32366
32517
32667
32814
32959
33102
33243
33381
33517
33651
33782
33911
34040
34168
34297
34428
34561
34698
34844
36019
36134
36262
36416
36576
36738
36902
37070
37237
37408
37575
37742
37909
38078
41467
41584
41716
41860
42007
42161
44440
44575
44726
44876
45030
45189
45351
45518
45687
45860
46033
46208
46387
46567
46750
46933
47115
47298
47484
47669
47855
48042
48231
48420
48609
48798
48987
49175
49362
49549
49736
49923
50109
50296
50478
