2368
2512
2665
2829
3002
3186
6035
6141
6252
6361
6469
6574
6679
6782
6885
6986
7085
7184
7282
7380
7477
7573
7669
7764
7859
7954
8048
8141
8235
8332
9900
9980
10066
10154
10244
10336
10434
10538
10650
12927
13018
13115
13211
13306
13400
13494
13587
13680
13775
13872
13975
14107
14192
14316
14421
14503
14686
14751
17301
17406
17517
17633
17764
20412
20518
20633
20748
20859
20968
21076
21183
21289
21393
21496
21598
21698
21798
21897
21995
22093
22190
22287
22384
22481
22578
22676
22775
22876
22978
23082
23189
23299
23413
23531
23653
23781
23915
24052
24192
24334
24479
24626
24776
24929
25085
25241
25394
25545
25698
25852
26009
26173
26343
26504
26657
26812
26970
27131
29665
29785
29917
30050
30184
30318
30453
30589
30727
30866
31010
31164
31308
31453
31599
31747
31895
32045
32199
32360
32525
32680
32821
32963
33106
33249
33393
33537
33681
33825
33971
34117
34263
34410
34558
34707
34857
35007
35163
35328
35501
36446
36583
36728
36874
37020
37166
37312
37456
37601
37747
37895
38044
38196
38354
38525
41853
41970
42111
42270
42433
42606
42796
43952
44084
44224
44369
44512
44654
44794
44934
45071
45209
45345
45480
45616
45753
45891
46030
46171
46315
46462
46610
46761
46917
47076
47239
47407
47580
47758
47940
48123
48310
48498
48689
48881
49076
49270
49465
49660
49856
50051
50250
50449
