2260
2336
2436
2517
2608
2694
2780
2869
2958
3049
3142
3240
3344
6365
6430
6496
6562
6626
6690
6754
6818
6882
6947
7011
7075
7141
7205
7270
7335
7400
7465
7530
7594
7659
7723
7788
7853
7917
7982
8048
8114
8181
8247
8314
8381
8448
8516
8584
8652
8721
8791
8863
13631
13711
13793
13877
13962
14050
14143
14243
14356
14514
14794
17868
17964
18062
18169
21706
21782
21869
21957
22047
22137
22228
22320
22412
22506
22601
22696
22793
22891
22990
23089
23189
23290
23392
23494
23596
23700
23804
23909
24014
24119
24225
24330
24436
24541
24646
24751
24855
24961
25066
25172
25279
25385
25491
25597
25704
25811
25918
26025
26131
26237
26342
26448
26555
26662
26768
26873
26979
27085
27190
27296
27402
27508
27613
27719
27825
27932
28038
28144
28250
28356
28462
28567
28673
28778
28884
28989
29096
29204
29314
29425
31761
31846
31937
32030
32122
32216
32309
32403
32498
32593
32688
32783
32877
32972
33067
33162
33258
33355
33452
33549
33647
33745
33843
33942
34040
34139
34238
34337
34437
34536
34635
34735
34835
34935
35036
35138
35242
35349
35460
36146
36225
36321
36416
36513
36609
36706
36802
36899
36995
37092
37189
37286
37383
37481
37579
37677
37775
37874
37974
38074
38174
38275
38376
38477
38579
38681
38783
38885
38987
39089
39191
39293
39395
39499
39604
39711
39820
39932
40049
41264
41370
41478
41588
41700
41814
41929
42048
42168
42291
42416
46197
46344
48985
49081
49181
49281
49384
49489
49596
49706
49817
49932
50049
50168
50290
50415
50542
50674
50807
50944
51085
51228
51374
51523
51672
51823
51978
52133
52292
52452
52613
52777
52942
53105
53272
53438
53603
53761
53917
54069
54219
54362
54505
54652
54800
