9788
9876
9961
10050
10136
10224
10311
10402
10495
10592
10693
12965
13032
13099
13166
13231
13297
13362
13427
13494
13559
13626
13692
13758
13825
13892
13958
14025
14092
14159
14227
14295
14363
14432
14501
14571
14642
14713
14785
14859
14933
18656
18734
18818
18902
18988
19075
19165
19256
19350
19448
19560
19709
19967
20562
22264
22350
22441
22533
22628
22724
22826
25643
25726
25816
25905
25996
26087
26178
26271
26364
26458
26552
26648
26745
26843
26941
27041
27142
27244
27347
27451
27557
27663
27771
27880
27990
28101
28214
28328
28444
28560
28675
28792
28910
29029
29149
29270
29390
29510
29632
29751
29872
29993
30113
30232
30350
30469
30591
30711
30828
30943
31061
31176
31289
31402
31514
31626
31737
31847
31958
32069
32181
32296
34571
34664
34756
34850
34945
35041
35137
35233
35331
35429
35527
35627
35727
35826
35926
36026
36126
36226
36327
36428
36530
36632
36735
36838
36942
37045
37149
37252
37356
37460
37565
37672
37780
37892
37998
38098
38197
38296
38396
38496
38597
38697
38798
38900
39002
39104
39206
39308
39411
39513
39616
39719
39822
39926
40030
40134
40239
40343
40448
40555
40663
40772
40883
41000
42096
42194
42298
42404
42513
42624
42735
42848
42960
43073
43187
43304
48709
48803
48900
48997
49095
49194
49293
49394
49496
49600
49707
49817
49932
50050
50174
50302
50436
50574
50717
50865
51017
51174
51331
51491
51650
51810
51976
52146
52322
52498
52694
52880
53110
53340
53458
53662
53852
53999
54138
