2549
2646
2742
2840
2939
3039
3142
3245
3351
3457
3567
6595
6676
6758
6839
6920
6999
7078
7157
7236
7315
7395
7475
7556
7637
7718
7799
7879
7959
8038
8116
8194
8271
8347
8423
8498
8571
8644
8716
8788
8859
8929
8999
9069
9138
9208
9277
9346
9415
9487
10835
10892
10958
11027
11097
11167
11239
11311
11384
11459
11540
13994
14070
14150
14231
14312
14394
14476
14558
14641
14726
14813
14904
15002
15109
15233
15387
15596
15860
16089
16283
18539
18623
18716
18809
18904
19000
19100
19204
22923
23003
23096
23190
23285
23383
23481
23580
23681
23783
23886
23991
24096
24203
24311
24421
24533
24646
24760
24876
24994
25113
25235
25357
25480
25604
25729
25855
25981
26109
26234
26361
26488
26615
26743
26870
26997
27125
27252
27384
27514
27644
27774
27903
28033
28164
28295
28427
28560
28692
28825
28960
29096
29232
29369
29506
29644
29783
29923
30064
30205
30341
30477
30612
30746
30880
31013
31146
31279
31411
31541
31670
31800
31928
32054
32178
32301
32424
32548
32676
32809
35344
35436
35536
35639
35742
35849
35957
36068
36178
36291
36404
36518
36634
36749
36864
36981
37098
37216
37333
37450
37568
37685
37798
37911
38025
38138
38251
38364
38476
38587
38700
38815
38933
39054
39177
39302
39429
39559
39692
39826
39963
40097
40230
40357
40485
40607
40724
40837
40946
41051
41155
41259
41363
41465
41568
41672
41775
41879
41983
42087
42190
42295
42398
42501
42604
42706
42809
42911
43013
43115
43216
43318
43418
43519
43619
43718
43817
43916
44015
44114
44212
44309
44407
44503
44600
44696
44793
44890
44989
45088
45191
45298
45411
45529
45652
45779
45903
46019
46128
46234
46340
46446
46550
46653
46756
46860
46965
47073
47181
47291
47401
47512
47624
47734
47846
47957
48068
48180
48293
48408
48527
52141
52230
52333
52435
52536
52639
52744
52848
52957
53063
53171
54985
55090
55198
55306
55418
55530
55642
55757
55874
55993
56113
56236
56360
56486
56613
56741
56870
57000
57131
57264
57398
57533
57669
57805
57942
58079
58216
58354
58493
58633
58774
58914
59056
59198
59341
59483
59626
59769
59913
60058
60204
60350
60496
60643
60790
60936
61082
61229
61378
61528
61682
