2269
2413
2564
2722
2891
5491
5573
5670
5771
5871
5970
6070
6168
6264
6361
6456
6551
6645
6736
6825
6913
6998
7083
7168
7252
7336
7420
7503
7586
7671
7760
12124
12228
12360
12509
12666
12835
13005
13128
13417
13552
13856
16795
16931
17079
20007
20116
20234
20352
20470
20588
20705
20824
20942
21061
21178
21297
21414
21532
21650
21768
21886
22004
22122
22240
22359
22478
22598
22720
22845
22972
23102
23236
23378
23525
23680
23845
24018
24194
24377
24563
24749
24939
25124
25312
25503
25698
25892
31830
31950
32072
32200
32335
32479
32628
32786
35287
35408
35535
35662
35790
35920
36050
36181
36315
36451
36585
36722
36860
36999
37138
37277
37415
37553
37691
37827
37954
38078
38200
38320
38438
38555
38671
38785
38900
39014
39128
39242
39357
39472
39590
39709
39831
39956
40084
40217
40354
40500
40654
40824
42188
42320
42494
42685
42862
43045
43223
43397
43564
43729
43891
44054
44224
47202
47311
47438
47569
47703
47842
47986
49227
49340
49460
49580
49698
49814
49930
50045
50160
50274
50388
50501
50614
50727
50841
50954
51068
51182
51296
51412
51528
51646
51766
51888
52012
52140
52270
52404
52544
52690
52840
52998
53163
53333
53507
53684
53862
54043
54224
54407
54590
54772
54957
