9194
9274
9356
9436
9517
9596
9675
9754
9832
9910
9988
10065
10143
10223
10304
10389
10479
12978
13041
13105
13170
13235
13301
13367
13434
13501
13569
13638
13707
13777
13848
13920
13992
14065
14138
14212
14287
14361
14437
14512
14588
14665
14742
14820
14901
14986
18954
19030
19118
19207
19298
19390
19482
19578
19676
19786
19924
20042
20272
20501
22764
22863
22966
23071
25914
26004
26100
26199
26301
26404
26508
26615
26724
26835
26949
27064
27181
27299
27418
27537
27658
27778
27899
28019
28139
28258
28378
28498
28618
28739
28860
28980
29103
29225
29347
29469
29591
29712
29833
29953
30069
30185
30299
30413
30527
30642
30759
30876
30993
31106
31219
31333
31448
31561
31672
31783
31893
32002
32112
32223
32335
32449
32566
35175
35248
35342
35436
35532
35629
35725
35823
35921
36019
36117
36216
36314
36413
36513
36612
36712
36813
36913
37014
37115
37217
37319
37421
37524
37627
37730
37833
37936
38039
38143
38247
38351
38456
38564
38674
38790
38907
39740
39837
39939
40042
40144
40247
40350
40452
40555
40657
40760
40863
40966
41070
41173
41277
41382
41486
41592
41697
41802
41909
42016
42124
42232
42340
42449
42558
42666
42775
42884
42996
43111
43231
43357
44487
44599
44713
44829
44948
45069
45191
45317
45444
45571
45702
45838
45979
51652
51752
51855
51959
52066
52173
52282
52392
52505
52620
52737
52856
52979
53104
53232
53361
53493
53628
53766
53907
54051
54198
54350
54502
54657
54814
54972
55130
55289
55445
55604
55764
55926
56089
56254
56419
56585
56748
56911
57074
57237
57399
57564
57725
