2389
2485
2597
2706
2817
2931
3055
5527
5591
5657
5721
5784
5847
5909
5971
6032
6094
6155
6215
6276
6337
6397
6457
6516
6576
6635
6694
6753
6812
6870
6928
6987
7045
7104
7162
7221
7280
7340
7402
7463
7528
9015
9079
9145
9213
9284
9359
9436
11139
11207
11283
11359
11434
11510
11588
11668
11749
11832
11916
12002
12089
12176
12263
12352
12451
14789
14869
14950
15030
15111
15193
15276
15363
15454
15551
18922
19030
19150
19272
19399
19529
19663
19799
19937
20076
20216
20357
20500
20643
20787
20932
21077
21221
21365
21508
21649
21788
21925
22060
22193
22324
22454
22581
22706
22829
22951
23071
23188
23304
23419
23533
23647
23761
23873
23984
24093
24204
24315
24425
24535
24646
24757
24870
24983
25095
25206
25315
25423
25531
25637
25743
25849
25955
26061
26171
26288
28706
28799
28907
29017
29128
29240
29354
29470
29586
29703
29821
29940
30062
30187
30312
30436
30559
30683
30806
30929
31051
31175
31300
31427
31556
31688
31824
31965
32115
32628
32743
32861
32977
33090
33202
33313
33423
33534
33644
33753
33862
33970
34078
34185
34291
34396
34501
34605
34708
34811
34913
35015
35116
35216
35316
35416
35516
35616
35717
35818
35919
36022
36126
36233
36344
36459
36577
36696
36815
36931
37043
37152
37260
37367
37473
37578
37683
37788
37894
38000
38107
38216
38327
38438
38552
38671
42433
42519
42623
42728
42835
42943
43054
43168
43282
43402
43524
44607
44721
44834
44947
45060
45175
45293
45414
45538
45664
45794
45925
46059
46196
46333
46472
46613
46755
46898
47044
47190
47336
47485
47634
47783
47934
48086
48240
48395
48552
48709
48868
49028
49188
49348
49511
49675
49839
50003
50168
50333
50500
50668
50837
51009
