11800
11930
12082
12228
12377
12527
12679
12842
15981
16069
16181
16287
16392
16495
16597
16698
16799
16898
16997
17096
17194
17291
17388
17485
17581
17676
17770
17864
17957
18050
18142
18234
18327
18420
18514
18610
18707
18806
18908
19011
19114
19224
20990
21090
21198
21311
21430
21561
23766
23881
23999
24120
24243
24368
24496
24627
24762
24912
27086
27235
27384
27538
27699
27875
31102
31256
31412
31578
31751
31927
32108
32294
32485
32681
32885
33095
33311
33532
33759
33991
34228
34474
34724
34968
35218
35470
35710
35943
36167
36384
36595
36798
36998
37194
37386
37577
37767
37954
38139
38323
38507
38690
38873
39054
39234
39411
39585
39756
39926
40099
40272
40445
40617
40789
40965
41150
43802
43910
44039
44172
44306
44442
44578
44714
44850
44986
45121
45255
45389
45521
45657
45794
45933
46073
46214
46356
46499
46642
46787
46933
47079
47227
47375
47524
47674
47828
47985
48143
48298
48450
48602
48751
48899
49045
49192
49337
49484
49631
49778
49925
50072
50218
50365
50511
50658
50803
50949
51095
51241
51387
51535
51682
51832
51983
52144
52318
53918
54057
54195
54337
54484
54633
54784
54937
55094
55259
58924
59067
59212
59360
59515
59676
59850
61862
61998
62138
62277
62415
62554
62694
62836
62982
63133
63284
63439
63597
63759
63929
64109
64299
64498
64708
64926
65158
65398
65639
65882
66134
66390
66647
66908
67169
67436
67687
67954
68214
68475
68734
68991
69256
69523
69785
70049
70317
70596
70872
71160
