2612
2745
2910
3055
3225
3394
3564
3747
3918
4251
4390
4550
4708
4868
5028
5183
5336
5489
5643
5801
5964
8847
8969
9094
9220
9345
9470
9595
9719
9842
9965
10087
10208
10330
10452
10573
10695
10818
10939
11062
11184
11307
11430
11554
11683
13348
13474
13608
13746
13888
14036
14191
14356
16869
16987
17127
17260
17393
17532
17662
17792
17922
18050
18176
18304
18426
18574
18687
21279
21389
21514
21639
21766
21895
22028
22165
22310
25199
25331
25476
25625
25780
25941
26104
26269
26439
26615
26794
26978
27166
27360
27556
27757
27958
28162
28365
28566
28764
28962
29158
29350
29542
29736
29923
30121
30298
30494
30685
30872
31062
31248
31435
31614
31797
31977
32156
32332
32510
32689
32869
33051
33237
33420
33608
33800
33988
34185
34382
34575
34770
34958
35148
35332
35518
35703
35889
36084
38997
39132
39274
39417
39561
39706
39851
39997
40143
40288
40432
40575
40718
40861
41003
41145
41287
41426
41566
41706
41846
41987
42130
42273
42417
42561
42705
42850
42996
43143
43291
43440
43594
43751
43913
44080
44255
44935
45079
45239
45401
45565
45728
45893
46059
46226
46394
46564
46736
46909
47087
47267
47450
47634
47812
47988
48164
48341
48516
48691
48866
49041
49217
49398
49587
49785
50743
50905
51079
51255
51436
51620
51807
51994
52177
52354
52530
52706
52881
53057
56647
56778
56929
57082
57239
57399
57561
57725
57895
58077
58260
58447
59198
59367
59534
59702
59868
60034
60196
60357
60523
60692
60861
61028
61199
61374
61553
61740
61932
62129
62332
62529
62737
62939
63153
63361
63581
63794
64010
64220
64438
64655
64865
65085
65306
65530
65747
65969
66187
66404
66618
66836
67040
