2338
2468
2610
2757
2908
3066
5768
5874
5992
6114
6231
6348
6464
6579
6693
6806
6918
7029
7139
7250
7360
7470
7578
7687
7794
7904
8015
8131
10031
12106
12203
12314
12429
12549
12678
12767
13179
13532
13649
13747
18645
18741
18847
18953
19059
19165
19272
19378
19483
19589
19695
19801
19907
20014
20123
20233
20343
20457
20572
20691
20814
20942
21074
21212
21358
21512
21670
21833
22003
22178
22357
22538
22719
22902
23083
23265
23445
23626
23804
23982
24157
24330
24500
24667
24834
24992
25301
27762
27875
28010
28149
28289
28430
28571
28718
28859
29001
29144
29287
29431
29578
29732
31983
32081
32203
32329
32454
32581
32708
32837
32969
33102
33239
33378
33517
33659
33804
33951
34098
34249
34402
34562
34722
34868
35001
35138
35272
35404
35533
35662
35787
35911
36034
36156
36278
36398
36518
36639
36759
36881
37006
37133
37264
37401
37545
37697
37860
38038
38924
39078
39250
39437
39622
39810
39997
40180
40365
40550
40733
40919
41106
41299
44110
44251
44423
44588
44758
44933
46721
46853
46985
47118
47249
47382
47515
47649
47784
47921
48059
48199
48343
48490
48640
48795
48954
49119
49289
49468
49650
49835
50020
50204
50389
50576
50765
50955
51147
51338
51530
51722
51914
52108
52300
52495
52689
52882
