2460
2605
2772
2946
5785
5920
6057
6190
6322
6450
6576
6700
6822
6942
7060
7177
7293
7408
7523
7638
7751
7865
7980
8097
8230
8363
8500
8630
8753
8875
9000
9127
9261
9400
9548
9705
9878
11913
12058
12209
12365
12522
12681
12842
15013
15148
15293
15447
15612
15810
19075
19224
19379
19534
19690
19846
20004
20165
20327
20491
20656
20823
20992
21165
21341
21517
21692
21870
22048
22233
22418
22604
22793
22984
23173
23370
23568
23770
23974
24171
24364
24560
24756
24958
25152
25356
25554
25746
25946
28136
28271
28426
28583
28743
28906
29072
29236
29400
29562
29726
29889
30053
30218
30385
30554
30724
30897
31074
31256
31447
31638
31818
31992
32165
32340
32517
32694
32873
33053
33234
33416
33598
33783
33970
34161
34352
34566
35173
35359
35542
35719
35899
36082
36269
36463
36666
36891
40003
40156
40336
40537
40753
42964
43090
43235
43384
43536
43693
43855
44020
44191
44370
44555
44748
44941
45139
45347
45551
45755
45963
46176
46397
46629
46867
47108
47348
47591
47830
48080
48312
48561
48836
