2291
2413
2523
2637
2755
2870
2984
3101
3217
3339
3469
6493
6579
6672
6768
6865
6963
7062
7159
7255
7351
7447
7542
7636
7731
7825
7919
8013
8106
8200
8293
8386
8478
8570
8662
8754
8846
8939
9031
9124
9218
9312
9407
9504
9608
9718
11282
13988
14070
14161
14253
14349
14450
14550
14653
14759
14869
14981
15086
15285
15422
18211
18302
18407
18515
18625
18737
18851
18969
19095
22062
22158
22260
22365
22474
22584
22696
22810
22925
23043
23161
23282
23404
23529
23656
23786
23921
24061
24204
24352
24504
24660
24822
24989
25162
25342
25527
25716
25910
26109
26309
26509
26711
26914
27119
27325
27531
27736
27942
28151
28362
28574
28791
29007
29217
29416
29610
29797
31736
32385
32564
32685
32844
32992
33139
33287
33435
33583
33735
33893
34057
36924
37003
37106
37211
37319
37431
37545
37660
37775
37891
38008
38125
38242
38359
38477
38590
38704
38818
38933
39046
39160
39273
39388
39502
39618
39734
39851
39969
40088
40210
40336
40465
40599
40737
40879
41511
41590
41698
41809
41924
42039
42156
42274
42392
42510
42629
42749
42869
42991
43112
43233
43355
43478
43601
43725
43849
43975
44101
44227
44354
44482
44610
44739
44868
45004
45147
45295
45444
45589
45731
45865
45997
46128
46255
46379
46504
46631
46759
46890
47024
47159
47296
47433
47571
47709
47849
47991
48140
51400
51525
51654
51790
51927
52067
52209
52359
53984
54110
54236
54360
54485
54612
54743
54877
55015
55158
55305
55456
55613
55775
55941
56115
56297
56489
56688
56892
57097
57305
57515
57723
57935
58148
58364
58578
58796
59014
59233
59453
59668
59890
60117
60345
