2258
2345
2443
2540
2638
2736
2836
2935
3035
3137
3238
3341
3445
3550
3658
3767
3878
3990
8081
8162
8246
8331
8415
8499
8583
8666
8748
8830
8911
8993
9073
9155
9236
9318
9398
9479
9559
9639
9718
9797
9875
9953
10030
10107
10184
10260
10335
10411
10486
10560
10634
10708
10781
10854
10927
10999
11071
11143
11214
11286
11356
11427
11498
11568
11638
11708
11777
11847
11916
11985
12054
12123
12191
12260
12328
12396
12464
12532
12600
12669
12737
12805
12874
12943
13012
13081
13151
13222
13294
13389
15283
15353
15425
15497
15570
15643
15720
15802
18241
18315
18393
18472
18550
18628
18708
18788
18870
18954
19040
19130
19229
19341
19488
22390
22463
22537
22612
22686
22761
22837
22913
22990
23070
23154
25718
25794
25879
25967
26055
26145
26237
26330
26424
26519
26615
26712
26810
26909
27010
27110
27212
27316
27420
27526
27632
27741
27850
27959
28069
28179
28290
28402
28515
28628
28741
28855
28969
29082
29196
29309
29421
29533
29644
29755
29865
29975
30084
30193
30301
30408
30516
30623
30730
30837
30944
31050
31157
31263
31369
31474
31580
31685
31790
31893
31995
32096
32196
32296
32395
32496
38327
38407
38499
38589
38678
38767
38856
38946
39036
39125
39217
39309
39402
39495
39589
39682
39776
39870
39963
40057
40151
40247
40343
40441
40546
43665
43742
43819
43898
43979
44059
44141
44223
44305
44388
44471
44553
44636
44719
44801
44883
44964
45046
45127
45208
45289
45369
45450
45532
45613
45695
45778
45859
45941
46022
46103
46184
46264
46344
46424
46502
46581
46658
46736
46813
46890
46966
47042
47118
47193
47269
47344
47421
47498
47576
47656
47738
47823
48835
48912
48998
49086
49175
49265
49356
49447
49537
49627
49717
49807
49898
49989
50082
50175
50270
50366
50461
50558
50655
50752
50851
50951
51053
51156
51260
51364
51469
51576
51682
51789
51896
52004
52113
52223
52333
52443
52555
52665
52776
52888
52998
53109
53219
53331
53441
53552
53661
53771
53880
53988
54096
54204
54314
54426
54545
55816
55885
55980
56078
56177
56276
56377
56477
56579
56679
56781
56881
56983
57085
57188
57291
57394
57500
57607
61473
61561
61653
65112
65204
65298
65394
65491
65590
65689
65789
65889
65990
66091
66194
66296
66399
66503
66608
66714
66820
66926
67034
67142
67251
67361
67472
67583
67694
67805
67917
68029
68142
68257
68371
68485
68598
68712
68827
68943
69056
69171
69284
69399
69513
69628
69743
69858
69971
70085
70199
70313
70426
70541
70655
70769
70883
70998
71115
71229
71344
71453
71571
71673
