2566
2715
2867
3030
3203
3389
5985
6099
6219
6343
6467
6596
6722
6847
6969
7090
7210
7329
7447
7565
7682
7800
7918
8038
8162
9898
10029
10176
12281
12393
12512
12647
12787
12931
13073
13191
13406
13518
13849
13956
16239
16364
16507
16665
19445
19560
19686
19826
19971
20116
20262
20410
20553
20691
20829
20966
21104
21241
21380
21520
21661
21804
21948
22096
22245
22399
22555
22717
22884
23055
23228
23401
23573
23745
23919
24095
24272
24444
24615
24786
24955
25122
25289
25458
25628
25794
25958
26124
26293
26464
29033
29146
29278
29427
29578
29729
29881
30036
30193
30352
30515
30676
30838
31001
31166
31330
31493
31657
31824
32000
32182
32352
32494
32638
32791
32943
33093
33239
33383
33524
33664
33800
33936
34071
34206
34340
34475
34611
34750
34891
35038
35191
35352
36725
36853
36997
37169
37346
37526
37707
37890
38074
38263
38461
41482
41607
41757
41932
42119
42328
44086
44218
44363
44505
44647
44787
44928
45070
45213
45358
45506
45657
45811
45967
46127
46291
46459
46631
46809
46994
47182
47373
47567
47764
47963
48163
48365
48566
48766
48966
49167
49367
49568
49769
49967
50164
50361
50558
50754
