2075
2165
2279
2383
2491
2599
2707
2816
2930
3048
3177
6069
6140
6231
6321
6413
6506
6599
6693
6787
6880
6973
7066
7160
7253
7345
7438
7530
7623
7715
7807
7900
7992
8085
8177
8270
8363
8457
8551
8647
8743
8840
8938
9047
10629
10715
10814
10920
11033
13630
13720
13812
13905
14000
14097
14195
14294
14397
14506
14624
14771
15005
15166
17735
17827
17928
18031
18136
18244
18355
18474
21395
21482
21575
21670
21767
21865
21966
22068
22172
22278
22384
22492
22600
22710
22821
22934
23051
23171
23294
23420
23549
23681
23816
23955
24098
24243
24392
24547
24706
24867
25033
25202
25376
25554
25736
25923
26111
26300
26491
26681
26869
27058
27245
27432
27619
27804
27987
28169
28349
28526
28702
28873
29040
29204
29366
29525
29681
29835
29988
30134
30277
30419
30559
30698
30837
30980
31134
33917
34019
34123
34231
34340
34450
34560
34671
34783
34896
35008
35119
35230
35341
35449
35559
35670
35781
35892
36004
36117
36232
36348
36468
36590
36717
36848
36983
37120
38288
38389
38499
38609
38722
38837
38952
39068
39184
39300
39416
39532
39649
39766
39884
40001
40119
40237
40356
40475
40594
40713
40832
40953
41075
41201
41333
41467
41602
41737
41869
41999
42125
42251
42373
42493
42611
42728
42847
42967
43088
43211
43334
43459
43583
43709
43835
43965
44102
47241
47344
47459
47578
47699
47823
47954
49896
50019
50135
50252
50369
50488
50608
50730
50856
50987
51122
51261
51405
51553
51707
51866
52030
52198
52370
52547
52727
52909
53096
53284
53473
53664
53858
54055
54256
54458
54660
54864
55073
55286
55498
55714
55926
56313
