5344
5415
5488
5560
5631
5701
5772
5843
5915
5988
6067
6151
6260
6406
12939
13020
13104
13190
13278
13366
13455
13544
13633
13721
13810
13897
13986
14074
14162
14249
14337
14426
14516
19371
19448
19525
19602
19678
19756
19836
19915
19993
20070
20147
20223
20299
20375
20450
20526
20602
20677
20753
20829
20906
20982
21059
21135
21212
21290
21368
21446
21525
21605
21685
21765
21847
21930
22014
22100
22187
22275
22366
22458
22552
22648
22746
22845
22947
23050
23155
23260
23366
23473
23581
23688
23797
23906
24017
24131
24245
24362
24480
24598
24718
24838
24958
25079
25202
25326
25451
25572
25700
25824
25922
26242
27281
27648
27826
27919
28008
28097
28187
28277
28368
28461
28554
28648
28744
28843
32120
32216
32317
32419
32521
32623
32726
32830
32932
33035
33137
33239
33341
33444
33545
33647
33748
33849
33950
34051
34151
34253
34356
34461
34568
34680
36307
36400
36496
36594
36693
36792
36892
36991
37089
37188
37286
37384
37482
37579
37677
37774
37871
37968
38064
38160
38255
38348
38441
38534
38627
38721
38814
38908
39001
39094
39188
39282
39377
39473
39569
39666
39763
39861
39959
40059
40158
40258
40360
40463
40568
40673
40780
40888
40997
41107
41219
41332
41445
41559
41673
41789
41904
42021
42138
42256
42373
42492
42610
42729
42848
42968
43087
43207
43328
43447
43567
43685
43806
43926
44046
44166
44285
44406
44525
44644
44763
44882
45001
45122
45243
45363
45483
45604
45723
45844
45965
46085
46204
46324
46443
46563
46682
46802
46916
47035
47147
47263
47371
