5844
5959
6074
6188
6302
6416
6530
6648
6776
12516
12638
12770
12906
13041
13178
13317
13457
13596
13737
13878
14021
14164
14307
14449
14591
14733
14878
15023
15171
15323
15478
15666
20024
20668
20808
20952
21096
21238
21378
21518
21658
21799
21939
22080
22219
22359
22499
22640
22782
22924
23067
23209
23352
23495
23637
23778
23918
24058
24198
24338
24478
24619
24760
24902
25044
25185
25327
25468
25609
25750
25891
26033
26174
26317
26458
26601
26745
26895
27056
27360
27578
28139
28259
28382
28521
28638
28789
28932
29079
29228
29379
29532
29685
29839
29993
30148
30308
33457
33587
33736
33885
34037
34190
34346
34502
34659
34817
34974
35133
35292
35449
35607
35764
35921
36077
36234
36392
36552
36712
36873
37035
37199
37367
37537
37707
37874
38039
38205
38373
38543
38718
38892
39053
39216
39378
39539
39699
39860
40024
40191
40361
40533
40705
40879
41052
41227
41401
41574
41746
41915
42082
42245
42407
42569
42733
42899
43067
43237
43408
43580
43753
43931
44115
44307
44504
44707
44909
45115
45318
45524
45727
45948
46135
46520
46709
47100
47270
47679
48085
48308
48542
48774
49024
49276
49510
49739
49965
50195
50425
50652
50877
