4395
4466
4545
4621
4696
4774
4856
4942
5030
5121
5216
5341
9245
9323
9408
9493
9580
9667
9754
9842
9930
10020
10109
10201
10292
10385
10478
10573
10669
10768
10874
14368
14461
14556
14654
14760
14870
14980
15088
15194
15299
15403
15506
15608
15709
15810
15912
16015
16121
16228
16338
16450
16565
16682
16802
16926
17052
17182
17315
17452
17591
17732
17873
18011
18147
18288
18429
18571
18711
18850
18988
19129
19286
19481
21681
21786
21901
22015
22130
22244
22359
22474
22590
22705
22819
22933
23046
23158
23269
23379
23489
23599
23708
23819
23931
24046
24165
24287
25242
25341
25446
25548
25648
25747
25844
25941
26038
26135
26233
26330
26429
26528
26626
26723
26822
26920
27019
27117
27216
27316
27415
27515
27616
27718
27820
27923
28026
28131
28236
28344
28453
28565
28679
28796
28916
29039
29167
29297
29431
29569
29708
29843
29976
30109
30244
30380
30516
30656
30796
30937
31080
31226
31374
31525
31676
31830
31983
32132
32281
32430
32579
32728
32875
33022
33167
33309
33452
33594
33733
33871
