4654
4728
4803
4873
4942
5009
5076
5142
5207
5272
5337
5402
5467
5533
5599
5668
5738
5812
5897
6056
11616
11710
11813
11917
12019
12123
12229
12338
12449
12563
12678
12796
12917
13038
13161
13285
13408
13533
13657
13781
13904
14027
14152
14279
14414
19385
19463
19555
19649
19745
19839
19931
20021
20109
20195
20280
20364
20447
20530
20613
20694
20776
20858
20940
21023
21104
21186
21270
21352
21435
21518
21601
21685
21770
21853
21937
22022
22106
22191
22276
22360
22445
22530
22615
22700
22785
22869
22953
23038
23122
23206
23290
23375
23458
23541
23624
23706
23788
23870
23952
24033
24114
24197
24281
24369
24469
24593
24898
25653
25760
25847
25936
26022
26110
26198
26286
26374
26462
26550
26639
26727
26815
26902
26991
27078
27168
27257
27347
27439
27532
27629
27734
27872
30236
30325
30417
30509
30601
30695
30788
30882
30975
31069
31163
31257
31350
31445
31538
31632
31726
31819
31912
32005
32097
32188
32279
32369
32460
32555
32655
32770
34203
34291
34390
34489
34589
34691
34793
34898
35003
35109
35216
35324
35433
35543
35654
35766
35879
35993
36110
36231
36354
36479
36605
36733
36863
36995
37127
37261
37397
37536
37676
37819
37963
38109
38257
38406
38555
38705
38857
39010
39165
39321
39481
39639
39797
39955
40114
40274
40435
40600
40764
40930
41093
41257
41419
41583
41745
41912
42077
42240
42406
42575
42740
42901
43062
43221
43383
43542
43706
43867
44030
44192
44356
44520
44691
