5416
5491
5565
5639
5711
5783
5853
5924
5994
6065
6136
6207
6280
6354
6433
6569
14187
14278
14371
14465
14560
14656
14752
14848
14944
15040
15136
15230
15325
15418
15510
15600
15690
15779
15868
15957
16044
16131
16218
16304
16391
16476
21245
21332
21420
21509
21599
21689
21781
21873
21966
22059
22153
22248
22343
22439
22535
22632
22729
22825
22922
23020
23119
23218
23318
23419
23521
23624
23728
23831
23935
24039
24144
24248
24354
24459
24567
24673
24782
24889
24999
25105
25215
25322
25430
25537
25646
25754
25864
25975
26084
26195
26304
26414
26524
26635
26743
26852
26961
27070
27178
27285
27393
27500
27608
27715
27823
27916
28196
28431
28509
29458
29608
29808
29917
30006
30102
30197
30292
30389
30485
30582
30679
30778
30876
30976
31077
31179
31282
31387
31495
31596
31703
31803
31904
35308
35407
35505
35603
35702
35801
35900
36000
36100
36200
36300
36402
36501
36603
36702
36803
36901
37000
37098
37196
37294
37392
37489
37587
37686
37786
37887
37989
38093
38197
39821
39915
40010
40106
40203
40300
40397
40495
40592
40691
40789
40888
40987
41086
41186
41286
41385
41486
41585
41685
41784
41883
41982
42082
42182
42282
42383
42483
42585
42687
42790
42894
42999
43103
43209
43315
43422
43529
43635
43744
43852
43962
44073
44183
44294
44407
44520
44633
44747
44861
44977
45092
45207
45324
45438
45554
45670
45786
45902
46019
46134
46252
46367
46487
46600
46721
46836
46956
47070
47189
47307
47423
47540
47659
47778
47896
48017
48136
48255
48375
48496
48617
48737
48859
48977
49101
49219
49342
49456
49583
49689
49802
