4578
4692
4828
4966
5061
5445
5513
9234
9343
9455
9566
9677
9790
9903
10018
10134
10252
10377
10507
14780
14910
15057
15228
15405
15583
15765
15946
16126
16308
16492
16671
16847
17022
17191
17368
17520
17929
18060
18952
19294
19428
19614
19766
19922
22515
22674
22845
23019
23204
23389
23577
23763
23952
24142
24333
24529
26706
26837
26989
27164
27329
27498
27666
27836
28005
28175
28345
28516
28688
28859
29034
29206
29382
29561
29740
29922
30106
30291
30479
30667
30856
31048
31243
31436
31629
31825
32018
32213
32408
32601
32794
32987
33181
33374
33568
33764
33958
