3803
3863
3930
3997
4067
4137
4211
4287
4368
4452
4537
4697
8644
8714
8784
8855
8926
8998
9070
9143
9217
9291
9365
9439
9514
9589
9664
9745
9826
9911
10005
15097
15197
15315
15434
15553
15672
15792
15915
16039
16166
16293
16420
16547
16674
16801
16927
17054
17180
17305
17430
17553
17673
17792
17909
18025
18140
18256
18372
18500
18606
18806
19023
19425
22533
22635
22742
22852
22962
23073
23185
23297
23409
23522
23636
23750
23864
23978
24092
24205
24319
24435
24554
24679
26349
26451
26561
26672
26784
26896
27007
27119
27232
27344
27458
27570
27684
27797
27911
28027
28142
28260
28380
28501
28623
28748
28874
29001
29131
29263
29395
29529
29665
29803
29943
30086
30229
30374
30521
30669
30819
30973
31128
31286
31446
31606
31765
31927
32088
32245
32410
32574
32743
32905
33076
33245
33415
33580
33749
33922
34094
34269
34447
