13362
13471
13590
13706
13822
13935
14047
14159
14273
14394
14539
14732
14918
21145
21271
21411
21550
21690
21831
21972
22114
22259
22405
22556
22714
22896
28706
28848
29007
29168
29331
29494
29657
29820
29981
30142
30304
30466
30628
30792
30955
31117
31278
31438
31597
31754
31909
32063
32216
32368
32520
32672
32823
32973
33123
33271
33419
33567
33714
33863
34011
34161
34312
34465
34619
34775
34932
35091
35252
35414
35576
35739
35902
36067
36235
36416
39587
39759
39933
40109
40283
40457
40632
40806
40981
41157
41335
41517
41708
41908
42096
43768
43900
44065
44231
44395
44560
44725
44889
45053
45216
45378
45538
45698
45853
46005
46156
46307
46460
46613
46768
46924
47082
47240
47400
47565
47732
47904
48082
48267
48460
48667
48885
49111
49338
49572
49813
50054
50289
50525
50765
51010
51261
51518
51788
52055
52315
52577
52844
53111
53378
53635
53895
54163
54446
54916
55622
