4052
4112
4199
4260
4379
4512
4670
8827
8895
8963
9032
9100
9169
9237
9307
9377
9448
9519
9589
9661
9732
9803
9875
9948
10021
10095
10170
10246
10323
10402
10482
10567
14807
14897
14989
15083
15186
15298
15406
15515
15617
15721
15822
15921
16019
16115
16212
16309
16406
16504
16602
16700
16798
16895
16993
17091
17188
17285
17382
17478
17574
17669
17764
17859
17953
18048
18142
18235
18329
18423
18517
18612
18707
18802
18899
18998
19099
19204
19316
19433
19564
19734
22655
22749
22851
22954
23057
23160
23264
23368
23471
23575
23678
23782
23885
23988
24090
24192
24293
24394
24495
24598
24704
24817
24937
26668
26772
26879
26988
27098
27207
27319
27431
27544
27659
27775
27892
28010
28129
28249
28371
28494
28619
28745
28873
29002
29135
29269
29406
29545
29685
29829
29970
30115
30260
30408
30557
30707
30858
31010
31163
31314
31469
31625
31781
31940
32099
32259
32418
32577
32737
32898
33060
33223
33384
33547
33710
33875
34041
34202
34371
34540
34708
34878
35043
35211
