16833
16905
17009
17114
17215
17316
17416
17515
17614
17713
17812
17910
18006
18110
18214
18309
23398
23526
23658
23793
23927
24065
24204
24343
24483
24624
24765
24907
25049
25195
25351
30189
30320
30460
30600
30742
30885
31028
31171
31313
31454
31594
31733
31871
32008
32145
32285
32426
32571
32720
32876
33037
33206
33382
33565
33755
33954
34158
34367
34581
34798
35018
35239
35461
35682
35901
36117
36331
36539
36739
36932
37118
37299
37476
37652
37827
37998
38165
38330
38495
38661
38827
38997
39170
39352
39550
42296
42450
42622
42791
42959
43128
43298
43467
43636
43806
43977
44155
44339
44531
44687
44864
46694
46838
46999
47160
47317
47475
47633
47790
47947
48104
48260
48416
48570
48719
48867
49016
49166
49318
49470
49624
49779
49936
50094
50254
50417
50584
50754
50928
51108
51296
51494
51704
51922
52146
52377
52616
52861
53109
53359
53608
53858
54114
54374
54638
54904
55170
55433
55688
55943
56192
56442
56694
56948
57203
57455
57709
57969
58239
58521
58752
