4025
4156
4287
4421
4555
4705
4869
8596
8770
8943
9118
9296
9479
9667
9853
10047
10267
14453
14666
14826
15002
15180
15356
15531
15703
15871
16037
16201
16363
16525
16685
16846
17006
17165
17323
17478
17632
17785
17937
18088
18238
18385
18533
18678
18823
18969
19116
19266
19422
19585
19755
19933
20114
20299
20493
22790
22956
23130
23307
23486
23672
23869
24080
25416
25566
25730
25899
26071
26244
26415
26587
26756
26925
27091
27256
27420
27584
27750
27912
28075
28239
28405
28575
28742
28927
29115
29306
29500
29698
29898
30102
30313
30523
30739
30955
31171
31391
31618
31848
32081
32317
32554
32790
33025
33262
33497
33728
33957
34184
34409
34641
34878
