4517
4588
4660
4735
4817
4904
5000
5124
5351
9508
9584
9670
9756
9843
9931
10020
10109
10199
10291
10383
10476
10569
10664
10761
10858
10959
11064
15615
15695
15785
15874
15967
16060
16154
16247
16340
16433
16526
16620
16716
16813
16911
17012
17114
17219
17325
17435
17548
17666
17787
17912
18039
18169
18302
18440
18579
18719
18860
18999
19137
19273
19407
19540
19672
19801
19934
20080
20290
23498
23598
23699
23800
23903
24006
24110
24215
24321
24428
24535
24642
24750
24859
24969
25083
25201
27199
27305
27412
27521
27629
27739
27849
27959
28070
28180
28291
28402
28511
28621
28732
28843
28956
29069
29184
29300
29417
29536
29656
29777
29900
30024
30149
30275
30403
30530
30659
30788
30918
31049
31181
31316
31451
31587
31725
31863
32002
32143
32285
32430
32576
32725
32879
33031
33182
33333
33485
33637
33787
33934
34080
34224
34367
34510
34654
34796
34940
35082
35226
35370
35513
35657
35805
35950
36099
