5917
5977
6052
6120
6188
6257
6326
6396
6466
6537
6609
6681
6756
6842
11501
11581
11661
11742
11823
11904
11985
12067
12151
12235
12320
12407
12494
12583
12672
12762
12853
12944
13036
13129
13231
17001
17091
17187
17286
17390
17499
17605
17711
17817
17921
18025
18129
18233
18336
18440
18545
18651
18759
18870
18982
19096
19212
19329
19447
19564
19682
19802
19923
20046
20170
20295
20420
20545
20670
20794
20917
21040
21161
21280
21397
21513
21630
21751
21881
22041
24441
24531
24635
24741
24846
24950
25054
25158
25262
25366
25469
25573
25676
25780
25883
25986
26089
26191
26294
26397
26506
26619
28164
28260
28358
28455
28550
28644
28737
28829
28922
29015
29108
29201
29292
29382
29471
29561
29651
29741
29832
29924
30016
30110
30203
30298
30393
30490
30587
30685
30786
30889
30994
31102
31214
31328
31444
31564
31687
31813
31942
32073
32207
32343
32478
32614
32749
32885
33022
33160
33300
33439
33579
33719
33858
33996
34135
34275
34414
34554
34695
34835
34977
35120
35264
35409
35555
35702
35850
35995
36139
36280
36418
36556
36690
36827
