4101
4168
4240
4312
4383
4458
4532
4609
4689
4795
8775
9087
9169
9261
9354
9448
9543
9641
9741
9841
9942
10045
10148
10251
10356
10461
10568
10677
14818
14901
15003
15104
15208
15315
15424
15535
15649
15766
15884
16002
16122
16243
16366
16490
16615
16742
16871
17002
17134
17267
17401
17537
17674
17811
17949
18085
18219
18351
18484
18614
18817
19109
19594
21722
21827
21935
22045
22156
22268
22381
22494
22607
22721
22837
22954
23071
23188
23306
24972
25071
25175
25282
25390
25497
25604
25711
25817
25923
26027
26131
26234
26339
26444
26552
26661
26774
26887
27004
27122
27242
27363
27486
27610
27738
27868
28003
28140
28282
28427
28577
28726
28877
29032
29180
29337
29490
29651
29804
29970
30109
30281
30427
30583
30737
30891
31042
31191
31339
31488
31634
31783
31930
32075
32222
32369
32518
32664
32794
