4499
4572
4661
4753
4844
4936
5026
5117
5214
5336
5411
11301
11373
11472
11574
11677
11782
11888
11995
12102
12211
12320
12430
12540
12653
17833
17930
18039
18151
18263
18375
18487
18600
18714
18829
18945
19063
19182
19302
19426
19552
19682
19816
19954
20097
20246
20399
20557
20720
20889
21063
21241
21424
21607
21792
21980
22170
22361
22552
22743
22933
23128
23268
23598
23705
24372
24488
24682
24912
25066
25212
25357
25501
25644
25787
25934
26096
26215
28385
28508
28637
28768
28901
29036
29173
29308
29445
29582
29720
29859
30002
30153
30308
30462
30618
30776
30930
31082
31227
31370
31516
31658
31794
31929
32065
32200
32334
32468
32602
32737
32874
33010
33147
33284
33420
33557
33694
33830
33965
34101
34238
34376
34514
34652
34792
34933
35075
35219
35366
35514
35667
35822
35981
36145
36313
36486
36666
36850
37040
37230
37426
37626
37832
38041
38253
38473
38694
38913
39138
39363
39587
39811
40038
40261
40484
40705
40920
41137
