4660
4718
4778
4837
4893
4949
5004
5059
5114
5169
5225
5281
5338
5395
5453
5512
5572
5634
5699
5773
5870
12253
12335
12419
12504
12589
12673
12757
12841
12925
13008
13091
13174
13258
13342
13426
13511
13596
13682
13769
13855
13943
14030
14118
14206
14294
14382
14470
14559
14650
14741
14831
14923
15017
15118
19997
20067
20144
20220
20294
20366
20436
20505
20573
20640
20707
20774
20840
20906
20973
21039
21106
21172
21239
21306
21374
21443
21512
21583
21654
21727
21800
21874
21949
22026
22104
22185
22267
22350
22435
22521
22609
22699
22790
22884
22980
23078
23177
23276
23376
23477
23579
23681
23783
23884
23984
24085
24186
24287
24386
24486
24585
24683
24781
24879
24976
25073
25170
25267
25365
25466
25575
25708
25881
26627
26779
26891
26998
27101
27201
27303
27405
27508
27611
27714
27819
27925
28031
28139
28246
28354
28464
28591
31135
31231
31331
31431
31531
31631
31729
31827
31924
32020
32116
32212
32307
32403
32499
32595
32691
32787
32883
32979
33075
33170
33265
33361
33457
33557
33661
33771
35206
35288
35373
35462
35549
35635
35721
35807
35894
35980
36066
36153
36239
36325
36411
36497
36583
36668
36754
36839
36925
37010
37094
37176
37255
37333
37411
37488
37565
37641
37718
37795
37871
37949
38027
38106
38185
38266
38347
38429
38511
38594
38677
38762
38849
38938
39028
39120
39216
39314
39415
39519
39626
39736
39850
39967
40088
40214
40342
40473
40607
40742
40880
41019
41158
41298
41438
41579
41720
41864
42009
42155
42301
42449
42595
42741
42887
43032
43177
43321
43466
43612
43757
43903
44049
44197
44341
44487
44634
44780
44926
45074
45221
45371
45516
45665
45811
45960
46105
46254
46405
