6037
6151
6268
6387
6500
6618
6742
6868
11889
11927
12009
12146
12283
12422
12564
12708
12854
13003
13155
13309
13466
13623
13781
13936
14092
14249
14407
14567
14735
20072
20122
20249
20383
20525
20666
20804
20940
21072
21204
21335
21466
21597
21727
21858
21990
22125
22261
22402
22547
22699
22857
23023
23197
23379
23567
23758
23954
24151
24349
24548
24743
24938
25130
25319
25508
25696
25885
26075
26266
26457
26648
26828
26999
27164
27322
27479
27634
27788
27942
28094
28255
28361
28689
28857
28992
29171
29320
29482
29659
29829
29997
30164
30330
30500
30673
33272
33404
33563
33723
33884
34043
34200
34357
34512
34669
34826
34984
35144
35307
35473
35645
35823
36008
36197
37146
37314
37482
37652
37821
37989
38157
38325
38495
38665
38836
39006
39174
39343
39510
39675
39837
39999
40156
40312
40463
40612
40762
40908
41055
41203
41352
41501
41651
41801
41953
42109
42269
42436
42612
42796
42991
43207
43381
43795
44186
44444
44610
44869
45084
45323
45551
45779
46001
46225
46446
46668
46882
47099
47310
47523
