5007
5067
5140
5210
5280
5351
5422
5494
5567
5639
5711
5783
5856
5929
6006
6095
6175
10249
10345
10447
10552
10658
10767
10877
10989
11102
11215
11329
11443
11557
11671
11786
11903
12023
15733
15830
15933
16044
16154
16261
16366
16470
16572
16673
16774
16873
16971
17069
17166
17262
17359
17456
17552
17648
17744
17840
17937
18034
18132
18232
18332
18433
18535
18637
18740
18843
18946
19049
19152
19255
19359
19462
19565
19669
19773
19878
19984
20093
20205
20321
20442
20572
20734
21043
23274
23376
23482
23588
23695
23802
23911
24019
24128
24237
24347
24457
24566
24675
24785
24894
25003
25112
25221
25330
25440
25552
25668
25789
27510
27619
27739
27860
27981
28104
28230
28358
28487
28619
28752
28889
29029
29171
29317
29465
29615
29765
29914
30063
30212
30363
30515
30668
30820
30975
31133
31292
31451
31614
31779
31947
32115
32287
32461
32633
32804
32974
33143
33313
33483
33649
33817
33983
34146
34311
34477
34647
34823
35001
35175
35331
35482
35633
35779
35921
