4070
4180
4303
4424
4553
4653
4929
8613
8700
8798
8895
8992
9090
9190
9291
9396
9503
12808
12947
13101
13255
13415
13579
13748
13920
14095
14271
14446
14621
14796
14971
15148
15324
15499
15674
15849
16031
17564
17704
17851
17998
18146
18295
18446
18597
18749
18904
19061
19221
19388
19567
21263
21393
21538
21683
21827
21969
22110
22250
22391
22529
22666
22801
22936
23068
23200
23330
23461
23591
23724
23856
23992
24128
24267
24406
24549
24695
24844
24998
25157
25319
25486
25655
25829
26005
26185
26366
26549
26734
26920
27109
27297
27489
27679
27871
28060
28251
28440
28630
28817
29010
29204
29404
