4175
4236
4305
4375
4449
4524
4607
4700
4814
8598
8671
8747
8822
8897
8973
9050
9126
9203
9281
9359
9437
9516
9596
9677
9760
9844
9931
10023
14430
14529
14639
14747
14856
14966
15076
15186
15297
15407
15518
15628
15738
15848
15957
16065
16173
16280
16387
16494
16602
16710
16820
16931
17048
17169
17297
17448
17695
20611
20800
20886
20987
21088
21190
21292
21394
21498
21602
21707
21812
21918
22023
22128
22236
22349
22468
22593
24284
24381
24482
24584
24685
24786
24887
24988
25090
25191
25294
25396
25499
25603
25706
25809
25913
26017
26120
26222
26325
26428
26531
26636
26741
26847
26954
27061
27170
27280
27390
27502
27616
27731
27848
27968
28090
28215
28343
28476
28612
28754
28900
29051
29207
29366
29525
29688
29851
30015
30183
30351
30522
30696
30866
31042
31215
31398
31549
31907
