4215
4288
4384
4481
4579
4673
4891
5069
9173
9264
9376
9488
9602
9718
9835
9955
10077
10202
10329
10461
10600
15134
15243
15382
15544
15707
15872
16042
16211
16383
16558
16733
16906
17076
17244
17410
17570
17727
17878
18032
18178
18274
19926
20055
20183
20312
20447
20586
20733
23073
23214
23373
23544
23722
23902
24083
24267
24451
24636
24828
25029
27052
27185
27340
27504
27666
27825
27979
28128
28274
28421
28564
28705
28843
28982
29119
29255
29392
29529
29667
29807
29950
30097
30249
30406
30568
30736
30908
31084
31266
31452
31641
31833
32026
32221
32417
32614
32812
33009
33204
33400
33593
33789
33982
34176
34369
34565
34763
34962
