4521
4640
4755
4868
4978
5089
5201
5322
5438
5559
10298
10410
10577
10749
10928
11113
11300
11492
11685
11889
12101
17278
17452
17636
17817
17993
18164
18333
18500
18664
18825
18984
19138
19291
19441
19590
19739
19887
20034
20181
20328
20475
20622
20770
20920
21071
21225
21380
21537
21695
21856
22019
22184
22355
22532
22717
22910
23108
23310
23513
26269
26446
26627
26808
26992
27179
27371
27572
27787
29519
29696
29884
30073
30258
30442
30623
30803
30979
31153
31325
31496
31664
31830
31994
32156
32315
32471
32625
32778
32929
33080
33230
33382
33536
33692
33850
34012
34178
34350
34531
34720
34913
35111
35316
35531
35758
35990
36228
36472
36730
37001
37271
37541
37801
38061
38332
38607
38870
39112
39355
39603
39868
40121
40379
40634
40882
41124
