4719
4828
4947
5062
5177
5297
5415
5538
5671
11037
11176
11319
11464
11608
11751
11894
12036
12176
12315
12460
12601
12747
12904
18479
18614
18775
18934
19099
19261
19428
19597
19764
19929
20093
20258
20422
20586
20748
20913
21079
21244
21411
21580
21749
21922
22096
22275
22459
22644
22834
23023
23214
23407
23618
26442
26610
26782
26953
27128
27304
27483
27665
27854
28056
30067
30240
30424
30597
30770
30944
31115
31284
31451
31617
31780
31940
32100
32255
32410
32561
32713
32864
33016
33171
33330
33493
33661
33836
34017
34206
34403
34606
34817
35030
35244
35463
35680
35900
36131
36357
36579
36808
37035
37270
37505
37735
37962
38193
38428
38667
38906
39148
39386
39628
39866
40059
