4800
4869
4957
5042
5125
5210
5299
5403
10644
10738
10835
10935
11034
11132
11231
11330
11430
11532
11635
11740
11847
11955
12069
17107
17210
17314
17422
17531
17642
17753
17866
17981
18097
18215
18335
18457
18583
18712
18846
18983
19126
19274
19428
19589
19755
19925
20100
20278
20461
20646
20835
21025
21216
21408
21603
21800
21999
22196
22395
22593
22731
23044
23172
24018
24183
24347
24486
24627
24769
24909
25049
25189
25335
25509
25613
27817
27932
28056
28182
28310
28439
28568
28697
28828
28960
29095
29238
29382
29526
29671
29814
29959
30102
30242
30382
30524
30665
30797
30924
31053
31179
31306
31432
31559
31686
31812
31939
32065
32191
32317
32443
32569
32695
32821
32946
33069
33192
33315
33438
33563
33688
33814
33940
34068
34197
34327
34458
34592
34729
34868
35011
35157
35307
35461
35621
35784
35953
36126
36304
36486
36671
36860
37053
37249
37448
37651
37859
38067
38275
38486
38700
38913
39131
39350
39571
39795
40022
