4448
4551
4659
4774
4884
4994
5104
5216
5334
5466
9929
10073
10223
10371
10523
10674
10823
10973
11124
11276
11432
11598
16118
16262
16436
16615
16792
16968
17142
17316
17489
17664
17837
18010
18184
18359
18533
18709
18882
19053
19225
19397
19569
19742
19915
20091
20269
20468
22814
22988
23185
23384
23582
23781
23983
26408
26584
26766
26946
27124
27302
27481
27660
27838
28015
28193
28371
28551
28733
28922
29114
29311
29511
29716
29922
30133
30345
30566
30793
31027
31260
31496
31734
31982
32225
32475
32715
32962
33213
33463
33727
33988
