4601
4712
4841
4969
5105
5213
5459
5550
9960
10075
10188
10303
10418
10533
10649
10765
10883
11002
11122
11246
11379
15942
16064
16213
16380
16556
16738
16924
17114
17304
17497
17689
17883
18076
18266
18460
18656
18848
19036
19220
19397
19569
19738
19902
20060
20218
20374
20509
20790
20933
21165
21295
21420
21507
21607
21731
21895
21996
22358
22467
22618
22773
22932
23089
23249
23411
23580
25868
25997
26159
26340
26519
26698
26879
27057
27236
27415
27599
27788
27978
30143
30288
30453
30624
30795
30962
31130
31294
31457
31617
31773
31926
32077
32227
32375
32523
32672
32821
32971
33122
33274
33426
33580
33735
33894
34055
34218
34385
34554
34727
34906
35091
35282
35477
35676
35876
36071
36272
36471
36671
36872
37071
37272
37471
37669
37866
38060
38254
38448
38644
38836
39037
