4885
4953
5021
5089
5156
5222
5288
5355
5422
5489
5557
5627
5698
5773
5864
12112
12205
12302
12401
12501
12602
12703
12805
12905
13004
13103
13203
13302
13403
13504
13606
13709
18183
18259
18340
18422
18503
18584
18664
18743
18823
18902
18980
19058
19136
19214
19291
19368
19445
19522
19599
19676
19753
19830
19908
19986
20065
20144
20224
20305
20386
20469
20553
20638
20725
20814
20904
20997
21092
21189
21288
21391
21494
21597
21702
21809
21917
22029
22141
22252
22366
22477
22590
22703
22815
22930
23044
23157
23271
23384
23499
23613
23729
23840
23951
24059
24167
24354
25234
25651
25995
26285
26369
26458
26535
26625
26708
26798
30213
30298
30385
30473
30560
30648
30735
30823
30910
30997
31084
31170
31257
31343
31428
31514
31600
31685
31771
31858
31946
32037
32130
33923
34005
34091
34178
34265
34352
34440
34527
34614
34701
34787
34873
34960
35046
35132
35217
35302
35387
35471
35554
35635
35717
35798
35880
35962
36043
36125
36207
36288
36370
36453
36535
36618
36701
36784
36868
36953
37038
37123
37209
37296
37384
37472
37561
37651
37741
37833
37926
38020
38116
38212
38310
38409
38509
38611
38715
38820
38927
39034
39143
39252
39362
39473
39584
39697
39808
39920
40033
40146
40258
40372
40487
40601
40716
40831
40945
41059
41175
41290
41405
41520
41638
41756
41869
41988
42104
42220
42337
42454
42570
42686
42803
42915
