5204
5270
5340
5411
5481
5550
5618
5685
5752
5818
5885
5952
6020
6089
6159
6232
6307
6391
6477
6581
6833
13158
13245
13334
13424
13514
13607
13701
13795
13889
13984
14080
14176
14272
14366
14461
14556
14649
14742
14833
14923
15010
15097
15183
15268
15352
15435
15518
15600
15682
15765
15849
15931
16019
20362
20449
20542
20635
20729
20823
20918
21015
21113
21212
21311
21412
21513
21615
21718
21821
21926
22032
22139
22247
22355
22463
22572
22681
22789
22898
23007
23116
23225
23333
23443
23553
23664
23774
23885
23996
24105
24214
24323
24433
24541
24652
24761
24870
24978
25087
25197
25307
25417
25526
25636
25744
25853
25970
26044
26406
26462
27750
27831
27936
28025
28120
28214
28308
28404
28499
28595
28693
28791
28890
28992
29096
29206
32890
32971
33065
33160
33256
33352
33447
33542
33636
33730
33823
33917
34010
34104
34198
34291
34383
34476
34569
34662
34755
34849
34944
35041
35138
35238
35341
35447
35552
36902
36986
37079
37173
37269
37365
37462
37559
37657
37755
37854
37954
38054
38154
38255
38356
38457
38559
38662
38764
38867
38970
39073
39175
39278
39381
39484
39587
39691
39796
39901
40007
40113
40220
40328
40436
40546
40654
40764
40875
40986
41098
41210
41322
41434
41547
41662
41776
41891
42005
42119
42234
42349
42463
42578
42694
42807
42924
43038
43152
43269
43384
43500
43617
43734
43850
43968
44087
44202
44320
44438
44555
44673
44789
44908
45025
45143
45262
45385
45498
45627
45740
45869
45979
46129
46210
46438
46777
46880
