4284
4346
4452
4560
4668
4776
4886
5000
8761
9036
9196
9360
9526
9695
9867
10044
10226
10420
15133
15269
15429
15591
15750
15911
16073
16236
16400
16564
16728
16891
17055
17218
17380
17541
17702
17863
18025
18186
18348
18512
18680
18866
21047
21205
21370
21536
21703
21873
22046
22226
22412
22591
22788
24370
24532
24697
24862
25028
25190
25349
25509
25669
25830
25992
26154
26318
26484
26653
26824
27000
27180
27362
27552
27749
27953
28164
28378
28595
28818
29034
29252
29474
29700
29933
30170
30407
30638
30858
31080
31328
31563
31804
32034
32267
32511
