4103
4168
4239
4309
4381
4453
4527
4601
4679
4760
4844
4945
9428
9511
9601
9693
9788
9886
9984
10084
10184
10285
10387
10489
10593
10701
10812
15318
15405
15504
15606
15709
15816
15924
16035
16148
16261
16376
16492
16610
16729
16849
16970
17092
17215
17338
17463
17588
17714
17840
17967
18093
18222
18364
18505
18704
18850
18922
19011
19113
19250
19527
19635
19783
21494
21592
21698
21805
21913
22023
22133
22244
22356
22469
22582
22696
22812
22931
23054
23182
24876
24972
25073
25175
25279
25385
25490
25596
25702
25807
25914
26019
26124
26230
26337
26447
26556
26667
26779
26893
27008
27124
27241
27360
27480
27601
27724
27849
27977
28106
28238
28372
28507
28643
28779
28915
29053
29191
29331
29471
29612
29752
29894
30035
30180
30321
30464
30607
30750
30892
31033
31173
31314
31453
31591
31730
31865
31999
