4988
5063
5140
5214
5284
5354
5423
5491
5561
5629
5697
5765
5835
5906
5984
10744
10837
10932
11030
11130
11231
11334
11438
11543
11649
11756
11864
11972
12082
12192
12302
12415
15885
15978
16084
16203
16316
16425
16530
16634
16737
16839
16939
17039
17137
17235
17332
17429
17526
17623
17719
17815
17912
18008
18106
18205
18304
18404
18505
18606
18707
18809
18911
19014
19117
19220
19325
19428
19532
19636
19740
19844
19947
20053
20162
20278
20405
20567
23353
23459
23566
23675
23782
23889
23996
24103
24210
24316
24422
24529
24636
24744
24852
24961
25070
25182
25299
25423
27271
27382
27496
27612
27730
27849
27971
28098
28228
28362
28498
28633
28768
28901
29034
29166
29300
29437
29576
29716
29860
30005
30150
30296
30442
30587
30734
30881
31030
31181
31332
31487
31643
31799
31958
32117
32277
32436
32595
32757
32921
33085
33249
33407
33564
33725
33883
34038
34195
34353
34511
34659
34817
34961
