5827
5902
5976
6049
6121
6196
6270
6344
6420
6496
6574
6654
6749
11200
11276
11356
11435
11515
11594
11674
11755
11837
11919
12001
12084
12167
12251
12336
12420
12504
12590
12677
12765
12858
16109
16196
16291
16392
16498
16596
16695
16794
16892
16989
17087
17184
17280
17376
17473
17570
17669
17769
17871
17974
18079
18185
18292
18399
18506
18615
18726
18836
18948
19061
19175
19290
19404
19520
19634
19749
19862
19976
20091
20208
20329
20457
20605
20823
23372
23470
23582
23694
23807
23919
24031
24142
24255
24367
24479
24591
24702
24813
24924
25035
25147
25258
25370
25484
25600
25717
25839
25967
27216
27337
27455
27575
27692
27807
27922
28037
28154
28270
28389
28509
28629
28751
28873
28997
29122
29248
29375
29503
29632
29761
29891
30023
30156
30291
30428
30566
30705
30844
30985
31126
31270
31415
31560
31709
31856
32007
32158
32310
32462
32614
32767
32919
33070
33221
33371
33520
33670
33823
33973
34123
34273
34424
34574
34727
34875
35025
35173
35321
35462
35605
35743
