4310
4402
4495
4586
4676
4769
4871
5012
5085
9402
9495
9595
9700
9807
9914
10021
10128
10233
10339
10447
10557
10667
10778
10892
16005
16111
16227
16345
16466
16588
16713
16839
16969
17102
17239
17379
17523
17671
17824
17982
18145
18314
18488
18664
18846
19031
19218
19407
19596
19786
19975
20163
20350
20534
20711
20884
21052
21217
21377
21535
21696
21817
22226
22353
23239
23373
23504
23635
23768
23901
24034
24168
24306
24461
24602
26786
26905
27031
27160
27290
27420
27549
27677
27804
27933
28061
28190
28320
28455
28594
28735
28877
29016
29156
29294
29432
29570
29711
29853
29983
30110
30235
30359
30484
30608
30732
30856
30982
31107
31234
31361
31489
31618
31748
31879
32009
32142
32275
32408
32543
32679
32817
32958
33101
33247
33396
33548
33702
33860
34023
34190
34362
34539
34720
34907
35098
35289
35485
35686
35888
36093
36298
36507
36718
36928
37141
37362
37581
37799
38014
38231
38442
38649
38855
39059
