3894
4271
4382
4489
4597
4703
4810
4919
5038
9531
9663
9805
9947
10089
10231
10374
10517
10662
10807
10955
11110
15974
16120
16280
16436
16592
16748
16903
17059
17213
17367
17520
17674
17828
17983
18140
18298
18458
18619
18782
18946
19112
19278
19444
19610
19776
19944
20114
20287
20480
22780
23170
23326
23491
23657
23825
23995
24167
24340
24519
24708
24910
25094
25318
26287
26639
26797
26965
27134
27304
27475
27648
27821
27996
28172
28350
28529
28710
28893
29081
29271
29466
29668
29872
30081
30287
30500
30719
30945
31183
31430
31681
31923
32173
32417
32673
32924
33169
33405
33652
33899
34139
34372
34617
