4232
4309
4432
4554
4673
4802
4899
5065
5152
5287
8895
9019
9154
9295
9440
9589
9741
9897
10062
10246
13788
13916
14047
14179
14311
14444
14580
14718
14859
15003
15150
15300
15453
15608
15767
15928
16090
16254
16420
16589
16760
16936
18635
18770
18910
19049
19187
19323
19458
19594
19744
21497
21605
21717
21831
21947
22067
22189
22315
22444
22579
22719
22866
23017
23176
23338
23507
23679
23853
24030
24208
24389
24573
24758
24943
25130
25316
25500
25684
25867
26052
26235
26420
26603
26786
26966
27148
27329
27510
27708
