3807
3895
4013
4127
4258
4450
4673
5177
8487
8582
8691
8803
8916
9030
9147
9265
9384
9504
9624
9746
9865
9987
10118
13798
13934
14078
14219
14359
14497
14635
14775
14916
15057
15197
15335
15471
15606
15739
15873
16006
16138
16268
16393
16513
16629
16742
16853
16964
17077
17191
17311
17429
17572
17668
20557
20649
20738
20829
20920
21011
21102
21193
21284
21374
21465
21555
21645
21734
21823
21912
22001
22092
22185
22282
22388
23960
24044
24130
24216
24302
24387
24472
24557
24642
24726
24811
24895
24978
25062
25145
25227
25310
25391
25472
25551
25630
25709
25788
25867
25947
26026
26106
26186
26267
26349
26431
26514
26597
26682
26767
26854
26941
27030
27120
27212
27305
27400
27498
27598
27701
27808
27919
28036
28160
28292
28434
28582
28737
28897
29061
29229
29400
29572
29746
29918
30088
30258
30428
30600
30770
30942
31115
31285
