6075
6192
6314
6433
6552
6671
6793
6923
7051
11283
11403
11546
11687
11832
11978
12126
12276
12428
12582
12740
12900
13060
13223
13385
13548
13708
13869
14034
14207
18463
18563
18633
18772
18922
19069
19215
19358
19500
19642
19784
19923
20062
20199
20337
20477
20618
20760
20905
21050
21199
21351
21508
21670
21838
22014
22197
22385
22575
22762
22945
23118
23287
23463
23635
23812
23989
24167
24347
24525
24695
24860
25022
25177
25309
25582
25706
26042
26341
26511
26640
26820
26982
27152
27322
27494
27665
27839
28019
30614
30732
30896
31057
31219
31382
31546
31708
31869
32030
32190
32350
32512
32677
32846
33022
33203
33384
34119
34275
34442
34615
34789
34963
35138
35315
35491
35669
35849
36028
36204
36379
36551
36719
36883
37043
37198
37352
37502
37649
37794
37937
38080
38221
38363
38506
38649
38795
38941
39090
39238
39388
39541
39701
39868
40046
40229
40434
40619
41022
41193
41612
41796
42079
42219
42518
42680
42954
43187
43424
43660
43895
44119
44339
44543
44741
