4207
4277
4361
4446
4528
4608
4688
4769
4851
4938
5035
10540
10624
10720
10818
10916
11013
11109
11207
11306
11406
11508
11612
11718
11827
16714
16793
16892
16989
17089
17190
17292
17396
17500
17605
17711
17819
17929
18042
18157
18273
18394
18518
18645
18776
18911
19050
19191
19336
19486
19640
19800
19964
20133
20307
20488
20672
20858
21046
21236
21426
21616
21806
21996
22182
22365
22556
22740
22870
23734
23941
24115
24254
24392
24532
24671
24809
24947
25085
25227
25377
25544
25633
27789
27911
28035
28160
28287
28416
28546
28677
28809
28943
29080
29222
29367
29513
29657
29802
29948
30094
30240
30386
30524
30657
30787
30917
31045
31173
31302
31433
31563
31694
31826
31957
32089
32222
32355
32488
32622
32756
32891
33027
33164
33303
33443
33586
33731
33879
34029
34184
34343
34506
34674
34846
35022
35202
35386
35575
35768
35964
36162
36363
36566
36770
36976
37184
37391
37600
37810
38024
38241
38455
38671
38886
39103
39317
39536
