4607
4677
4748
4816
4882
4948
5012
5076
5140
5205
5269
5335
5403
5473
5549
5633
5751
11879
11973
12066
12160
12255
12349
12442
12536
12630
12725
12821
12918
13016
13116
13217
13320
13425
13530
13635
13741
13847
13953
14060
14167
14273
14380
14489
14602
14723
18834
18934
19315
19403
19494
19585
19672
19757
19840
19921
20001
20081
20161
20241
20320
20402
20482
20564
20646
20730
20815
20902
20989
21078
21169
21263
21358
21457
21557
21660
21766
21873
21981
22093
22207
22323
22441
22559
22680
22800
22918
23037
23154
23270
23386
23501
23615
23728
23841
23953
24066
24178
24291
24405
24518
24631
24745
24859
24974
25088
25201
25318
25458
28129
28230
28340
28448
28554
28659
28765
28870
28976
29083
29190
29298
29407
29517
29627
29737
29846
29955
30065
30174
30285
30396
30507
30619
30731
30845
30962
31082
31205
32812
32890
32992
33093
33193
33294
33395
33496
33597
33698
33799
33900
34002
34104
34207
34308
34410
34511
34614
34716
34819
34921
35025
35130
35234
35341
35448
35556
35665
35774
35884
35994
36106
36219
36335
36451
36572
36693
36818
36947
37078
37211
37346
37484
37625
37768
37913
38059
38209
38361
38518
38675
38836
38996
39155
39315
39476
39640
39803
39968
40133
40300
40467
40630
40796
40959
41123
41285
41448
41609
41769
41930
42091
42255
42417
42582
42747
42917
