10792
10854
10929
11003
11078
11155
11235
11320
11417
15754
15832
15915
16000
16085
16171
16258
16346
16434
16524
16614
16704
16796
16888
16981
17076
17177
21439
21524
21610
21698
21787
21877
21969
22061
22154
22248
22342
22437
22533
22630
22728
22827
22927
23028
23130
23234
23338
23444
23551
23661
23772
23886
24001
24118
24236
24359
24495
24578
27876
27976
28077
28179
28282
28386
28490
28595
28700
28806
28911
29018
29125
29235
29346
29462
31342
31443
31550
31659
31770
31882
31994
32106
32218
32330
32441
32554
32665
32778
32891
33006
33121
33238
33356
33476
33597
33719
33843
33968
34094
34221
34349
34480
34612
34746
34880
35016
35154
35292
35431
35571
35711
35853
35996
36140
36284
36430
36576
36725
36875
37026
37176
37326
37478
37628
37781
37934
38087
38240
38392
38543
38692
38838
38986
39131
39274
39419
39566
39716
