6527
6641
6760
6881
6997
7113
7230
7346
7469
7602
12976
13035
13106
13248
13397
13544
13692
13844
13994
14147
14303
14458
14617
14775
14937
15102
15274
15456
20798
20924
21063
21209
21351
21492
21629
21763
21897
22028
22159
22291
22424
22556
22690
22826
22964
23101
23242
23389
23543
23703
23871
24048
24231
24422
24617
24811
25013
25212
25418
25625
25836
26048
26262
26470
26679
26884
27089
27299
34928
35084
35241
35401
35563
35729
35898
36076
39047
39209
39373
39542
39714
39887
40064
40242
40421
40601
40780
40957
41132
41306
41483
41663
41845
42032
42227
42417
42607
42795
42979
43163
43348
43528
43702
43875
44049
44221
44396
44567
44738
44907
45073
45239
45400
45558
45717
45872
46025
46175
46319
46461
46603
46743
46885
47026
47168
47314
47461
47612
47768
47927
48094
48267
48451
48637
48848
49036
49273
49455
49862
50083
50316
50551
50784
51019
51261
51496
51719
51952
52189
52416
52650
