4831
4907
4982
5055
5127
5199
5270
5341
5410
5479
5546
5613
5679
5744
5808
5872
5935
5999
6062
6127
6193
6262
6341
12347
12454
12561
12668
12775
12882
12989
13100
13212
13327
13443
13560
13678
13797
13918
14039
14162
14286
14411
14537
14664
14791
14919
15048
15178
15307
15446
20188
20273
20364
20453
20540
20626
20710
20793
20875
20956
21036
21114
21192
21270
21348
21426
21503
21581
21660
21738
21818
21898
21979
22061
22145
22229
22315
22402
22491
22582
22675
22769
22866
22965
23068
23174
23284
23395
23508
23624
23743
23863
23985
24107
24230
24355
24480
24605
24729
24852
24974
25096
25215
25332
25447
25561
25673
25785
25896
26006
26115
26225
26334
26444
26555
26665
26778
26894
27014
27138
27264
27389
27510
27630
27748
27865
27978
28089
28198
28305
28413
28520
28627
28735
28844
28955
29075
31176
31272
31370
31467
31565
31663
31762
31860
31957
32054
32151
32246
32341
32436
32530
32625
32720
32816
32911
33006
33100
33194
33287
33382
33478
33578
33685
34927
35007
35099
35192
35284
35377
35472
35568
35665
35762
35860
35959
36058
36158
36259
36360
36462
36565
36668
36772
36876
36984
37091
37199
37309
37421
37536
37651
37770
37891
38014
38140
38268
38400
38535
38672
38812
38955
39101
39249
39400
39553
39707
39864
40021
40181
40340
40503
40668
40834
40999
41166
41331
41497
41663
41828
41993
42160
42326
42495
42660
42832
42998
43165
43330
43495
43662
43829
43994
44162
44331
44499
44668
