6479
6613
6741
6865
6988
7109
7230
7350
7474
7617
7863
8080
12256
12390
12547
12702
12856
13012
13169
13325
13486
13647
13814
13992
17956
18089
18256
18428
18599
18773
18949
19125
19301
19479
19659
19841
20023
20211
20397
20584
20772
20956
21144
21331
21521
21709
21898
22084
22266
22445
22622
22796
22969
23137
23302
23464
23624
23782
23941
24101
24268
24453
27118
27278
27442
27605
27768
27931
28095
28260
28426
28596
28772
28962
29170
29348
30880
31034
31191
31348
31504
31661
31819
31976
32133
32290
32443
32593
32737
32879
33021
33164
33307
33451
33597
33743
33890
34038
34189
34341
34497
34656
34819
34986
35159
35336
35520
35713
35918
36135
36359
36590
36828
37069
37313
37564
37820
38082
38344
38601
38859
39119
39385
39643
39913
40182
40455
40728
40951
41441
