5167
5236
5305
5372
5438
5503
5568
5633
5698
5762
5827
5891
5956
6022
6091
6170
10699
10777
10869
10963
11058
11154
11250
11347
11446
11547
11649
11751
11854
11957
12062
12167
12272
12378
12484
12593
12713
16176
16258
16356
16461
16565
16665
16764
16862
16958
17051
17144
17236
17327
17418
17510
17602
17694
17785
17876
17967
18058
18150
18242
18334
18427
18521
18614
18708
18803
18898
18993
19088
19184
19280
19376
19473
19570
19667
19764
19861
19959
20057
20156
20256
20356
20461
20572
20695
20841
23700
23802
23909
24013
24116
24221
24325
24430
24535
24641
24746
24851
24956
25061
25167
25271
25375
25479
25583
25687
25793
25902
26015
26135
26262
27691
27802
27915
28028
28141
28254
28366
28482
28598
28716
28835
28956
29079
29203
29328
29455
29582
29712
29842
29975
30108
30242
30376
30511
30648
30785
30923
31064
31205
31347
31490
31638
31784
31931
32080
32229
32379
32528
32681
32833
32986
33140
33294
33447
33601
33755
33908
34062
34215
34368
34519
34669
34822
34974
35129
35284
35439
35591
35745
35889
36040
36179
36324
