5047
5119
5193
5265
5335
5404
5473
5542
5610
5678
5745
5812
5879
5949
6024
6108
10326
10418
10520
10624
10728
10835
10942
11049
11158
11268
11380
11493
11607
11723
11837
11952
12072
15427
15517
15615
15721
15841
15951
16058
16164
16267
16369
16470
16570
16669
16767
16864
16961
17058
17155
17251
17348
17443
17538
17634
17731
17828
17926
18024
18124
18223
18324
18424
18524
18625
18726
18828
18930
19032
19134
19237
19339
19442
19544
19647
19751
19855
19962
20073
20189
20318
20483
23067
23164
23272
23377
23483
23588
23693
23798
23903
24008
24113
24218
24323
24428
24533
24638
24743
24848
24953
25059
25166
25274
25384
25498
25618
25749
27027
27135
27251
27366
27481
27595
27710
27826
27941
28059
28176
28294
28413
28532
28653
28776
28901
29026
29153
29282
29412
29544
29677
29810
29944
30080
30216
30353
30490
30627
30766
30905
31044
31186
31328
31472
31618
31766
31914
32063
32211
32360
32508
32655
32803
32951
33099
33246
33393
33540
33687
33830
33974
34118
34263
34407
34552
34697
34842
34988
35132
35276
35415
35557
35690
