4298
4749
4854
4962
5067
5174
5280
5386
5493
5605
11050
11180
11323
11466
11609
11749
11889
12028
12168
12308
12451
12594
12749
12898
18180
18372
18566
18767
18965
19158
19342
19520
19699
19879
20060
20241
20422
20602
20781
20959
21138
21316
21495
21674
21855
22036
22218
22399
22582
22767
22949
23133
23318
23504
23689
23876
24069
27027
27206
27398
27590
27783
27982
28184
28395
30435
30603
30786
30972
31160
31350
31536
31723
31914
32104
32297
32488
32682
32874
33069
33267
33467
33670
33873
34078
34287
34494
34708
34920
35130
35344
35567
35795
36025
36255
36486
36713
36940
37171
37396
37620
37849
38086
38326
38555
38785
39024
39259
39495
39729
