4834
4909
4989
5069
5151
5235
5322
5410
5501
5598
10217
10301
10386
10472
10557
10645
10734
10824
10915
11007
11102
11196
11292
11389
11487
11586
11688
11793
15033
15129
15232
15344
15451
15554
15658
15761
15862
15964
16066
16167
16267
16369
16473
16577
16683
16790
16897
17005
17112
17220
17329
17440
17552
17666
17780
17896
18012
18129
18247
18366
18485
18605
18724
18843
18960
19079
19201
19332
19489
22136
22244
22356
22467
22577
22686
22797
22907
23018
23128
23238
23347
23456
23565
23675
23783
23892
24001
24110
24220
24332
24448
24570
25681
25785
25894
25998
26101
26203
26305
26408
26511
26614
26719
26824
26929
27035
27144
27253
27364
27474
27585
27697
27810
27925
28040
28157
28274
28394
28516
28638
28763
28890
29017
29146
29276
29407
29539
29674
29807
29941
30077
30214
30349
30486
30624
30764
30905
31047
31190
31334
31479
31625
31772
31919
32067
32215
32366
32515
32665
32816
32968
33120
33274
33426
33580
33733
33883
34031
34176
34315
34458
34596
