4802
4875
4949
5020
5089
5158
5225
5293
5359
5425
5492
5558
5624
5691
5759
5828
5901
5982
6079
13171
13266
13363
13462
13563
13664
13765
13865
13967
14069
14171
14274
14378
14482
14588
14695
14803
14912
15020
15129
15236
15343
15450
15558
15668
15777
15890
21071
21146
21233
21319
21400
21480
21560
21639
21718
21798
21876
21956
22036
22117
22199
22281
22363
22447
22533
22620
22708
22798
22891
22986
23083
23183
23286
23391
23501
23613
23728
23847
23970
24095
24223
24352
24483
24615
24747
24879
25012
25144
25278
25409
25541
25673
25802
25932
26060
26188
26315
26441
26565
26689
26811
26932
27052
27174
27314
30230
30345
30461
30577
30692
30809
30926
31044
31163
31283
31403
31523
31644
31766
31887
32008
32131
32254
32376
32500
32623
32747
32870
32995
33119
33246
33372
33503
33636
35265
35366
35475
35582
35691
35801
35911
36022
36133
36243
36353
36463
36572
36680
36788
36895
37002
37109
37214
37320
37424
37529
37633
37738
37841
37946
38050
38153
38257
38360
38463
38567
38671
38774
38880
38985
39092
39201
39311
39423
39537
39653
39771
39893
40017
40143
40270
40401
40533
40667
40803
40941
41080
41220
41362
41505
41649
41796
41943
42089
42235
42383
42529
42676
42824
42973
43120
43270
43421
43573
43723
43875
44027
44179
44332
44482
44635
44788
44939
45094
45248
45403
45560
45729
45866
