5159
5228
5300
5371
5440
5509
5578
5646
5714
5782
5849
5916
5983
6050
6117
6186
6258
6331
6409
6481
6677
13027
13101
13182
13264
13346
13428
13510
13591
13671
13750
13828
13906
13984
14061
14138
14215
14291
14367
14443
14518
14593
14668
14743
14818
14894
14969
15045
15121
15199
15278
20042
20125
20210
20295
20380
20466
20553
20640
20728
20817
20906
20995
21086
21176
21268
21360
21453
21547
21642
21738
21834
21931
22029
22128
22228
22330
22433
22537
22644
22751
22861
22971
23081
23193
23305
23417
23530
23645
23760
23877
23994
24110
24225
24339
24452
24564
24677
24787
24896
25004
25110
25217
25321
25425
25529
25631
25734
25838
25941
26043
26146
26246
26346
26446
26548
26630
28461
28627
28709
28807
28900
28993
29086
29179
29273
29367
29462
29558
29655
29752
29850
29950
30053
33454
33540
33632
33726
33819
33912
34005
34098
34190
34282
34374
34467
34558
34650
34742
34834
34925
35017
35109
35200
35290
35382
35473
35564
35655
35746
35838
35931
36024
36119
36216
36314
36414
36513
36613
36711
36810
36910
37971
38054
38143
38233
38325
38416
38508
38601
38693
38785
38877
38969
39062
39153
39246
39338
39431
39523
39615
39707
39798
39887
39975
40064
40152
40241
40330
40420
40510
40600
40691
40782
40873
40965
41057
41149
41242
41336
41431
41526
41622
41719
41817
41916
42016
42117
42219
42323
42428
42535
42644
42755
42866
42979
43093
43208
43322
43437
43553
43669
43788
43906
44026
44147
44268
44388
44509
44629
44748
44867
44987
45107
45226
45348
45465
45585
45705
45825
45945
46065
46185
46305
46425
46546
46667
46789
46910
47034
47155
47278
47401
47524
47646
47768
47892
48011
48135
48256
48374
48501
48629
48742
