4020
4090
4187
4282
4403
4481
4680
4784
4892
4983
5047
8694
8784
8879
8975
9072
9168
9265
9363
9461
9560
9660
9762
9867
9976
14622
14757
14911
15069
15229
15392
15558
15725
15899
16073
16247
16421
16594
16766
16938
17108
17275
17440
17602
17758
17912
18063
18213
18362
18514
18626
19231
19329
19588
19688
19987
20100
20290
20400
20549
20705
23406
23533
23685
23849
24022
24204
24389
24576
24765
24953
25140
25328
25519
27862
27996
28161
28334
28505
28677
28847
29016
29181
29350
29518
29688
29859
30029
30201
30375
30547
30719
30893
31071
31252
31435
31618
31802
31991
32183
32378
32573
32769
32966
33161
33357
33553
33750
33949
34149
34350
34554
34758
34958
35159
35359
35557
35756
35955
36153
36349
36546
36742
