4875
4993
5126
5236
5391
5487
5685
5962
6183
9607
9701
9791
9884
9977
10070
10163
10255
10349
10443
10539
10637
10740
14691
14834
14999
15171
15349
15533
15721
15910
16103
16295
16488
16676
16860
17044
17230
17410
17592
17770
17949
18128
18308
20646
20803
20983
21156
21335
21516
21700
21887
22080
24030
24173
24322
24466
24607
24746
24882
25016
25148
25279
25406
25532
25655
25777
25899
26019
26139
26258
26376
26495
26615
26735
26857
26979
27105
27232
27363
27498
27637
27781
27930
28083
28242
28407
28578
28756
28938
29124
29312
29503
29699
29897
30099
30299
30504
30708
30915
31122
31329
31534
31738
31942
32146
32347
32549
32748
32948
33151
33358
33571
