5353
5423
5495
5567
5638
5708
5778
5846
5914
5981
6047
6113
6179
6244
6309
6374
6439
6507
6579
6661
6728
13228
13310
13393
13477
13561
13645
13729
13814
13898
13983
14067
14150
14233
14316
14398
14480
14561
14642
14722
14801
14880
14958
15035
15113
15190
15269
15348
19626
19702
19781
19860
19940
20020
20102
20184
20266
20349
20433
20519
20605
20691
20779
20867
20957
21048
21140
21232
21326
21419
21514
21610
21707
21805
21905
22007
22109
22212
22315
22419
22524
22629
22733
22839
22944
23049
23155
23260
23364
23470
23577
23684
23792
23900
24010
24117
24225
24332
24438
24543
24648
24752
24856
24959
25062
25164
25265
25366
25465
25565
25663
25760
25875
25958
26942
27268
27348
27564
27630
27721
27808
27894
27980
28067
28154
28241
28329
28416
28503
28591
28679
28768
28857
28948
29040
29135
29244
29319
32791
32876
32963
33051
33139
33227
33315
33404
33493
33583
33672
33763
33853
33943
34033
34122
34211
34299
34387
34475
34562
34649
34735
34823
34909
34996
35084
35173
35263
35354
35447
35543
37169
37251
37340
37429
37520
37611
37703
37795
37889
37983
38077
38173
38269
38365
38462
38560
38657
38755
38853
38951
39050
39149
39249
39349
39449
39549
39650
39752
39854
39957
40061
40165
40269
40373
40478
40583
40689
40795
40903
41011
41120
41231
41341
41453
41564
41675
41786
41898
42009
42121
42234
42346
42460
42574
42686
42801
42914
43028
43141
43254
43367
43480
43594
43708
43822
43937
44052
44165
44280
44394
44510
44623
44738
44852
44968
45081
45199
45310
45431
45538
45663
45765
45889
45990
46112
46213
