5163
5241
5314
5393
5476
5565
5663
5779
5998
10441
10515
10596
10680
10763
10848
10933
11020
11106
11194
11282
11370
11459
11550
11642
11735
11829
11924
16424
16512
16603
16697
16793
16890
16989
17091
17195
17302
17411
17522
17636
17751
17867
17985
18106
18227
18351
18476
18602
18728
18854
18982
19111
19242
19383
19537
19723
19986
23137
23236
23342
23450
23560
23670
23780
23891
24002
24114
24226
24338
24451
24566
24683
24803
24932
26486
26578
26682
26790
26898
27007
27116
27226
27335
27444
27553
27662
27768
27874
27981
28088
28197
28306
28417
28529
28642
28757
28874
28991
29110
29228
29347
29468
29591
29715
29840
29967
30096
30224
30356
30487
30619
30754
30888
31024
31160
31299
31439
31582
31727
31872
32020
32166
32314
32460
32609
32754
32902
33050
33195
33338
33482
33627
33769
33913
34057
34199
34340
34485
34622
34765
34908
35054
35199
35356
