4341
4421
4505
4588
4671
4758
4852
9386
9467
9559
9654
9749
9844
9939
10035
10131
10228
10326
10425
10525
10627
10729
10848
15406
15493
15590
15688
15787
15886
15985
16084
16185
16286
16388
16490
16593
16697
16801
16907
17015
17124
17235
17349
17466
17586
17711
17839
17972
18110
18251
18397
18547
18700
18855
19014
19177
19344
19516
19690
19867
20043
20217
20391
20563
20729
20910
21101
21345
21472
23504
23619
23749
23881
24016
24150
24283
24415
24547
24679
24812
24945
25080
25223
25370
25523
25680
25836
25989
26139
26288
26439
26594
26734
26866
26997
27127
27257
27386
27515
27645
27776
27907
28038
28169
28301
28433
28564
28695
28827
28958
29090
29219
29349
29478
29607
29738
29869
30002
30137
30274
30411
30551
30693
30837
30983
31130
31279
31431
31587
31747
31911
32083
32261
32444
32632
32823
33015
33211
33412
33615
33819
34025
34232
34442
34654
34871
35087
35303
35518
35736
35956
36175
36397
