5698
5765
5834
5901
5968
6035
6103
6170
6238
6306
6374
6443
6513
6584
6656
6731
6808
6888
6975
7066
7145
7330
7386
15553
15638
15726
15815
15905
15996
16087
16178
16268
16358
16449
16539
16630
16720
16811
16902
16995
17088
22213
22293
22374
22457
22540
22624
22707
22790
22872
22954
23036
23117
23198
23279
23359
23440
23520
23600
23680
23759
23838
23918
23997
24076
24155
24234
24313
24392
24472
24552
24632
24712
24793
24875
24957
25040
25123
25208
25294
25380
25468
25556
25647
25737
25830
25923
26018
26115
26212
26312
26414
26518
26621
26727
26833
26943
27051
27159
27268
27381
27493
27606
27720
27832
27937
28040
28143
28245
28349
28455
28560
28667
28774
28882
28990
29097
29204
29312
29425
29544
29656
29875
30095
30281
32355
32498
32580
32677
32763
32853
32941
33031
33121
33212
33303
33396
33489
33582
33677
33772
33868
33967
34070
37552
37652
37749
37851
37949
38051
38150
38251
38351
38453
38554
38656
38758
38860
38962
39065
39168
39271
39375
39483
39586
41933
42020
42114
42208
42303
42399
42495
42590
42686
42781
42876
42971
43066
43161
43256
43350
43445
43539
43634
43728
43822
43914
44005
44097
44188
44279
44371
44463
44556
44648
44742
44835
44928
45022
45116
45210
45304
45398
45493
45588
45684
45780
45877
45975
46074
46172
46272
46373
46475
46579
46683
46789
46895
47003
47111
47219
47328
47437
47546
47654
47764
47873
47983
48093
48204
48315
48426
48538
48650
48763
48875
48989
49101
49215
49329
49443
49557
49671
49785
49900
50016
50133
50248
50366
50483
50599
50717
50835
50952
51069
51188
51301
51420
51530
51660
51747
51878
