4015
4086
4164
4241
4322
4407
4494
4585
4694
8963
9044
9132
9221
9313
9406
9500
9595
9693
9791
9892
9995
10099
10205
10314
14505
14599
14699
14802
14902
15005
15109
15214
15320
15429
15540
15653
15767
15882
15999
16117
16236
16356
16477
16600
16724
16849
16977
17105
17236
17369
17503
17639
17777
17917
18060
18221
18417
18525
21550
21654
21760
21867
21975
22085
22196
22307
22421
22535
22650
22765
22881
22998
23116
23236
24946
25051
25159
25267
25377
25487
25599
25711
25824
25936
26049
26162
26278
26395
26513
26634
26756
26880
27006
27134
27264
27396
27530
27666
27804
27944
28088
28233
28381
28533
28687
28844
28998
29159
29319
29482
29648
29811
29973
30133
30291
30452
30605
30763
30920
31075
31233
31390
31549
31705
31864
32017
32172
32327
32473
32626
32779
