4389
4464
4543
4619
4690
4761
4831
4899
4967
5034
5102
5169
5236
5305
5374
5444
5520
5603
5702
5963
11382
11482
11582
11683
11784
11886
11989
12095
12204
12315
12426
12538
12651
12764
12879
12994
13108
13224
13340
13456
13572
13688
13804
13921
14039
14161
18739
18822
18910
18996
19081
19165
19248
19331
19413
19496
19578
19660
19742
19824
19906
19991
20074
20160
20248
20337
20429
20522
20618
20716
20817
20921
21029
21141
21258
21381
21508
21640
21776
21911
22048
22186
22324
22462
22600
22737
22874
23011
23147
23281
23414
23544
23672
23799
23924
24047
24168
24288
24407
24524
24642
24766
24907
27658
27762
27881
28000
28118
28238
28357
28478
28597
28718
28839
28960
29081
29203
29324
29444
29565
29686
29807
29927
30047
30165
30284
30406
30534
30668
32256
32354
32464
32575
32687
32798
32909
33020
33131
33241
33352
33462
33572
33682
33791
33901
34010
34118
34226
34334
34442
34551
34660
34768
34878
34987
35097
35207
35317
35428
35539
35652
35766
35881
35999
36119
36240
36364
36490
36619
36751
36886
37024
37163
37304
37449
37595
37744
37894
38045
38197
38351
38505
38662
38820
38977
39134
39290
39449
39609
39770
39931
40092
40258
40422
40588
40750
40914
41079
41240
41406
41572
41734
41899
42061
42223
42388
42555
