14010
14082
14189
14298
14405
14510
14614
14720
14826
14935
15042
15149
15266
15361
20284
20410
20555
20702
20853
21005
21163
21323
21487
21661
26031
26146
26287
26422
26561
26700
26839
26978
27115
27249
27383
27517
27653
27790
27930
28074
28223
28379
28544
28720
28907
29109
29325
29550
29787
30029
30269
30509
30744
30974
31200
31423
31643
31855
32067
32273
32473
32669
32862
33052
33237
33417
33593
33767
33944
34142
36270
36409
36582
36751
36918
37082
37247
37411
37577
37744
37916
38095
38285
38485
40103
40224
40379
40532
40684
40837
40989
41140
41291
41441
41590
41734
41875
42015
42154
42293
42432
42573
42714
42858
43004
43153
43304
43457
43613
43772
43935
44103
44276
44457
44646
44844
45054
45277
45514
45762
46016
46273
46530
46788
47050
47316
47583
47849
48111
48374
48638
48899
49160
49420
49680
49944
50207
50471
50746
51007
