4641
4710
4782
4853
4920
4985
5050
5113
5176
5238
5301
5364
5427
5491
5555
5621
5688
5757
5829
5907
5994
6114
11939
12033
12130
12227
12324
12421
12519
12618
12718
12819
12922
13026
13130
13234
13339
13445
13551
13658
13765
13874
13981
14090
14199
14307
14416
14527
14640
14758
19573
19654
19741
19826
19909
19989
20067
20143
20219
20295
20370
20446
20522
20598
20674
20751
20829
20907
20987
21067
21149
21233
21318
21405
21494
21584
21677
21772
21870
21970
22074
22180
22291
22404
22523
22643
22765
22890
23017
23144
23272
23401
23529
23656
23783
23910
24036
24161
24284
24406
24527
24645
24761
24874
24986
25097
25206
25315
25424
25534
25645
25763
25922
28741
28840
28952
29066
29180
29295
29411
29528
29646
29764
29883
30003
30124
30245
30366
30486
30607
30728
30848
30969
31090
31211
31334
31460
31590
31724
31864
33030
33140
33251
33358
33462
33566
33669
33772
33875
33977
34079
34181
34282
34383
34484
34585
34686
34788
34891
34993
35096
35198
35301
35404
35508
35611
35715
35818
35922
36025
36127
36231
36336
36442
36550
36658
36768
36880
36995
37111
37231
37354
37478
37605
37736
37869
38006
38146
38290
38436
38583
38731
38882
39033
39186
39340
39493
39648
39803
39959
40116
40275
40434
40594
40755
40914
41075
41237
41399
41562
41728
41892
42059
42220
42381
42544
42702
42853
43016
43165
