4752
4815
4882
4948
5014
5081
5147
5213
5280
5348
5416
5485
5556
5629
5706
5788
5880
6025
13350
13427
13505
13583
13662
13743
13826
13912
13999
14086
14175
14264
14354
14445
14536
14629
14721
14815
14909
15003
15097
15192
15287
15381
15476
15570
15665
15761
15859
15956
16052
16148
16247
16351
22536
22613
22694
22776
22855
22931
23005
23078
23148
23218
23288
23356
23425
23495
23563
23633
23702
23772
23842
23912
23983
24054
24126
24199
24273
24348
24424
24502
24580
24660
24741
24824
24909
24996
25085
25177
25270
25367
25466
25567
25668
25772
25876
25983
26090
26198
26307
26417
26528
26638
26749
26859
26969
27078
27185
27291
27398
27504
27609
27714
27819
27921
28024
28125
28226
28326
28424
28520
28616
28712
28815
28959
30502
30607
30703
30798
30894
30991
31089
31186
31284
31383
31482
31582
31682
31783
31885
31988
32093
32208
32385
35015
35093
35188
35284
35380
35477
35576
35674
35773
35872
35972
36070
36169
36269
36369
36468
36569
36670
36772
36875
36978
37081
37185
37289
37395
37500
37607
37715
37824
37941
38062
39279
39367
39458
39548
39638
39727
39817
39906
39995
40083
40171
40258
40345
40432
40519
40605
40692
40777
40863
40948
41032
41117
41203
41286
41368
41450
41531
41613
41695
41776
41858
41940
42022
42103
42184
42267
42349
42432
42516
42601
42688
42777
42867
42960
43056
43154
43254
43356
43462
43568
43678
43789
43908
44028
44153
44284
44419
44560
44701
44843
44983
45122
45258
45396
45535
45677
45818
45961
46105
46249
46395
46540
46686
46831
46978
47125
47273
47423
47570
47718
47865
48013
48162
48310
48460
48608
48756
48903
49049
49193
49338
49480
49625
49766
49908
50074
