5344
5496
5617
5738
5860
5982
6104
6228
6358
6497
10615
10740
10874
11009
11146
11285
11425
11566
11708
11851
11995
12139
12282
12428
12578
12727
12878
13040
17651
17792
17925
18058
18188
18317
18445
18573
18701
18829
18959
19089
19221
19354
19489
19626
19766
19908
20055
20205
20360
20520
20684
20856
21032
21213
21396
21582
21767
21955
22139
22323
22506
22691
22873
23054
23227
23416
23531
23902
24066
24287
24420
24631
24809
24994
25177
25354
25531
25703
25877
26055
26242
28327
28445
28618
28795
28973
29153
29333
29512
29693
29875
30057
30239
30421
30604
30793
30987
31186
31378
31565
31753
31931
32107
32285
32457
32634
32811
32987
33162
33338
33513
33688
33860
34031
34199
34364
34533
34703
34871
35037
35203
35369
35534
35702
35871
36044
36220
36402
36591
36785
36988
37200
37423
37647
37894
38090
38341
38533
38786
38982
39245
39465
39718
39960
40210
40448
40679
40911
41138
41357
41580
41789
