3707
3790
3865
3932
4017
4091
4178
4265
4371
4522
4605
8085
8150
8219
8289
8358
8428
8499
8570
8642
8714
8786
8858
8931
9005
9080
9157
9234
9314
9397
9484
14123
14228
14349
14467
14587
14709
14832
14956
15082
15209
15336
15461
15585
15709
15830
15948
16066
16182
16297
16412
16524
16637
16750
16862
16976
17092
17216
17353
17537
20720
20845
20953
21064
21174
21285
21396
21507
21619
21730
21841
21952
22063
22174
22284
22395
22510
22630
22758
24556
24665
24778
24892
25007
25122
25239
25356
25475
25595
25716
25840
25965
26093
26221
26351
26484
26618
26755
26895
27037
27179
27325
27471
27619
27769
27919
28071
28226
28380
28537
28695
28854
29014
29173
29334
29496
29659
29823
29987
30152
30317
30485
30652
30820
30987
31156
31320
31491
31659
31829
31998
32167
32339
