5745
5865
5985
6103
6219
6333
6445
6557
6668
6785
6899
11772
11899
12032
12166
12302
12438
12576
12714
12854
12998
13144
13293
13444
13597
13751
13905
14068
14237
14392
18903
19029
19166
19302
19437
19572
19708
19844
19980
20117
20254
20393
20535
20678
20824
20976
21133
21299
21474
21662
21859
22060
22267
22478
22690
22895
23102
23305
23511
23711
23911
24112
24300
24485
24662
24835
25002
25167
25334
31100
31211
31353
31508
31663
31819
31979
32141
32305
32472
32644
32818
33002
35227
35358
35521
35690
35856
36024
36190
36356
36522
36688
36853
37018
37183
37348
37517
37688
37861
38042
38223
38408
38601
39379
39549
39716
39883
40049
40215
40379
40537
40699
40860
41019
41175
41330
41486
41639
41791
41942
42090
42239
42386
42535
42683
42831
42980
43131
43283
43438
43597
43763
43934
44118
44314
44521
44738
44966
45185
45429
45639
46088
46295
46571
46804
47066
47330
47591
47865
48118
48395
48642
48895
49124
49353
