8513
8583
8661
8738
8816
8894
8972
9053
9136
9219
9305
9392
9487
13764
13852
13954
14060
14168
14278
14388
14499
14612
14724
14839
14953
15067
15183
15299
15418
15540
18883
18975
19077
19183
19298
19407
19517
19624
19729
19831
19932
20032
20132
20230
20328
20426
20524
20622
20719
20815
20913
21010
21108
21207
21306
21407
21507
21609
21711
21812
21915
22017
22120
22223
22327
22432
22537
22643
22749
22857
22965
23076
23187
23303
23428
23574
26350
26457
26567
26677
26786
26896
27005
27115
27225
27335
27444
27555
27665
27775
27885
27995
28106
28217
28329
28447
28572
30297
30403
30520
30638
30757
30877
31000
31124
31253
31382
31514
31648
31785
31925
32065
32206
32350
32493
32639
32783
32930
33078
33226
33377
33528
33682
33838
33995
34153
34311
34470
34626
34785
34944
35101
35259
35419
35578
35741
35901
36062
36223
36384
36544
36702
36860
37009
37171
37289
