4389
4461
4548
4634
4716
4801
4891
4998
9861
9941
10038
10139
10242
10346
10448
10549
10650
10752
10854
10958
11064
11174
11287
11404
16055
16163
16274
16389
16506
16624
16744
16866
16990
17115
17241
17370
17502
17638
17777
17921
18069
18223
18380
18541
18708
18879
19055
19238
19427
19617
19809
20006
20205
20402
20600
20798
20989
21117
21406
21553
21893
22003
22223
22386
22531
22671
22811
22952
23095
23239
23385
23549
23679
25755
25878
26008
26140
26273
26406
26538
26670
26803
26938
27075
27215
27362
27519
27678
27838
27999
28158
28312
28461
28609
28759
28907
29055
29196
29338
29477
29613
29749
29886
30022
30157
30293
30430
30566
30703
30840
30976
31111
31246
31382
31520
31659
31799
31941
32085
32232
32381
32532
32686
32844
33005
33169
33337
33510
33690
33873
34064
34257
34456
34658
34866
35075
35284
35494
35708
35919
36132
36351
36565
36781
36999
37215
37429
37643
37860
