3997
4073
4129
4191
4255
4320
4387
4457
4534
4622
4689
8556
8624
8694
8764
8834
8905
8976
9048
9120
9193
9266
9340
9414
9490
9568
9647
9730
9817
9915
14215
14644
14744
14859
14973
15087
15202
15317
15432
15548
15665
15782
15898
16014
16128
16237
16344
16452
16560
16667
16773
16880
16988
17096
17207
17323
17451
17572
17723
17903
20961
21050
21161
21273
21386
21500
21614
21729
21843
21958
22074
22190
22307
22423
22539
22654
22771
22895
23035
24894
25007
25123
25241
25359
25480
25602
25725
25850
25976
26104
26233
26364
26498
26632
26768
26906
27046
27189
27331
27475
27622
27770
27919
28071
28224
28379
28534
28689
28846
29004
29165
29327
29490
29654
29816
29979
30142
30304
30466
30629
30791
30952
31114
31274
31440
31597
31763
31925
32087
