4552
4622
4692
4761
4829
4896
4964
5032
5100
5169
5240
5314
5394
5481
5599
5967
13780
13871
13964
14056
14150
14242
14336
14431
14525
14620
14715
14811
14909
15008
15107
15208
15310
15412
15516
15621
15726
15832
15937
16042
16147
16252
16357
16462
16568
16676
22328
22407
22485
22563
22641
22719
22797
22876
22955
23035
23115
23196
23277
23358
23441
23524
23608
23693
23780
23867
23957
24050
24143
24242
24342
24444
24550
24658
24768
24880
24993
25109
25227
25347
25469
25594
25716
25837
25957
26076
26195
26312
26428
26542
26656
26767
26876
26986
27095
27203
27311
27419
27527
27636
27748
27879
28139
29622
29741
29856
29970
30079
30187
30294
30401
30509
30616
30724
30833
30942
31054
31169
31284
31404
31535
31724
34158
34267
34376
34487
34600
34711
34824
34937
35051
35166
35281
35396
35513
35630
35747
35866
35985
36104
36225
36347
36472
36598
36726
36856
38303
38406
38514
38620
38726
38832
38939
39045
39151
39256
39361
39466
39571
39676
39780
39884
39989
40092
40195
40298
40400
40502
40603
40704
40805
40906
41007
41108
41208
41310
41410
41511
41612
41714
41816
41920
42026
42133
42243
42355
42470
42587
42707
42832
42958
43087
43217
43349
43483
43618
43755
43893
44033
44173
44313
44455
44596
44739
44884
45029
45174
45321
45468
45617
45767
45916
46066
46217
46362
46513
46663
46814
46967
47121
47275
47431
47585
47740
47894
48043
48201
