4604
4693
4786
4880
4974
5069
5170
5293
5375
10364
10448
10547
10650
10753
10858
10963
11068
11174
11279
11387
11496
11609
11723
11841
16924
17027
17138
17253
17369
17486
17602
17719
17836
17954
18073
18195
18318
18445
18575
18708
18845
18988
19135
19285
19441
19601
19767
19940
20120
20305
20495
20686
20879
21070
21263
21455
21650
21853
22073
22175
22750
22847
23045
23357
23476
23702
23832
24002
24147
24299
24450
24614
27200
27305
27438
27574
27713
27852
27992
28132
28273
28415
28555
28698
28848
29002
29160
29323
29488
30672
30799
30931
31065
31201
31339
31478
31618
31758
31900
32041
32185
32328
32472
32616
32762
32908
33054
33201
33349
33498
33647
33798
33950
34104
34260
34419
34579
34742
34911
35086
35266
35451
35644
35848
36061
36279
36503
36729
36957
37181
37399
37621
37841
38064
38294
38522
38748
38972
39195
39417
39639
39859
