5195
5264
5333
5401
5468
5535
5602
5669
5735
5801
5868
5936
6004
6071
6140
6208
6277
6349
6427
6568
13675
13761
13850
13940
14031
14122
14213
14305
14398
14491
14584
14679
14775
14870
14966
15061
15157
15253
15350
15447
15545
15644
20253
20334
20416
20497
20578
20659
20739
20819
20898
20977
21055
21133
21211
21288
21365
21442
21519
21595
21672
21749
21826
21903
21980
22058
22136
22214
22293
22373
22453
22534
22616
22698
22782
22865
22951
23037
23124
23212
23302
23394
23486
23579
23674
23770
23868
23967
24066
24166
24267
24369
24472
24574
24677
24780
24883
24987
25091
25195
25301
25405
25510
25615
25720
25826
25932
26035
26145
26240
26431
26715
27998
28071
28247
28328
28414
28501
28586
28671
28757
28842
28928
29014
29100
29188
29276
29366
29460
29568
32703
32793
32887
32981
33076
33169
33263
33356
33450
33544
33638
33731
33824
33918
34011
34105
34198
34292
34386
34479
34574
34669
34766
34866
34967
35072
37030
37117
37207
37299
37391
37483
37576
37668
37762
37855
37948
38040
38134
38227
38320
38412
38504
38594
38683
38772
38862
38951
39041
39132
39222
39313
39405
39496
39588
39681
39774
39868
39962
40057
40152
40247
40342
40439
40535
40631
40729
40828
40927
41027
41129
41231
41335
41439
41544
41649
41755
41861
41969
42078
42185
42295
42405
42514
42625
42735
42846
42956
43066
43175
43285
43395
43504
43614
43724
43833
43944
44054
44165
44276
44387
44497
44609
44721
44831
44943
45056
45167
45282
45395
45509
45624
45737
45851
45964
46078
46190
46302
46416
46527
46639
46749
46860
