4460
4563
4668
4775
4887
5001
5104
5311
5503
8693
8815
8949
9092
9241
9397
9559
9736
13510
13649
13793
13948
14111
14277
14442
14606
14770
14934
15096
15255
15413
15566
15717
15864
16008
16148
16283
16416
16551
16694
18521
18623
18728
18833
18937
19038
19138
19236
19334
19433
19531
19632
19735
19846
21757
21851
21959
22071
22185
22301
22418
22536
22655
22775
22895
23016
23137
23260
23383
23507
23631
23757
23881
24005
24131
24259
24389
24525
24667
24815
24971
25130
25295
25462
25635
25814
25998
26186
26378
26572
26770
26971
27176
27380
27584
27785
27984
28183
28382
28583
28783
28983
29184
29386
29588
29794
29999
30205
30414
30623
30833
31040
