4729
4798
4871
4945
5018
5093
5170
5249
5333
5423
5541
10091
10176
10263
10351
10442
10533
10626
10720
10815
10910
11007
11105
11205
11307
11409
11512
11618
15655
15741
15836
15928
16019
16110
16201
16291
16383
16474
16566
16658
16752
16847
16943
17039
17137
17235
17334
17435
17538
17642
17748
17856
17966
18079
18194
18311
18431
18553
18678
18807
18938
19071
19205
19340
19476
19614
19765
19968
20352
23291
23394
23500
23609
23719
23831
23944
24057
24171
24286
24402
24518
24636
24756
26345
26450
26559
26669
26781
26893
27006
27119
27233
27347
27460
27574
27686
27798
27909
28021
28135
28249
28366
28484
28604
28725
28848
28972
29098
29224
29352
29482
29612
29745
29879
30016
30156
30299
30443
30590
30739
30890
31042
31195
31349
31505
31660
31818
31974
32127
32280
32433
32588
32741
32894
33048
33201
33352
33504
33653
33801
33950
34096
34243
34387
34532
34677
34820
34964
35108
35254
