5813
5929
6049
6168
6285
6400
6514
6628
6745
6867
12166
12290
12426
12565
12707
12851
12997
13142
13288
13434
13579
13725
13870
14012
14157
14303
14453
14606
14775
19512
19594
19731
19880
20027
20172
20314
20455
20595
20734
20871
21009
21145
21282
21419
21556
21692
21829
21965
22101
22237
22373
22506
22640
22773
22906
23038
23169
23303
23435
23570
23704
23838
23972
24106
24240
24374
24508
24642
24776
24911
25047
25184
25320
25457
25612
25726
26190
26366
26515
26689
26819
26997
27113
27275
27426
27585
27745
27902
28057
28211
28364
28517
28672
28834
31415
31565
31720
31875
32030
32185
32341
32497
32652
32807
32963
33119
33278
33439
33605
33775
33948
34128
34310
34490
34667
34841
35014
35187
35360
35533
35707
35881
36053
36225
36397
36570
36742
36914
37085
37255
37422
37586
37750
37915
38079
38242
38402
38559
38713
38868
39024
39182
39341
39502
39667
39836
40010
40190
40378
40580
40785
41038
41197
41619
41861
42039
42469
42699
42911
43175
43399
43656
43921
44190
44446
44684
44908
45121
45332
45528
