5269
5327
5394
5461
5528
5595
5664
5734
5806
5880
5958
6048
6173
12572
12653
12742
12831
12921
13011
13101
13190
13280
13369
13458
13547
13636
13725
13813
13900
13987
14073
14159
14243
14327
14410
14493
14576
14659
14743
14827
19238
19319
19404
19490
19579
19668
19756
19844
19933
20021
20110
20199
20287
20376
20465
20555
20645
20736
20827
20918
21010
21104
21197
21292
21388
21484
21583
21681
21780
21880
21981
22082
22186
22289
22394
22499
22607
22715
22824
22933
23042
23152
23262
23372
23485
23599
23710
23823
23935
24047
24159
24272
24384
24498
24611
24721
24832
24948
25051
25247
25558
26134
26367
26487
26972
27066
27274
27448
27555
27640
27734
27826
27919
28013
28107
28202
28297
28393
28490
28593
28684
29394
32807
32896
32985
33075
33164
33254
33345
33435
33526
33615
33705
33795
33885
33975
34067
34160
34255
34350
34447
34545
36178
36261
36349
36438
36528
36619
36710
36801
36893
36985
37078
37170
37263
37357
37451
37545
37640
37734
37830
37925
38021
38118
38215
38314
38410
38508
38605
38703
38801
38900
38999
39099
39199
39301
39403
39505
39608
39712
39816
39921
40027
40133
40240
40347
40455
40564
40673
40785
40897
41009
41124
41239
41354
41469
41586
41703
41822
41940
42058
42177
42296
42413
42533
42652
42770
42890
43009
43129
43248
43367
43486
43607
43727
43846
43966
44086
44207
44330
44449
44572
44694
44818
44939
45061
45183
45304
45424
45546
45660
45795
45883
46020
