4315
4380
4463
4543
4628
4717
9592
9663
9752
9844
9936
10030
10124
10219
10314
10410
10507
10605
10705
10806
10910
15571
15664
15762
15862
15963
16066
16169
16273
16377
16483
16590
16698
16808
16920
17035
17152
17274
17398
17526
17658
17794
17934
18077
18224
18377
18536
18700
18871
19047
19226
19409
19592
19776
19961
20145
20326
20506
20685
20858
21023
21184
21342
21449
21675
21791
22026
22140
24625
24745
24873
25001
25129
25257
25386
25515
25646
25779
25916
26058
26204
26360
27895
28019
28144
28271
28399
28528
28657
28786
28915
29043
29172
29300
29429
29557
29686
29815
29942
30070
30197
30324
30453
30583
30715
30848
30982
31120
31259
31402
31549
31698
31852
32010
32173
32341
32516
32698
32885
33076
33269
33466
33663
33859
34057
34261
34466
34673
34884
35097
35323
35541
35759
35979
36199
36420
36638
36855
