4547
4608
4673
4739
4806
4873
4942
5012
5084
5158
5234
5317
5393
9482
9549
9618
9686
9754
9822
9890
9959
10028
10097
10167
10237
10308
10380
10453
10527
10602
10678
10756
10837
10921
15668
15821
15949
16081
16216
16353
16492
16632
16774
16916
17060
17204
17350
17497
17644
17793
17942
18092
18242
18390
18535
18675
18811
18944
19074
19200
19327
19452
19579
19705
19834
19960
20088
20208
20327
20443
20561
20676
20792
20911
21021
23916
24016
24122
24229
24337
24446
24555
24665
24777
24888
25000
25112
25223
25333
25443
25554
25670
25791
25920
27484
27590
27699
27810
27920
28031
28142
28254
28366
28479
28593
28707
28822
28937
29053
29169
29285
29402
29520
29639
29760
29882
30006
30132
30258
30387
30517
30648
30782
30918
31058
31197
31340
31484
31631
31780
31930
32083
32239
32396
32558
32723
32891
33061
33230
33400
33567
33737
33906
34076
34245
34414
34583
34755
34922
35086
35260
35426
35596
35763
