5074
5149
5234
5322
5408
5495
5581
5668
5762
11967
12060
12160
12263
12368
12475
12582
12690
12798
12907
13018
13131
13245
13359
13483
18820
18902
19010
19121
19235
19349
19465
19581
19698
19815
19931
20046
20162
20280
20399
20521
20645
20772
20903
21037
21177
21321
21471
21628
21790
21959
22134
22314
22497
22684
22875
23071
23271
23474
23679
23887
24098
24310
24547
24687
25527
25731
25893
26225
26354
26545
26683
26834
26979
27121
27262
27409
27575
27761
30211
30328
30458
30591
30726
30862
30997
31132
31267
31403
31542
31680
31821
31966
32117
32276
32433
32589
32743
32894
33043
33191
33340
33491
33645
33794
33930
34068
34203
34336
34469
34602
34735
34869
35002
35135
35269
35402
35535
35669
35802
35934
36068
36201
36335
36471
36607
36745
36884
37024
37167
37313
37461
37612
37767
37927
38091
38261
38438
38622
38815
39014
39218
39422
39627
39829
40036
40249
40465
40681
40898
41114
41331
41548
41768
41994
42217
42441
42663
42885
43103
43322
43540
43750
43954
