4094
4170
4250
4332
4413
4495
4577
4658
4741
4825
4916
5001
8585
8697
8815
8934
9057
9183
9313
9447
9586
9737
14046
14166
14302
14451
14610
14777
14949
15127
15308
15490
15672
15852
16031
16207
16382
16555
16722
16886
17014
17184
17324
17482
17720
18600
18703
18817
18940
19070
19208
19360
19508
19661
19818
19982
22537
22636
22757
22880
23002
23124
23246
23366
23488
23609
23731
23853
23975
24099
24220
24343
24468
24594
24723
26326
26668
29454
29572
29702
29836
29971
30107
30244
30382
30521
30662
30805
30951
31100
31252
31406
31565
31727
31891
32059
32233
32411
32598
32785
32976
33172
33363
33563
33759
33961
34161
34360
34558
34755
34952
35146
35344
35538
35733
35928
36121
36316
36507
