15510
15622
15733
15841
15949
16056
16164
16273
16385
16501
16613
16730
16816
21793
21924
22060
22198
22339
22483
22628
22777
22925
23077
23231
23397
28947
29071
29219
29364
29510
29656
29801
29946
30091
30236
30378
30520
30663
30807
30953
31102
31254
31410
31571
31737
31911
32094
32288
32493
32706
32927
33156
33390
33626
33860
34092
34320
34543
34761
34968
35170
35365
35555
35737
35916
36093
36270
36450
36636
36824
37010
37189
37360
37526
37688
37850
38012
38178
38347
38519
38696
38882
41344
41475
41639
41801
41961
42118
42275
42431
42588
42745
42903
43063
43225
43389
43558
43729
43905
44084
44269
44463
44648
45696
45847
46009
46169
46328
46488
46646
46805
46963
47120
47276
47430
47583
47728
47872
48016
48163
48311
48461
48614
48769
48926
49086
49248
49413
49585
49760
49942
50131
50324
50525
50730
50948
51176
51417
51673
51931
52200
52483
52774
53070
53373
53674
53970
54267
54561
54852
55140
55432
55721
56010
56302
56619
56886
