16963
17075
17202
17324
17445
17564
17682
17803
17929
18153
23435
23580
23728
23879
24031
24183
24338
24497
24659
24836
29185
29315
29481
29650
29821
29997
30175
30355
30536
30721
30910
31104
31304
31507
31707
31905
32102
32299
32495
32691
32887
33081
33273
33460
33646
33830
34014
34198
34379
34554
34724
34896
35079
35279
37587
37757
37924
38091
38258
38427
38595
38764
38933
39104
39276
39453
39638
39833
40032
40233
40429
40614
40801
40985
41175
41343
41510
41676
41842
42003
42164
42325
42485
42644
42804
42962
43123
43280
43433
43586
43739
43892
44046
44201
44357
44514
44672
44833
44995
45160
45329
45500
45677
45859
46050
46244
46445
46652
46866
47086
47309
47538
47770
48004
48237
48475
48717
48966
49221
49480
49752
50018
50283
50542
50799
51059
51322
51595
51864
52142
52370
