5034
5120
5209
5299
5387
5475
5564
5652
5742
5830
5910
6013
6073
6184
6248
6335
6427
6517
6613
10043
10137
10233
10331
10429
10528
10629
10730
10832
10936
11042
11149
11264
15244
15374
15535
15703
15876
16052
16233
16416
16599
16784
16970
17158
17343
17527
17708
17886
18060
18229
18393
18552
18705
18855
19006
19149
19257
19823
19915
20739
20827
20953
21075
21203
21342
21478
21622
21769
21925
22090
22268
24493
24655
24845
25031
25217
25407
25597
25790
25984
26176
26371
26563
26759
26956
27153
27352
27555
31846
31979
32127
32274
32425
32580
32737
32896
33056
33215
33375
33532
33687
33839
33989
34137
34283
34429
34574
34719
34863
35008
35152
35297
35443
35590
35738
35888
36040
36196
36355
36520
36690
36860
37036
37216
37402
37593
37789
37989
38190
38391
38591
38790
38990
39191
39392
39592
39797
40001
40204
40406
40607
40804
41003
41202
41399
41595
41794
