6324
6448
6574
6701
6831
6968
7114
7243
11778
11903
12046
12191
12339
12490
12642
12795
12950
13107
13265
13426
13590
13759
13936
14125
18627
18735
18866
18952
19020
19161
19301
19439
19576
19713
19849
19985
20121
20256
20391
20526
20662
20800
20941
21085
21234
21389
21549
21716
21888
22064
22244
22426
22610
22793
22977
23162
23346
23528
23709
23884
24055
24223
24389
24551
24710
24865
25016
25165
25311
25456
25602
25750
25901
26057
26215
26380
26550
26725
26905
27084
27260
27433
27607
27789
30331
30454
30620
30792
30966
31140
31315
31488
31660
31830
32001
32173
32345
32520
32698
32887
33074
34216
34363
34533
34709
34884
35058
35233
35410
35589
35769
35950
36129
36304
36474
36641
36805
36967
37123
37277
37428
37578
37726
37874
38024
38174
38325
38478
38633
38794
38961
39138
39327
39525
39726
39933
40142
40352
40564
40779
41000
41224
41448
41672
41902
42136
42366
42609
42844
43074
43298
43524
43747
