10009
10161
10317
10476
10641
10813
10998
14663
14780
14898
15013
15126
15237
15347
15455
15562
15668
15773
15878
15981
16085
16187
16290
16392
16494
16595
16696
16797
16897
16998
17098
17199
17300
17402
17506
17613
17721
17835
17949
18089
19746
19858
19978
20100
20225
20354
20490
20639
23145
23269
23396
23529
23660
23795
23931
24070
24213
24363
26772
26918
27069
27225
27388
27567
30894
31035
31179
31325
31473
31623
31775
31929
32085
32244
32406
32572
32743
32917
33094
33276
33459
33651
33846
34040
34246
34450
34659
34867
35074
35283
35491
35695
35901
36097
36291
36481
36672
36859
37045
37230
37415
37600
37786
37973
38159
38345
38529
38713
38898
39082
39265
39446
39626
39805
39986
40173
40371
43499
43620
43755
43893
44030
44167
44304
44441
44578
44715
44851
44987
45123
45261
45400
45542
45684
45827
45971
46115
46259
46405
46551
46698
46845
46994
47143
47293
47443
47594
47749
47906
48063
48213
48360
48510
48659
48807
48956
49106
49256
49408
49561
49714
49866
50020
50173
50326
50480
50632
50786
50939
51092
51246
51399
51553
51705
51858
52010
52163
52316
52473
52633
52798
52972
53147
53326
53502
53672
53840
54008
54175
54340
54503
54665
54826
54991
55156
55326
55499
55675
55860
56055
59417
59561
59716
59882
60050
60220
60400
60590
63200
63335
63476
63621
63765
63911
64059
64208
64359
64512
64670
64832
65000
65176
65356
65541
65729
65922
66121
66327
66543
66764
66995
67236
67484
67732
67980
68232
68487
68745
68999
69253
69510
69762
70018
70267
70516
70764
71013
71255
71498
71743
71989
72243
72501
72771
73042
73224
73486
