4971
5042
5112
5182
5251
5318
5385
5451
5517
5583
5650
5720
5795
6067
11574
11655
11738
11821
11904
11987
12069
12150
12230
12310
12389
12467
12544
12620
12696
12772
12848
12924
12999
13075
13151
13226
13302
13378
13455
13532
13609
13693
17723
17810
17902
17994
18088
18184
18280
18376
18473
18570
18668
18766
18863
18962
19060
19160
19260
19361
19463
19566
19670
19775
19881
19987
20092
20199
20306
20415
20524
20635
20746
20859
20973
21087
21201
21315
21431
21545
21660
21774
21887
22001
22113
22225
22335
22447
22555
22662
22768
22873
22977
23079
23180
23280
23377
23473
23567
23659
23753
23849
23956
24037
24558
24613
25493
25587
25681
25772
25861
25949
26038
26126
26214
26303
26391
26479
26568
26656
26745
26834
26924
27016
27111
27214
30620
30705
30794
30884
30972
31060
31148
31235
31321
31407
31492
31578
31664
31749
31834
31919
32003
32087
32170
32253
32337
32420
32503
32586
32669
32753
32838
32926
33014
33105
33198
34892
34970
35050
35132
35214
35296
35377
35459
35539
35620
35700
35780
35859
35938
36016
36095
36173
36251
36328
36403
36478
36552
36626
36699
36773
36846
36920
36993
37067
37141
37215
37289
37363
37437
37512
37586
37662
37737
37813
37889
37965
38042
38120
38198
38277
38356
38436
38518
38600
38684
38768
38854
38941
39030
39119
39209
39301
39394
39489
39586
39684
39785
39887
39990
40094
40200
40308
40416
40525
40634
40745
40856
40968
41081
41195
41308
41421
41535
41650
41764
41879
41995
42111
42227
42343
42461
42577
42695
42813
42930
43049
43167
43287
43406
43525
43645
43765
43883
44002
44120
44238
44355
44472
44589
