3885
3937
3991
4046
4101
4158
4218
4282
4348
4418
4492
4574
4737
8416
8494
8560
8627
8694
8761
8829
8898
8967
9036
9106
9176
9246
9317
9388
9459
9531
9603
9677
9754
9832
9914
10000
14301
14492
14603
14735
14867
15000
15135
15273
15412
15553
15695
15837
15981
16126
16271
16416
16560
16705
16846
16983
17119
17252
17391
17565
17654
17969
18201
18400
18586
18699
18843
18936
19087
19172
19303
19410
21881
21979
22086
22194
22302
22410
22519
22629
22740
22851
22963
23076
23189
23300
23411
23521
23630
23739
23852
23972
24099
25429
25536
25647
25759
25871
25985
26101
26218
26338
26459
26584
26708
26834
26961
27090
27221
27352
27484
27618
27756
27895
28035
28177
28320
28463
28610
28757
28906
29057
29209
29361
29514
29668
29823
29981
30139
30298
30456
30616
30773
30932
31093
31254
31414
31572
31730
31887
32044
32200
32358
32515
32673
32834
32989
33145
33304
33464
