4291
4359
4425
4490
4555
4618
4682
4745
4810
4876
4944
5015
5088
5168
5256
5363
5532
11024
11120
11214
11308
11404
11498
11593
11689
11784
11881
11978
12076
12176
12277
12379
12480
12583
12685
12788
12892
12997
13103
13210
13317
13425
13535
13647
13765
18684
18772
18862
18950
19037
19123
19210
19296
19384
19472
19560
19649
19739
19829
19921
20013
20106
20201
20297
20394
20491
20591
20692
20794
20898
21003
21110
21219
21329
21441
21554
21670
21784
21901
22018
22135
22252
22369
22487
22603
22721
22838
22955
23071
23187
23302
23416
23528
23639
23751
23860
23967
24075
24181
24286
24389
24494
24608
24741
24872
27344
27432
27542
27652
27761
27869
27978
28085
28193
28302
28412
28524
28635
28748
28860
28974
29086
29199
29311
29423
29534
29645
29756
29867
29978
30088
30197
30307
30419
30535
30656
30787
32297
32389
32489
32591
32693
32795
32898
33002
33105
33209
33313
33416
33520
33623
33726
33829
33931
34032
34131
34231
34330
34430
34529
34629
34728
34827
34926
35025
35125
35225
35326
35427
35530
35634
35739
35845
35954
36064
36175
36289
36405
36523
36643
36766
36891
37017
37145
37274
37404
37536
37668
37802
37936
38072
38208
38346
38484
38623
38763
38903
39042
39183
39323
39464
39605
39748
39892
40035
40180
40327
40475
40622
40770
40918
41068
41218
41368
41519
41670
41822
41973
42122
42270
42419
42567
42714
