4083
4229
4285
4342
4403
4466
4533
4603
4677
4758
4847
4916
9088
9158
9229
9301
9372
9443
9516
9588
9661
9734
9808
9883
9958
10035
10112
10190
10268
10349
10430
10516
10607
15453
15538
15624
15710
15796
15881
15968
16055
16142
16231
16319
16408
16498
16588
16680
16772
16866
16961
17057
17155
17254
17353
17453
17556
17659
17765
17874
17984
18097
18213
18339
18477
18654
18917
21577
21659
21744
21849
21952
22056
22160
22264
22369
22475
22581
22687
22793
22899
23004
23109
23214
23322
23437
23562
25605
25720
25838
25957
26076
26197
26319
26442
26567
26693
26820
26951
27082
27214
27348
27484
27621
27760
27900
28043
28187
28334
28482
28633
28786
28941
29097
29255
29414
29573
29733
29896
30061
30227
30394
30563
30731
30902
31069
31236
31403
31570
31738
31906
32076
32249
32420
