6118
6215
6332
6444
6555
6666
6778
6892
7011
7134
7240
12902
12991
13125
13256
13392
13529
13667
13807
13946
14088
14235
14388
14556
19641
19768
19906
20047
20188
20331
20473
20615
20758
20903
21049
21196
21346
21498
21654
21811
21971
22133
22296
22460
22624
22789
22954
23117
23282
23447
23612
23778
23944
24110
24275
24440
24605
24769
24932
25093
25254
25414
25574
25733
25892
26052
26211
26370
26529
26687
26846
27009
27182
29959
30068
30237
30404
30572
30742
30914
31085
31256
31427
31598
31770
31944
32119
32296
32475
32657
32842
33037
33239
33432
33628
33831
34773
34951
35127
35303
35478
35654
35829
36003
36175
36345
36510
36676
36843
37010
37178
37346
37516
37689
37863
38040
38218
38399
38584
38776
38975
39178
39387
39607
39832
40059
40297
40530
40768
41002
41235
41468
41699
41941
42180
42422
42663
42906
43154
43408
43667
43923
44184
44434
44696
45170
