6402
6517
6640
6756
6868
6983
7101
7224
7339
7457
12766
12910
13052
13198
13348
13497
13647
13798
13950
14100
14252
14405
14560
14722
14888
15061
20258
20340
20473
20608
20739
20871
21002
21131
21260
21390
21521
21652
21785
21919
22055
22194
22337
22485
22639
22796
22958
23120
23289
23456
23630
23797
23972
24148
24325
24503
24683
24862
25041
25219
25393
25575
25745
25915
26082
26243
26402
26560
26714
26878
26984
27276
27421
27583
27714
27892
28046
28214
28386
28557
28727
28896
29065
29234
29405
29579
32303
32437
32591
32750
32909
33070
33231
33387
33543
33697
33852
34006
34161
34317
34479
34645
34818
34998
35163
35338
35510
35694
35858
36020
36190
36362
36532
36702
36870
37037
37204
37371
37534
37700
37859
38021
38180
38338
38495
38652
38807
38960
39115
39268
39420
39572
39723
39877
40030
40186
40344
40504
40667
40834
41007
41186
41374
41572
41774
41978
42177
42400
42573
42975
43154
43584
43788
44018
44215
44462
44654
44897
45087
45328
45503
45898
46119
46298
46494
