5488
5606
5724
5842
5959
6075
6191
6311
6439
11675
11809
11956
12101
12249
12393
12539
12683
12829
12979
13127
13275
13423
13571
13719
13869
14027
18319
18600
18726
18866
19003
19138
19272
19403
19534
19665
19794
19923
20051
20179
20308
20437
20567
20699
20833
20968
21106
21250
21397
21551
21711
21876
22048
22228
22408
22588
22773
22957
23137
23314
23493
23671
23847
24023
24195
24367
24536
24705
24869
25030
25189
25349
25499
25676
25791
26112
26222
26559
26711
26901
27037
27227
27393
27568
27739
27908
28076
28246
28420
28604
31214
31376
31543
31712
31881
32050
32218
32385
32551
32717
32883
33048
33217
33388
33564
33746
33935
34123
34864
35039
35215
35395
35575
35757
35939
36119
36298
36476
36655
36833
37011
37185
37357
37526
37694
37857
38016
38173
38328
38479
38631
38782
38934
39087
39242
39401
39560
39728
39901
40081
40270
40471
40665
40896
41066
41451
41687
41851
42115
42264
42484
42711
42944
43176
43414
43652
43886
44122
44333
44576
44790
45023
