4836
4904
4986
5069
5151
5233
5318
5410
5626
10572
10652
10738
10824
10910
10998
11086
11175
11266
11357
11449
11543
11637
11732
11827
11923
12020
12119
12218
12320
16993
17086
17182
17280
17381
17485
17592
17703
17816
17932
18050
18171
18295
18420
18547
18675
18805
18935
19066
19196
19327
19457
19587
19717
19847
19975
20103
20230
20357
20483
20610
20740
20888
21002
21115
24204
24307
24411
24517
24624
24732
24841
24951
25061
25173
25287
25404
25523
25646
27485
27587
27693
27801
27910
28019
28129
28239
28350
28461
28571
28680
28790
28900
29010
29123
29236
29352
29468
29586
29706
29827
29950
30075
30200
30326
30454
30582
30713
30846
30981
31117
31254
31394
31535
31676
31819
31963
32109
32258
32410
32565
32721
32880
33039
33197
33355
33513
33668
33821
33972
34124
34276
34424
34572
34719
34865
35013
35160
35308
35454
35601
35750
35897
36049
36205
