15083
15177
15283
15385
15487
15589
15692
15795
15901
16010
16125
16241
16377
16463
21949
22052
22176
22301
22428
22556
22685
22815
22948
23080
23215
23357
23508
23669
28174
28294
28423
28558
28696
28835
28975
29115
29253
29390
29526
29663
29800
29937
30076
30217
30363
30514
30673
30844
31026
31216
31415
31618
31827
32041
32261
32481
32702
32922
33138
33348
33553
33752
33947
34137
34322
34504
34683
34859
35033
35206
35378
35549
35718
35886
36056
36238
36449
39111
39258
39427
39592
39758
39924
40089
40254
40420
40584
40748
40911
41076
41243
41416
41596
41789
41997
43520
43646
43798
43945
44093
44242
44391
44542
44694
44846
44997
45149
45297
45443
45590
45739
45888
46039
46192
46347
46504
46662
46824
46989
47158
47331
47510
47697
47895
48104
48326
48563
48805
49058
49316
49572
49829
50093
50361
50629
50896
51168
51448
51746
52036
52337
52617
52903
53187
53473
53763
54044
54323
54603
54895
55173
55456
