4572
4639
4704
4771
4842
4916
4993
5072
5156
5248
5363
9926
10009
10092
10177
10263
10351
10439
10528
10619
10711
10804
10898
10993
11089
11185
11284
11383
15459
15547
15638
15732
15830
15926
16023
16119
16213
16308
16403
16500
16599
16699
16798
16899
17000
17100
17202
17304
17407
17513
17620
17730
17843
17958
18076
18195
18316
18438
18562
18687
18812
18937
19061
19185
19308
19430
19553
19676
19805
19953
20100
20372
22808
22902
23001
23099
23199
23298
23398
23498
23599
23701
23805
23912
24020
24131
24244
24357
24473
24596
25705
25799
25899
25999
26100
26201
26303
26405
26507
26610
26714
26817
26921
27024
27128
27231
27336
27439
27544
27650
27758
27867
27977
28089
28203
28318
28434
28551
28669
28788
28909
29031
29154
29277
29403
29530
29658
29789
29921
30055
30191
30328
30465
30603
30742
30882
31023
31164
31306
31449
31594
31738
31883
32029
32174
32320
32465
32611
32758
32902
33047
33191
33334
33477
33620
33763
33904
34046
34187
34328
34468
34610
34750
