16158
16241
16345
16445
16543
16640
16736
16831
16924
17012
17101
17197
17292
17393
17492
17605
22849
22956
23073
23193
23315
23441
23568
23697
23829
23963
24097
24237
24395
30326
30472
30624
30775
30928
31084
31239
31394
31549
31707
31867
32033
32205
32385
32570
32760
32954
33153
33357
33562
33768
33973
34180
34386
34591
34792
34987
35174
35356
35533
35707
35877
36047
36215
36383
36551
36720
36891
37066
37256
37463
37687
37927
38164
38386
38587
38775
38950
39109
39263
39416
39568
39722
39880
40041
40208
40380
40558
40746
43371
43518
43679
43835
43990
44145
44300
44456
44614
44772
44930
45089
45249
45410
45577
45750
45932
46121
47782
47895
48040
48186
48333
48480
48628
48776
48924
49072
49220
49368
49515
49661
49808
49949
50090
50231
50373
50516
50661
50807
50954
51103
51253
51405
51559
51717
51879
52046
52220
52400
52588
52784
52990
53209
53441
53679
53925
54178
54441
54712
54992
55278
55583
55890
56179
56469
56756
57035
57310
57582
57858
58138
58426
58709
58998
59300
59608
59900
60147
