4368
4446
4526
4608
4691
4777
4868
4961
5072
9570
9652
9737
9824
9911
10000
10089
10179
10271
10364
10458
10554
10652
10752
14646
14730
14825
14920
15018
15117
15220
15324
15432
15540
15651
15763
15878
15994
16111
16230
16350
16471
16593
16715
16839
16963
17088
17214
17343
17477
17627
17730
17899
17995
21208
21312
21416
21522
21628
21737
21846
21957
22068
22180
22292
22404
22517
22634
24321
24424
24531
24640
24750
24861
24972
25083
25194
25304
25414
25525
25637
25750
25865
25983
26103
26226
26350
26476
26604
26733
26862
26995
27128
27263
27401
27540
27680
27822
27963
28108
28252
28397
28544
28691
28836
28986
29139
29297
29455
29619
29782
29949
30114
30278
30440
30597
30748
30900
31051
31198
31343
31488
31629
31773
31922
