4450
4535
4624
4713
4800
4886
4973
5061
5156
5274
9911
10008
10109
10212
10316
10420
10524
10627
10730
10835
10940
11047
11156
11266
11381
16138
16239
16352
16466
16581
16698
16817
16937
17059
17182
17306
17433
17562
17696
17834
17977
18125
18276
18434
18599
18769
18943
19123
19306
19491
19680
19870
20064
20259
20456
20654
20851
21048
21241
21432
21555
21845
21977
22341
22472
22689
22860
23014
23164
23312
23458
23604
23756
23925
24041
26084
26200
26331
26464
26598
26734
26871
27008
27145
27283
27421
27562
27709
27865
28024
28176
28329
28479
28625
28769
28915
29061
29203
29335
29464
29597
29729
29863
29997
30132
30268
30404
30541
30678
30816
30953
31090
31227
31364
31501
31640
31781
31923
32068
32216
32367
32524
32687
32854
33026
33204
33386
33574
33768
33968
34172
34381
34590
34797
35003
35210
35421
35632
35844
36056
36271
36490
36708
36921
37130
37342
37557
37773
37987
