4360
4675
4792
4907
5020
5134
5257
5377
10080
10215
10366
10520
10675
10833
10992
11153
11315
11481
11653
16667
16820
16981
17141
17300
17460
17620
17779
17938
18096
18254
18411
18569
18727
18886
19045
19204
19364
19524
19685
19845
20007
20171
20337
20514
20726
22706
22845
23019
23194
23369
23543
23718
23894
24073
24261
24461
24676
25758
25910
26081
26251
26421
26592
26762
26933
27104
27272
27439
27607
27776
27945
28113
28281
28451
28623
28801
28983
29172
29365
29564
29768
29980
30199
30426
30663
30905
31151
31403
31657
31917
32188
32472
32726
33013
33278
33558
33830
34110
34352
