10054
10123
10191
10258
10326
10393
10461
10528
10595
10663
10731
10800
10871
10952
15516
15609
15706
15805
15905
16007
16110
16214
16320
16426
16532
16639
16748
16857
16966
17075
17184
17295
17405
17518
17638
21540
21632
21732
21839
21947
22053
22157
22259
22361
22462
22562
22661
22758
22853
22946
23038
23130
23222
23313
23404
23495
23586
23678
23771
23865
23959
24054
24150
24246
24342
24439
24536
24633
24730
24827
24925
25022
25120
25217
25315
25413
25512
25610
25709
25808
25907
26008
26111
26219
26332
26455
26605
29243
29343
29449
29553
29658
29762
29867
29972
30077
30183
30288
30394
30500
30605
30712
30818
30925
31033
31142
31255
31372
32706
32810
32921
33033
33145
33259
33373
33489
33607
33728
33850
33973
34097
34224
34353
34484
34618
34753
34890
35026
35165
35306
35447
35589
35734
35879
36026
36174
36325
36475
36628
36782
36937
37093
37250
37410
37568
37726
37885
38042
38195
38350
38506
38659
38815
38971
39129
39281
39438
39586
39741
39889
40038
40178
