2201
2315
2413
2523
2628
2734
2839
2943
3047
3151
3254
3357
3459
3560
3661
3761
3860
3960
4058
4156
4254
4352
4449
4546
4643
4739
4836
4933
5030
5127
5224
5320
5416
5511
5604
5697
5790
5882
5975
6067
6160
6253
6347
6440
6534
6629
6724
6821
6918
7016
7116
7217
7320
7425
7532
7643
7757
7875
7998
8125
8257
8394
8534
8677
8824
8974
9127
9282
9438
9595
9752
9907
10063
10218
10372
10526
10678
10830
10980
11131
11281
11432
11580
11728
11872
12015
12156
12296
12434
12571
12707
12844
12982
13119
13258
13399
13543
