7516
7593
7672
7753
7832
7912
7992
8073
8153
8234
8316
8398
8480
8562
8645
8728
8811
8894
8978
9063
9148
9233
9318
9404
9491
9577
9663
9750
9837
9924
10011
10100
10188
10278
10369
10460
10552
10644
10736
10829
10923
11018
11113
11208
11304
11401
11498
11596
11695
11795
11895
11997
12099
12203
12309
12415
12521
12629
12737
12844
12953
13063
13174
13285
13398
13510
13623
13735
13848
13961
14075
14190
14302
14416
14529
14643
14758
14872
14986
15101
15215
15329
15441
15554
15667
15778
15890
16003
16114
16227
16339
16452
16564
16679
16791
16905
17018
17129
17245
17355
