7407
7481
7561
7642
7723
7805
7887
7970
8053
8136
8220
8304
8388
8472
8558
8643
8729
8816
8902
8988
9075
9162
9249
9336
9423
9510
9598
9686
9773
9862
9950
10039
10128
10217
10307
10397
10487
10578
10669
10761
10853
10946
11039
11133
11227
11322
11419
11516
11615
11714
11815
11916
12018
12120
12220
12321
12423
12527
12635
12744
12852
12961
13071
13180
13289
13398
13508
13618
13725
13833
13941
14049
14159
14265
14371
14475
14582
14690
14796
14904
15013
15123
15231
15341
15451
15562
15671
15784
15895
16007
16118
16231
16342
16454
16566
16678
16791
16904
17017
17130
17245
