7214
7294
7375
7456
7538
7620
7702
7785
7868
7951
8035
8119
8203
8288
8373
8459
8546
8632
8719
8807
8894
8982
9071
9160
9250
9341
9432
9524
9616
9708
9801
9895
9990
10086
10183
10282
10383
10484
10586
10690
10795
10902
11009
11116
11223
11333
11442
11552
11663
11774
11886
11999
12112
12227
12341
12456
12570
12682
12794
12908
13022
13137
13250
13366
13479
13593
13708
13823
13938
14054
14169
14283
14397
14509
14623
14738
14852
14969
15083
15199
15314
15430
15544
15659
15775
15890
16005
16119
16234
16347
16461
16576
16691
16806
16921
17038
17150
17270
17383
