7094
7173
7256
7340
7425
7509
7594
7679
7765
7851
7938
8024
8110
8198
8285
8373
8461
8549
8638
8727
8816
8905
8994
9084
9174
9264
9354
9445
9537
9628
9720
9813
9906
9999
10092
10186
10281
10376
10472
10567
10663
10760
10857
10954
11052
11151
11250
11350
11450
11550
11650
11752
11854
11958
12062
12167
12272
12379
12486
12593
12700
12808
12916
13025
13133
13242
13350
13459
13569
13678
13788
13898
14007
14116
14226
14335
14445
14555
14665
14774
14883
14993
15103
15213
15322
15432
15542
15652
15761
15871
15980
16089
16198
16306
16416
16526
16631
