7429
7509
7593
7676
7759
7843
7927
8011
8095
8179
8263
8347
8432
8517
8603
8688
8774
8859
8946
9032
9118
9205
9293
9381
9469
9557
9646
9735
9825
9915
10006
10097
10189
10282
10375
10469
10564
10660
10755
10852
10949
11048
11148
11248
11350
11453
11558
11664
11770
11878
11986
12096
12205
12315
12426
12537
12648
12759
12872
12983
13097
13209
13321
13434
13547
13659
13771
13885
13999
14114
14229
14345
14459
14574
14689
14805
14920
15036
15152
15268
15384
15500
15615
15729
15843
15957
16072
16186
16300
16414
16528
16641
16755
16869
16983
17098
17211
17324
17434
