7534
7616
7700
7786
7872
7958
8046
8134
8223
8313
8402
8493
8583
8674
8765
8857
8948
9040
9132
9224
9317
9409
9503
9596
9690
9785
9879
9974
10069
10164
10260
10356
10452
10549
10647
10745
10844
10944
11043
11144
11244
11346
11448
11551
11654
11759
11864
11969
12075
12181
12287
12394
12502
12609
12716
12824
12931
13039
13147
13255
13362
13470
13578
13686
13794
13903
14011
14119
14227
14337
14445
14554
14663
14773
14881
14992
15100
15209
15318
15426
15535
15644
15753
15863
15971
16080
16188
16296
16404
16512
16620
16727
16834
16942
17049
17158
17265
17376
17487
