7988
8066
8148
8231
8316
8401
8488
8574
8661
8749
8836
8923
9010
9098
9186
9273
9361
9450
9538
9626
9715
9804
9894
9983
10073
10162
10252
10343
10433
10525
10617
10709
10801
10893
10987
11080
11174
11269
11364
11460
11556
11652
11749
11847
11946
12046
12147
12247
12348
12450
12553
12655
12759
12864
12969
13073
13179
13285
13392
13499
13607
13715
13824
13933
14042
14152
14261
14372
14483
14594
14707
14819
14931
15043
15156
15270
15383
15498
15612
15727
15842
15956
16069
16184
16298
16414
16528
16643
16758
16873
16988
17103
17218
17335
17451
17565
17680
17796
17911
18026
18142
18257
18375
18491
18611
18722
