6954
7026
7112
7196
7279
7362
7446
7530
7614
7698
7782
7868
7953
8039
8126
8213
8301
8389
8477
8566
8655
8744
8834
8924
9015
9106
9198
9290
9383
9476
9569
9663
9758
9853
9949
10046
10143
10242
10341
10442
10542
10644
10746
10848
10953
11058
11165
11271
11379
11488
11596
11706
11815
11924
12035
12146
12256
12367
12478
12588
12701
12812
12922
13034
13146
13259
13372
13486
13599
13711
13825
13937
14051
14166
14276
14388
14500
14614
14724
14837
14948
15059
15172
15283
15393
15505
15617
15729
15840
15952
16063
16176
16284
16398
16504
16618
16726
16837
