2308
2450
2622
2791
2967
3147
3332
3523
3695
3860
4037
4211
4383
4555
4725
4893
5063
5232
5402
5575
5751
5932
6115
6302
6488
6672
6856
7037
7212
7391
7557
7715
7863
8010
8157
8305
8452
8598
8743
8887
9030
9172
9313
9453
9592
9730
9869
10008
10147
10287
10428
10568
10708
10848
10988
11129
11270
11412
11556
11703
11863
12020
12187
12369
12553
12894
13060
13242
13423
13609
13800
13993
14188
14394
14606
14826
18092
18289
18505
18702
18927
19144
19378
19622
19855
20093
20337
20577
20818
21061
21305
21546
21784
22025
22262
22498
22723
22958
23185
23431
23684
23925
