2081
2281
2480
2682
2884
3091
3305
3486
3661
3845
4029
4204
4377
4550
4725
4906
5095
5293
5497
5706
5914
6122
6320
6512
6698
6870
7037
7205
7369
7521
7675
7825
7976
8123
8271
8416
8562
8707
8853
8998
9143
9289
9435
9583
9732
9888
10047
10211
10377
10547
10724
10904
11092
11285
11480
11685
11906
12139
12306
12519
12735
12958
13184
13410
13646
13890
14153
16835
17035
17273
17519
17773
18032
18296
18562
18831
19101
19376
19655
19929
20195
20455
20705
20956
21205
21457
21716
21981
22259
22567
22801
