2610
2761
2934
3120
3294
3479
3641
3795
3964
4136
4309
4485
4660
4835
5012
5194
5382
5569
5758
5945
6811
6959
7117
7277
7441
7605
7769
7932
8091
8248
8403
8556
8705
8853
9000
9145
9289
9430
9567
9703
9836
9968
10097
10226
10354
10483
10610
10741
10881
11016
11158
11305
11457
11615
11764
11911
12064
12222
12386
12552
12719
12889
13059
13233
13418
13601
13793
13987
14183
14376
14570
14766
14966
15164
15362
15549
16413
16583
16785
16981
17183
17389
17595
17800
18006
18181
18409
18574
18789
18998
19210
19424
19637
19849
20068
20287
20511
20726
20952
21174
21397
21621
21846
22075
22299
22526
22747
22978
23207
