3032
3190
3838
3986
4146
4310
4479
4650
4819
4989
5159
5332
5509
5689
5871
6055
6237
6417
6597
6779
6961
7134
7298
7455
7607
7756
7907
8058
8208
8357
8504
8650
8793
8935
9075
9212
9347
9481
9614
9747
9879
10011
10143
10277
10411
10545
10680
10817
10954
11093
11232
11375
11521
11672
11830
11998
12168
13047
13229
13421
13616
13815
14018
14225
14435
14647
14874
15096
15325
15556
15783
16006
16237
16472
16706
16945
18122
18293
18499
18718
18941
19174
19406
19637
19866
20108
20344
20577
20813
21043
21274
21505
21751
22015
22323
22621
22886
23128
23380
23621
23891
24133
24384
24617
