2089
2225
2411
2600
2791
2983
3183
3390
3582
3747
3923
4091
4255
4415
4573
4731
4890
5050
5212
5380
5553
5731
5913
6101
6290
6475
6652
6821
6982
7138
7288
7435
7576
7715
7853
7990
8127
8264
8400
8534
8669
8802
8935
9067
9200
9334
9470
9608
9749
9895
10043
10196
10353
10513
10681
10867
11058
11260
11471
11712
11896
12105
12321
12536
12755
12976
13198
13425
13660
13905
14145
14394
14607
16504
16700
16925
17162
17400
17640
17877
18114
18356
18596
18842
19082
19328
19572
19811
20041
20269
20498
20732
20968
21205
21445
21687
21932
22176
22431
22689
