2546
2708
2875
3047
3221
3397
3576
3757
3938
4124
4310
4498
4687
4873
5058
5242
5895
6038
6194
6350
6505
6660
6814
6968
7121
7272
7421
7569
7714
7859
8003
8146
8288
8430
8570
8711
8851
8991
9132
9274
9417
9564
9720
9873
10038
10208
10382
10540
10689
10858
11028
11197
11368
11539
11712
11886
12064
12248
12423
12618
12810
13008
13202
13396
13597
13792
13993
14199
14406
14619
15627
15796
15999
16204
16413
16624
16835
17044
17255
17466
17668
17863
18085
18263
18501
18705
18925
19123
19346
19534
19764
19937
20169
20349
20593
20785
21017
21232
21456
21682
21914
