2351
2447
2507
2608
2709
2807
2914
3018
3128
3241
3355
3504
3991
4079
4167
4253
4340
4428
4513
4599
4684
4771
4858
4945
5032
5119
5207
5294
5383
5471
5560
5648
5737
5827
5918
6009
6100
6192
6285
6378
6473
6569
6666
6764
6864
6968
7069
7176
7288
7407
7530
7660
8158
8270
8392
8518
8647
8780
8920
9063
9244
9356
11515
11645
11776
11913
12049
12185
12322
12460
12599
12738
12878
13018
13159
13299
13440
13581
13722
13863
14003
14145
14289
14432
14575
14718
14857
14995
15135
15274
15410
15546
15683
15820
