2355
2439
2532
2626
2719
2812
2906
3003
3105
3212
3322
3436
3551
3669
3788
3908
4026
4142
4256
4367
4477
4588
4700
4816
4936
5058
5184
5312
5444
5578
5717
5859
6006
6157
6311
6467
6625
6787
6948
7114
7280
7446
7612
7785
7966
8159
8858
9008
9170
9345
9526
9710
9894
10084
10279
10483
10685
11402
11557
11729
11917
12121
13537
13693
13875
14062
14249
14436
14623
14812
15000
15189
15379
15572
15765
15958
16151
16343
16532
16723
16914
17107
17301
17494
17687
17879
18073
18266
18460
18653
18846
19039
19232
19428
19623
19819
20013
