2184
2371
2568
2763
2957
3152
3349
3548
3751
3952
4142
4316
4493
4667
4838
5006
5174
5341
5508
5678
5852
6028
6211
6400
6592
6786
6978
7171
7361
7549
7734
7915
8092
8263
8429
8589
8749
8910
9074
9240
9408
9576
9741
9906
10068
10230
10393
10558
10725
10893
11063
11234
11410
11588
11775
11972
12179
12394
12604
12780
12965
13160
13352
13551
13750
13954
14160
14378
14600
14830
15248
18037
18221
18460
18703
18949
19199
19447
19696
19948
20206
20449
20706
20959
21217
21474
21738
21994
22256
22499
22750
22994
23238
23478
23716
23955
24196
24439
24703
