11834
11996
12163
12330
12499
12664
12832
12998
13161
13322
13481
13642
13805
13970
14141
14316
14496
14682
14868
15052
15235
15414
15591
15764
15935
16103
16265
16421
16573
16721
16868
17016
17164
17313
17461
17609
17757
17904
18051
18198
18347
18497
18648
18800
18954
19109
19268
19429
19592
19757
19932
20110
20293
20482
20684
20866
21049
21246
21443
21645
21852
22065
22285
22508
22739
22978
23187
25590
25781
26009
26236
26468
26710
26959
27224
27501
27787
28075
28355
28623
28885
29144
29408
29668
29918
30147
30364
30586
30813
31040
31269
31495
31729
31968
32208
