2404
2506
2608
2714
2823
2933
3044
3154
3263
3369
3473
3574
3672
3768
3862
3954
4047
4139
4232
4325
4419
4513
4607
4702
4797
4890
4983
5076
5169
5261
5353
5446
5539
5633
5726
5820
5914
6009
6104
6200
6297
6395
6494
6595
6697
6799
6906
7016
7130
7250
7375
7497
7610
7720
7833
7950
8069
8191
8313
8438
8565
8695
8831
8978
9110
9250
9382
9521
9653
11885
12007
12136
12268
12402
12535
12670
12805
12941
13079
13217
13357
13497
13637
13778
13919
14061
14202
14344
14487
14630
14774
14915
15057
15199
15340
15481
15622
15762
15904
16045
16186
16325
16466
16606
16746
16890
