2509
2617
2780
2947
3120
3293
3466
3641
3817
3995
4176
4361
4548
4731
4914
5097
5282
5465
5653
5845
6032
6218
6396
6566
6728
6885
7042
7197
7352
7508
7663
7816
7966
8116
8263
8407
8550
8691
8832
8971
9109
9246
9383
9519
9655
9791
9928
10065
10201
10338
10474
10611
10749
10888
11030
11178
11328
11482
11647
11812
11975
12142
12295
12458
12628
12801
12978
13156
13338
13522
13710
13908
14105
14307
14521
17589
17739
17937
18148
18361
18572
18783
18996
19207
19412
19634
19848
20074
20291
20522
20735
20955
21167
21382
21598
21812
22034
22263
22468
22695
22913
23135
23365
23586
