2411
2504
2599
2699
2801
2905
3010
3115
3219
3320
3420
3516
3610
3702
3792
3881
3971
4060
4148
4238
4328
4418
4508
4599
4690
4782
4873
4965
5058
5151
5244
5338
5432
5527
5622
5719
5815
5911
6008
6106
6205
6305
6406
6514
6619
6728
6841
6958
7077
7199
8038
8128
8240
8357
8480
8607
8737
8870
11777
11901
12029
12162
12296
12430
12565
12702
12841
12980
13119
13259
13399
13540
13682
13824
13967
14111
14255
14398
14542
14685
14827
14967
15107
15246
15385
15523
15659
15794
15930
16065
16199
16334
16473
16615
