2372
2461
2563
2667
2775
2886
2998
3111
3223
3333
3438
3539
3637
3732
3824
3914
4003
4094
4185
4277
4369
4460
4552
4645
4737
4829
4920
5011
5103
5194
5286
5377
5469
5561
5653
5746
5839
5933
6027
6122
6218
6316
6415
6520
6624
6733
6847
6966
7090
7550
7658
7770
7885
8001
8119
8239
8360
8485
8616
8750
8885
9026
10997
11110
11235
11362
11491
11621
11751
11882
12014
12146
12278
12412
12546
12680
12815
12951
13087
13222
13358
13495
13631
13768
13904
14041
14178
14314
14450
14587
14722
14857
14992
15129
15265
15403
15539
