2673
2827
2986
3151
3322
3502
3691
4409
4565
4724
4888
5052
5218
5382
5548
5714
5883
6054
6230
6409
6592
6777
6961
7327
7500
7663
7820
7975
8128
8283
8438
8592
8746
8899
9050
9199
9347
9492
9637
9780
9921
10063
10203
10342
10481
10618
10754
10889
11024
11159
11296
11433
11577
11730
11884
12053
12214
12378
12541
12706
12876
13053
13234
13416
13605
13797
13996
14197
14406
14618
14835
15056
15290
17345
17505
17709
17924
18140
18347
18562
18762
18975
19193
19417
19645
19872
20101
20323
20548
20773
20995
21216
21422
21625
21824
22038
22249
22445
22651
22867
23082
