2309
2406
2506
2607
2708
2810
2913
3018
3124
3234
3346
3459
3573
3687
3800
3911
4018
4121
4222
4319
4415
4509
4601
4693
4786
4878
4972
5065
5159
5253
5348
5442
5537
5630
5724
5818
5912
6005
6099
6193
6287
6380
6475
6570
6664
6760
6857
6955
7053
7154
7255
7361
7470
7584
7704
7829
8901
9005
9125
9250
9378
9512
9652
9797
12844
12979
13107
13242
13375
13511
13647
13783
13921
14060
14200
14341
14482
14623
14764
14906
15048
15190
15331
15474
15616
15758
15900
16041
16183
16324
16465
16605
16745
16885
17023
17162
17301
17440
17577
17714
17854
17999
