2341
2478
2649
2811
2982
3159
3340
3532
3704
4229
4388
4554
4724
4896
5069
5243
5421
5603
5789
5981
6173
6363
6550
6738
6915
7094
7260
7413
7569
7728
7892
8058
8225
8391
8556
8720
8881
9038
9194
9348
9502
9654
9804
9951
10096
10239
10379
10519
10658
10798
10940
11085
11239
11392
11552
11718
11892
12067
12220
12387
12555
12729
12904
13085
13269
13455
13642
13834
14028
14224
14427
14630
14837
15047
15250
15471
15671
15914
16100
16321
16504
16693
16903
17111
17323
17536
17757
17984
18210
18435
18655
18873
19092
19310
19538
19756
19984
20208
20429
20662
20884
21116
21342
21572
21799
22037
22270
22506
22748
