2126
2265
2423
2586
2753
2927
3097
3432
3574
3733
3892
4053
4215
4376
4538
4699
4862
5027
5194
5366
5544
5723
5905
6094
6776
6924
7074
7220
7366
7514
7662
7810
7958
8105
8253
8400
8545
8690
8834
8977
9119
9259
9399
9539
9679
9820
9962
10106
10249
10397
10546
10696
10855
11024
11188
11361
11549
11735
11886
12070
12255
12442
12634
12831
13031
13233
13445
13670
13902
14132
14354
16597
16721
16933
17143
17349
17560
17773
17987
18205
18419
18642
18862
19083
19302
19519
19733
19947
20165
20387
20611
20831
21054
21278
21505
21725
21950
