2508
2638
2781
2942
3103
3272
3445
3619
3796
3978
4644
4800
4963
5132
5303
5476
5650
5826
6006
6189
6374
6559
6743
6936
7119
7786
7942
8101
8260
8417
8573
8727
8879
9029
9176
9321
9464
9605
9745
9885
10025
10165
10306
10445
10582
10718
10851
10983
11114
11245
11376
11508
11642
11781
11929
12076
12232
12393
12560
12721
12878
13041
13208
13380
13557
13735
13916
14100
14290
14482
14680
14882
15093
15298
15502
17292
17500
17669
17889
18082
18304
18498
18713
18918
19125
19337
19544
19750
19958
20169
20387
20575
21003
21237
21439
21675
21888
22112
22321
22536
22742
22949
23140
