2279
2374
2470
2568
2670
2774
2881
2989
3098
3206
3312
3416
3516
3614
3707
3798
3885
3971
4057
4143
4229
4316
4404
4492
4582
4672
4762
4853
4943
5034
5126
5219
5312
5405
5500
5594
5689
5785
5882
5979
6077
6176
6276
6378
6481
6585
6693
6805
6921
7042
7169
7898
7996
8114
8236
8357
8480
8605
8732
8865
9004
9140
9287
11888
12033
12169
12311
12452
12595
12739
12884
13029
13177
13326
13475
13625
13778
13932
14085
14241
14394
14549
14703
14858
15013
15163
15315
15465
15615
15763
15913
16062
16203
16346
16490
16634
