2626
2745
2871
3008
3148
3290
3432
3576
3722
3870
4020
4173
4329
4488
4648
4806
4955
5097
5233
5364
5490
5612
5733
5852
5972
6090
6208
6325
6442
6559
6675
6791
6906
7021
7136
7250
7365
7481
7597
7715
7835
7956
8078
8203
8330
8460
8591
8724
8860
9000
9150
9306
9477
9802
9931
10077
10227
10377
10530
10686
10845
11007
11172
11341
11522
11708
14772
14911
15070
15237
15404
15570
15738
15906
16073
16241
16408
16576
16744
16911
17079
17248
17419
17591
17766
17942
18119
18293
18470
18645
18819
18996
19173
19349
19525
19702
19878
20055
20234
20410
20586
20763
20940
21118
21294
21471
21649
