2312
2464
2640
2821
3001
3180
3344
3496
3663
3832
4005
4180
4353
4527
4701
4876
5053
5233
5416
5601
5786
5973
6158
6335
6508
6674
6832
6985
7139
7293
7446
7598
7748
7896
8043
8188
8330
8471
8611
8749
8886
9022
9157
9290
9423
9554
9684
9812
9940
10067
10194
10320
10448
10578
10716
10855
10997
11149
11311
11474
11626
11785
11949
12118
12292
12469
12649
12831
13014
13202
13396
13588
13782
13983
14186
14388
14588
15683
15835
16000
16176
16361
16550
16747
16946
17147
17349
17550
17755
17956
18153
18358
18562
18774
18985
19199
19413
19628
19842
20060
20285
20512
20742
20968
21199
21431
21671
21902
22143
22370
22597
