2211
2407
2604
2800
2998
3201
3387
3569
3757
3938
4116
4295
4477
4661
4852
5051
5255
5460
5666
5870
6072
6268
6458
6637
6817
6990
7158
7319
7476
7629
7779
7932
8085
8240
8392
8543
8694
8845
8994
9145
9297
9451
9607
9764
9924
10087
10254
10424
10600
10782
10974
11166
11367
11577
11797
12024
12214
12428
12643
12863
13086
13315
13549
13795
14041
14297
14560
14821
17111
17323
17573
17831
18094
18359
18623
18903
19174
19449
19722
19991
20266
20546
20838
21132
21413
21685
21947
22213
22477
22748
23015
23292
23547
