2254
2336
2434
2530
2627
2725
2824
2927
3033
3143
3254
3366
3478
3589
3697
3802
3904
4003
4101
4195
4288
4379
4470
4561
4652
4743
4835
4926
5017
5108
5199
5290
5381
5471
5561
5651
5741
5832
5922
6013
6104
6196
6289
6382
6476
6571
6668
6767
6871
6978
7089
7205
7324
7447
8240
8340
8457
8582
8710
8840
8974
9105
9236
9365
9493
9622
9756
12212
12302
12435
12567
12705
12844
12983
13124
13266
13410
13555
13701
13848
13995
14143
14291
14440
14587
14736
14885
15033
15182
15330
15476
15623
15771
15915
16061
16207
16351
16498
16645
16804
