3794
3890
3989
4089
4190
4292
4398
4506
4616
4726
4836
4945
5052
5158
5262
5364
5463
5561
5659
5755
5850
5944
6037
6130
6223
6315
6407
6498
6589
6680
6770
6861
6951
7042
7132
7222
7313
7403
7494
7586
7677
7768
7860
7953
8046
8140
8235
8330
8426
8524
8623
8723
8824
8928
9033
9141
9252
9365
9480
9597
9715
9836
9958
10082
10208
10335
10465
10597
10731
10866
11002
11139
11276
11415
11557
11700
11844
11992
12142
12295
12451
12607
12764
12920
13076
13229
13382
13532
13681
13827
13971
14114
14255
14393
14531
14665
14800
14934
15073
