3650
3739
3839
3941
4042
4144
4245
4349
4454
4561
4669
4778
4888
4999
5107
5215
5321
5425
5528
5628
5728
5827
5924
6021
6117
6212
6306
6400
6493
6587
6679
6772
6865
6957
7049
7142
7234
7326
7418
7510
7602
7694
7787
7880
7974
8068
8163
8260
8357
8455
8555
8656
8758
8863
8969
9077
9189
9302
9419
9539
9662
9788
9918
10052
10189
10329
10471
10614
10757
10901
11045
11189
11335
11481
11628
11773
11920
12066
12212
12360
12508
12657
12806
12956
13105
13256
13406
13557
13710
13865
14018
14169
14316
14463
14607
14750
14892
15034
15183
