2753
2826
2914
3001
3088
3175
3262
3348
3434
3521
3607
3693
3779
3865
3951
4037
4123
4208
4294
4379
4464
4550
4636
4721
4807
4892
4978
5064
5150
5236
5322
5409
5496
5583
5669
5757
5844
5931
6019
6106
6194
6282
6370
6459
6548
6637
6727
6817
6908
7000
7092
7184
7276
7369
7461
7554
7654
7755
7861
7976
10297
10399
10503
10608
10715
10822
10931
11040
11152
11262
11375
11488
11601
11715
11830
11944
12058
12174
12289
12403
12518
12633
12749
12860
12978
13085
13201
13313
13424
13540
13646
13765
13868
13998
14083
14211
14300
14426
14525
