3248
3424
3597
3779
3953
4127
4302
4477
4652
4830
5006
5182
5357
5531
5702
5872
6042
6212
6383
6554
6723
6890
7059
7231
7405
7579
7755
7929
8106
8283
8459
8636
8813
8973
9127
9274
9419
9563
9703
9839
9973
10106
10239
10372
10506
10641
10777
10915
11055
11197
11341
11487
11635
11786
11938
12094
12255
12418
12587
12758
12932
13112
13297
13488
13685
13888
14095
14309
14525
14744
14968
15197
15434
15684
15942
16199
16467
16738
17017
17296
17576
17853
18137
18423
18719
19005
19290
19570
19862
20155
20427
