2084
2267
2459
2657
2861
3070
3282
3494
3703
3902
4096
4284
4466
4645
4820
4992
5163
5333
5503
5673
5844
6017
6194
6375
6565
6759
6956
7154
7349
7539
7721
7897
8065
8226
8379
8530
8677
8824
8968
9112
9254
9395
9535
9675
9815
9955
10098
10241
10387
10534
10682
10833
10985
11139
11297
11457
11621
11788
11958
12133
12311
12495
12683
12872
13060
13247
13442
13649
13871
14109
14917
15130
15352
15583
15823
16070
16323
16573
16822
17069
17320
17575
17830
18086
18343
18596
18848
19104
19359
19622
19874
20121
20353
20603
