4399
4502
4602
4705
4809
4916
5024
5134
5246
5361
5475
5590
5706
5822
6462
6565
6671
6777
6883
6988
7092
7194
7297
7400
7501
7602
7704
7805
7906
8006
8107
8207
8308
8407
8507
8606
8706
8805
8905
9004
9104
9204
9304
9403
9503
9603
9703
9803
9904
10004
10105
10206
10307
10409
10511
10613
10715
10818
10922
11029
11140
11257
12785
12893
13003
13117
13230
13346
13461
13576
13693
13809
13925
14042
14159
14277
14393
14513
14629
14747
14865
14983
15101
15218
15334
15450
15568
15684
15800
15916
16033
16150
16266
16382
16498
16615
16730
16849
16964
17082
17197
17312
17430
17659
17772
