3269
3385
3507
3627
3747
3865
3983
4099
4215
4330
4446
4563
4682
4805
4930
5058
5190
5325
5468
6427
6520
6618
6713
6808
6901
6993
7084
7175
7265
7355
7444
7532
7620
7708
7796
7883
7970
8058
8145
8233
8320
8409
8497
8587
8676
8767
8858
8949
9041
9134
9227
9322
9417
9513
9610
9708
9807
9907
10009
10113
10218
10324
10433
10551
10672
10800
10936
11079
11227
11377
11527
11676
11823
11966
12100
12245
12388
12534
12684
12837
12992
13148
13306
13467
13631
13797
13957
14125
14279
14428
14739
15060
15264
15421
15546
15743
15890
16066
