4460
4556
4652
4747
4842
4937
5032
5126
5220
5315
5409
5504
5600
5696
5793
5891
5990
6089
6189
6289
6389
6489
6589
6688
6787
6885
6982
7078
7172
7267
7360
7453
7545
7637
7728
7818
7907
7996
8084
8171
8258
8344
8430
8515
8601
8686
8772
8857
8942
9028
9113
9198
9283
9369
9454
9539
9624
9710
9795
9881
9966
10052
10137
10224
10310
10396
10483
10569
10656
10743
10830
10917
11004
11092
11179
11267
11356
11444
11533
11621
11710
11800
11890
11980
12071
12163
12256
12352
12451
12553
12655
12758
14236
14338
14443
14550
14657
14767
14876
14988
15098
15209
15322
15435
15548
15662
15775
15890
16004
16120
16235
16351
16464
16580
16695
16809
16924
17038
17153
17268
17381
17496
17610
17725
17841
17956
18071
18183
18299
18414
18529
18641
18758
18871
18985
19100
19211
19326
19439
19554
