5070
5143
5219
5294
5369
5444
5519
5594
5668
5743
5818
5895
5975
6059
6145
6234
6324
6416
6509
6602
6696
6790
6883
6976
7068
7157
7246
7332
7416
7498
7578
7655
7732
7807
7883
7959
8035
8112
8188
8264
8341
8418
8494
8571
8647
8724
8801
8878
8955
9033
9110
9188
9266
9344
9423
9501
9580
9659
9739
9819
9900
9980
10062
10143
10226
10308
10391
10475
10559
10644
10730
10817
10906
10996
11087
11180
11274
11371
11469
11570
11672
11776
11882
11990
12103
12223
12351
12489
12641
13344
13456
13582
13710
13840
13974
14107
14242
14378
14514
14651
14789
14928
15068
15208
15348
15488
15629
15769
15910
16050
16191
16332
16473
16616
16758
16899
17040
17181
17322
17462
17603
17744
17884
18024
18164
18303
18442
18581
18718
18855
18997
