2143
2290
2460
2636
2819
3001
3183
3371
3559
3752
3953
4146
4356
4541
4723
4905
5085
5263
5442
5620
5797
5975
6156
6338
6520
6704
6892
7082
7276
7471
7670
8240
8417
8581
8742
8897
9052
9207
9361
9514
9667
9818
9968
10118
10266
10414
10562
10709
10858
11006
11157
11309
11460
11613
11766
11922
12077
12235
12396
12560
12726
12892
13058
13226
13398
13573
13753
13945
14139
15032
15180
15384
15577
15777
15980
16186
16394
16605
16818
17028
17229
17466
17651
17895
18100
18338
18564
18794
19015
19240
19463
19689
19915
20139
20362
20586
20816
