3950
4052
4157
4262
4367
4472
4576
4681
4784
4886
4987
5089
5190
5292
5392
5492
5592
5694
5797
5903
6009
6119
6230
6342
6454
7648
7739
7833
7926
8019
8111
8204
8298
8393
8488
8583
8678
8772
8867
8962
9056
9150
9245
9339
9433
9527
9621
9715
9809
9902
9995
10088
10182
10276
10369
10463
10557
10651
10745
10840
10935
11030
11125
11220
11315
11411
11507
11603
11700
11796
11894
11991
12089
12188
12287
12390
12495
12603
12712
14281
14389
14498
14609
14721
14834
14947
15061
15174
15288
15404
15519
15634
15750
15865
15981
16097
16214
16331
16447
16563
16680
16796
16911
17029
17145
17261
17378
17495
17611
17727
17844
17960
18079
18195
18314
18429
18547
18666
18784
18899
19026
19121
19256
19352
19480
19596
19703
19816
19925
