2461
2603
2753
2906
3061
3215
3370
3524
3677
3827
3973
4114
4252
4388
4522
4655
4788
4924
5066
5211
5361
5514
5668
5821
5969
6111
6245
6371
6493
6612
6727
6840
6952
7064
7175
7285
7394
7503
7611
7719
7826
7934
8041
8149
8257
8366
8474
8584
8695
8807
8921
9036
9153
9271
9391
9513
9637
9764
9892
10024
10158
10294
10432
10575
10724
10879
11034
11199
11381
11556
11701
11850
12002
12156
12312
12470
12629
12790
12955
13121
13288
13459
13631
13805
13977
14151
14327
14504
14682
14861
15041
15222
15402
15584
15766
15947
16128
16308
16488
16671
16853
17036
17221
17408
17599
