2868
2992
3112
3235
3358
3482
3604
3725
3843
3959
4072
4184
4295
4405
4516
4626
4737
4847
4959
5071
5184
5299
5417
5537
5659
5785
5914
6046
6176
6304
6429
6546
6657
6764
6868
6968
7066
7163
7259
7354
7449
7543
7636
7730
7823
7917
8010
8104
8197
8291
8385
8478
8572
8666
8760
8854
8948
9043
9138
9233
9330
9426
9523
9621
9720
9820
9922
10025
10130
10238
10348
10459
10573
10689
10808
10933
11062
11194
11330
11475
11629
11788
11926
12067
12192
12318
12445
12572
12701
12830
12961
13093
13226
13361
13497
13635
13774
13914
14054
14195
14336
14478
14620
14764
14907
15050
15192
15335
15477
15619
15763
15907
16050
16193
16337
16482
16625
16768
16908
17045
17169
17299
