3145
3266
3384
3505
3623
3741
3857
3972
4085
4198
4310
4423
4535
4648
4761
4876
4994
5116
5241
5369
5499
5630
5759
5883
6005
6122
6237
6349
6458
6564
6666
6765
6865
6964
7063
7161
7259
7358
7456
7555
7654
7753
7852
7951
8050
8150
8251
8351
8452
8553
8654
8755
8856
8958
9060
9163
9266
9369
9473
9577
9683
9789
9897
10006
10117
10229
10344
10463
10586
10710
10838
10972
11117
11268
11424
11573
11708
11834
11960
12085
12208
12333
12460
12588
12718
12849
12980
13111
13245
13379
13515
13652
13791
13930
14069
14208
14349
14489
14631
14771
14913
15055
15196
15337
15478
15618
15757
15896
16033
16171
16308
16447
16583
16721
16856
16991
17125
