3676
3772
3869
3968
4070
4172
4274
4376
4477
4578
4677
4777
4876
4974
5071
5167
5263
5359
5454
5549
5643
5737
5831
5923
6016
6110
6203
6298
6395
6495
6597
6700
6804
6906
7007
7109
7206
7301
7395
7488
7580
7671
7761
7850
7939
8028
8115
8204
8292
8381
8469
8557
8645
8733
8820
8908
8995
9082
9168
9254
9340
9426
9511
9596
9681
9766
9850
9935
10020
10105
10190
10275
10361
10446
10531
10617
10702
10788
10873
10959
11045
11132
11218
11305
11391
11479
11566
11653
11741
11829
11917
12004
12092
12181
12270
12361
12455
12553
12653
14513
14609
14710
14812
14915
15020
15125
15230
15336
15442
15548
15656
15763
15871
15979
16088
16197
16305
16415
16523
16632
16741
16850
16959
17069
17178
17288
17397
17507
17617
17727
17836
17946
18056
18166
18276
18386
18497
18608
18719
18829
18940
19049
19161
19272
19384
19495
