2136
2244
2369
2492
2616
2741
2867
2993
3121
3247
3374
3499
3623
3746
3867
3987
4105
4220
4332
4438
4541
4637
4726
4816
4907
5003
5104
5213
5326
5443
5561
5680
5800
5919
6037
6153
6265
6375
6481
6585
6688
6788
6885
6981
7075
7169
7263
7356
7449
7541
7632
7723
7813
7904
7995
8086
8177
8268
8360
8451
8543
8636
8728
8820
8913
9005
9097
9190
9283
9377
9471
9566
9662
9758
9856
9954
10054
10156
10259
10362
10468
10574
10683
10793
10907
11022
11139
11260
11389
11527
11678
11837
11986
12490
12610
12745
12882
13021
13162
13305
13448
13594
13740
13887
14035
14184
14332
14482
14633
14783
14933
15085
15234
15383
15530
15679
15826
15974
16120
16268
16415
16564
16712
16856
16998
17139
