2252
2379
2507
2638
2767
2896
3026
3158
3292
3428
3566
3704
3841
3977
4111
4243
4371
4494
4613
4731
4847
4961
5076
5188
5300
5412
5522
5632
5742
5855
5971
6089
6207
6324
6441
6557
6674
6790
6902
7012
7119
7224
7327
7428
7527
7625
7723
7821
7918
8015
8111
8207
8302
8396
8489
8582
8676
8769
8863
8957
9052
9145
9240
9334
9429
9524
9620
9715
9811
9908
10004
10102
10199
10298
10397
10498
10600
10703
10807
10913
11020
11129
11240
11354
11472
11594
11718
11848
11986
12139
12968
13106
13249
13395
13544
13695
13848
14003
14158
14316
14475
14635
14797
14960
15123
15287
15451
15615
15779
15944
16106
16270
16434
16599
16765
16930
17100
17275
