3092
3200
3309
3419
3527
3633
3737
3840
3942
4043
4142
4242
4341
4440
4540
4642
4747
4853
4961
5069
5177
5284
5389
5493
5595
5697
5797
5895
5992
6088
6183
6277
6370
6464
6557
6650
6744
6837
6931
7024
7117
7210
7303
7396
7489
7582
7676
7770
7864
7960
8057
8155
8254
8355
8457
8561
8666
8773
8881
8992
9104
9218
9334
9452
9573
9703
9827
9960
10097
11169
11261
11380
11502
11628
11755
11885
12018
12154
12293
12433
12577
12723
12870
13018
13166
13313
13465
13614
13763
13912
14059
14205
14351
14495
14637
14777
14916
15052
15189
15320
15458
15589
