2323
2501
2684
2871
3060
3254
3452
3652
3853
4054
4249
4439
4624
4807
4988
5166
5341
5512
5684
5854
6021
6191
6362
6534
6712
6893
7082
7276
7470
7660
7847
8031
8208
8383
8555
8723
8887
9048
9208
9369
9530
9693
9855
10018
10180
10342
10506
10671
10837
11006
11177
11348
11520
11693
11868
12044
12222
12401
12582
12762
12943
13123
13304
13486
13669
13858
14059
14274
14495
15543
15753
15980
16216
16465
16718
16974
17225
17473
17722
17976
18232
18490
18747
19003
19253
19501
19743
19988
20235
20485
20734
20959
