2543
2684
2829
2975
3122
3268
3414
3558
3699
3837
3974
4109
4241
4373
4504
4634
4763
4892
5021
5151
5282
5416
5553
5693
5835
5979
6124
6268
6409
6547
6683
6815
6943
7069
7195
7320
7445
7569
7694
7821
7947
8075
8202
8331
8459
8588
8718
8848
8980
9112
9246
9382
9519
9658
9797
9938
10080
10224
10370
10517
10666
10818
10972
11128
11289
11452
11620
11795
11979
12173
12381
12559
12885
13063
13242
13427
13617
13812
14011
14214
14419
14625
14833
15043
15255
15465
15680
15895
16099
16303
16498
16686
16887
