3836
3951
4071
4188
4305
4421
4537
4654
4773
4894
5018
5145
5272
5402
5534
5666
5796
5923
6047
6166
6284
6397
6508
6615
6723
6828
6934
7039
7144
7249
7353
7458
7563
7669
7774
7880
7984
8090
8194
8299
8404
8509
8614
8720
8826
8932
9038
9145
9252
9360
9467
9576
9684
9793
9903
10013
10123
10235
10351
10475
10603
10734
10872
11017
11168
11317
11454
11589
11718
11845
11974
12102
12231
12361
12493
12626
12761
12895
13031
13168
13306
13445
13585
13725
13865
14006
14148
14291
14434
14577
14721
14864
15008
15153
15297
15441
15583
15721
15857
15990
16121
16250
16378
