2883
2993
3106
3220
3332
3442
3552
3659
3764
3866
3966
4064
4161
4256
4351
4447
4542
4639
4736
4835
4937
5042
5149
5257
5368
5478
5589
5698
5805
5911
6015
6116
6215
6312
6407
6500
6592
6684
6776
6869
6962
7055
7149
7243
7338
7433
7529
7626
7724
7822
7922
8022
8124
8226
8329
8434
8539
8646
8753
8863
8973
9085
9199
9314
9431
9551
9679
9804
9935
10072
10216
11224
11342
11466
11593
11723
11856
11989
12125
12261
12398
12535
12672
12810
12947
13086
13225
13364
13503
13642
13781
13920
14059
14198
14335
14472
14604
14737
14868
