2116
2236
2354
2471
2591
2709
2828
2948
3069
3191
3314
3438
3563
3688
3812
3934
4054
4170
4283
4391
4495
4596
4695
4791
4885
4974
5065
5152
5238
5324
5409
5494
5579
5663
5751
5842
5937
6034
6133
6234
6335
6437
6539
6640
6741
6839
6937
7031
7124
7215
7305
7391
7477
7562
7645
7729
7813
7896
7979
8062
8144
8227
8310
8392
8475
8558
8641
8724
8808
8891
8974
9058
9142
9225
9310
9394
9478
9562
9647
9733
9818
9905
9992
10080
10168
10256
10345
10436
10526
10617
10708
10800
10893
10985
11081
11178
11276
11378
11484
11594
11709
11831
11962
12114
12280
12761
12886
13017
13154
13292
13433
13575
13719
13864
14012
14160
14310
14463
14615
14769
14923
15077
15232
15386
15540
15693
15847
16004
16163
16321
16479
16638
16795
16950
17104
17255
17405
17555
17703
17851
