2191
2327
2487
2658
2837
3016
3201
3390
3580
3778
4585
4759
4937
5110
5282
5450
5621
5794
5968
6145
6324
6506
6692
6884
7076
7267
7460
7650
7835
8017
8195
8369
8542
8712
8878
9035
9188
9340
9490
9641
9793
9944
10094
10243
10391
10538
10684
10830
10976
11123
11270
11419
11568
11718
11868
12019
12169
12321
12474
12630
12789
12949
13112
13278
13443
13611
13780
13954
14132
14312
14501
14688
14869
15566
15754
15946
16147
16350
16562
16776
16991
17215
17444
17669
17906
18127
18363
18575
18818
19043
19272
19501
19723
19948
20180
20408
20634
20861
21085
21313
21544
