4008
4105
4221
4334
4447
4559
4668
4776
4887
4999
5111
5225
5340
5458
5581
5704
5830
5962
6913
7008
7107
7207
7306
7404
7501
7600
7698
7796
7894
7993
8091
8189
8287
8385
8484
8582
8681
8780
8880
8980
9080
9181
9282
9384
9486
9589
9693
9797
9903
10009
10115
10222
10330
10437
10545
10653
10765
10882
11001
11125
11255
11391
11535
11684
11835
11972
12103
12234
12362
12486
12612
12738
12869
12998
13128
13260
13391
13526
13662
13797
13933
14068
14206
14344
14483
14622
14760
14899
15038
15176
15314
15451
15589
15727
15863
15999
16133
16267
16400
16534
16667
16801
16934
