2317
2485
2659
2842
3028
3219
3413
3612
3817
4599
4787
4964
5140
5313
5487
5663
5840
6018
6200
6387
6577
6772
6972
7172
7373
7579
7784
7984
8163
8340
8518
8689
8851
9009
9165
9321
9476
9634
9790
9946
10101
10256
10409
10564
10718
10873
11029
11189
11350
11514
11680
11851
12023
12200
12379
12562
12742
12923
13107
13292
13477
13662
13852
14052
14266
14470
15070
15224
15433
15640
15849
16057
16262
16471
16684
16900
17112
17327
17547
17764
17984
18211
18435
18665
18897
19129
19362
19588
19808
20027
20247
20472
20701
