2341
2529
2722
2920
3121
3324
3529
3730
3926
4117
4305
4491
4674
4856
5033
5209
5385
5562
5737
5920
6100
6285
6473
6665
6860
7054
7249
7441
7627
7809
7987
8160
8326
8487
8645
8801
8958
9115
9272
9429
9586
9743
9899
10056
10215
10375
10536
10699
10861
11025
11191
11358
11526
11695
11866
12038
12211
12386
12561
12738
12915
13089
13259
13427
13598
13774
13957
14141
14326
14519
14722
14930
15114
15305
15502
15703
15915
16137
16365
16606
16851
17096
17344
17593
17844
18093
18342
18598
18856
19111
19362
19612
19859
20102
20337
20577
20817
21056
21302
21562
