3899
3997
4102
4206
4311
4415
4518
4621
4723
4825
4927
5029
5134
5239
5345
5453
5560
5668
5775
5882
6657
6750
6846
6941
7037
7132
7226
7319
7413
7507
7601
7695
7790
7885
7979
8074
8168
8262
8357
8452
8546
8640
8734
8828
8922
9016
9110
9204
9297
9391
9485
9579
9673
9767
9861
9956
10051
10146
10241
10337
10432
10528
10624
10720
10817
10914
11012
11111
11213
11318
11425
12993
13095
13206
13316
13427
13539
13652
13764
13878
13992
14108
14224
14339
14455
14573
14689
14807
14924
15041
15160
15277
15395
15514
15633
15753
15872
15992
16112
16230
16351
16470
16591
16710
16833
16952
17074
17196
17312
17437
17546
