2566
2717
2881
3048
3218
3387
3557
3728
3900
4075
4250
4423
4594
4764
4931
5095
5260
5424
5591
5758
5926
6095
6266
6439
6614
6794
6976
7161
7345
7528
7714
7897
8066
8233
8398
8560
8720
8877
9030
9179
9324
9463
9601
9737
9873
10009
10145
10279
10412
10545
10677
10811
10946
11082
11219
11358
11499
11640
11784
11929
12076
12225
12375
12526
12679
12832
12986
13143
13305
13469
13639
13810
13983
14163
14345
14536
14742
14928
15142
15301
15474
15847
16042
16435
16660
16857
17093
17262
17508
17672
17886
18100
18299
18543
18712
18951
19139
19376
19572
19793
20000
20222
20431
