2693
2853
3018
3187
3357
3526
3695
3865
4034
4204
4373
4541
4708
4872
5034
5198
5364
5530
5698
5866
6036
6208
6386
6567
6751
6935
7120
7307
7490
7670
7848
8022
8190
8353
8508
8657
8804
8950
9096
9242
9387
9531
9673
9816
9958
10099
10241
10383
10525
10667
10807
10948
11090
11232
11375
11520
11667
11814
11961
12111
12262
12414
12569
12727
12888
13052
13220
13395
13577
14474
14610
14795
15010
15163
15397
15544
15785
15936
16186
16350
16625
16774
17037
17205
17474
17643
17921
18094
18348
18559
18795
19010
19243
