2994
3107
3220
3333
3445
3557
3668
3776
3883
3988
4090
4191
4290
4389
4487
4585
4682
4781
4883
4988
5096
5204
5313
5422
5529
5634
5739
5841
5941
6039
6136
6231
6325
6417
6508
6598
6689
6780
6871
6963
7054
7146
7238
7331
7423
7517
7610
7704
7799
7894
7990
8087
8186
8285
8385
8485
8587
8689
8792
8897
9002
9110
9221
9338
9454
9572
9694
9820
9953
10093
10948
11066
11188
11315
11445
11578
11713
11851
11991
12135
12278
12424
12571
12717
12865
13012
13158
13302
13446
13587
13726
13861
13999
14131
14266
14394
14531
14659
14927
