3031
3159
3286
3412
3534
3656
3777
3897
4019
4141
4267
4396
4528
4662
4798
4940
5087
5210
5331
5440
5550
5660
5767
5869
5969
6068
6166
6261
6355
6448
6539
6629
6718
6806
6894
6981
7067
7152
7237
7322
7406
7491
7575
7660
7745
7830
7916
8002
8089
8177
8265
8354
8444
8534
8625
8717
8810
8903
8997
9093
9189
9285
9383
9480
9579
9679
9780
9884
9994
10111
10235
10365
10504
11652
11787
11931
12077
12228
12379
12534
12690
12848
13009
13170
13330
13490
13650
13810
13969
14130
14289
14450
14612
14773
14934
15098
15264
