4170
4278
4397
4510
4623
4736
4851
4966
5082
5200
5318
5436
5555
5677
5805
5938
7155
7249
7344
7438
7531
7624
7717
7809
7900
7990
8080
8168
8257
8345
8434
8522
8610
8699
8787
8877
8967
9057
9148
9239
9331
9423
9516
9610
9705
9801
9898
9996
10096
10199
10304
10410
10519
10631
10746
10865
10989
11121
11263
11416
11581
12019
12131
12262
12390
12519
12649
12782
12916
13053
13193
13333
13475
13620
13766
13912
14058
14204
14351
14497
14643
14790
14937
15084
15232
15380
15528
15675
15823
15971
16118
16266
16415
16564
16711
16856
17000
17144
17278
