2250
2379
2504
2629
2754
2874
2989
3104
3217
3330
3445
3561
3678
3798
3920
4040
4159
4276
4390
4502
4612
4720
4826
4928
5030
5129
5228
5327
5425
5523
5623
5726
5831
5938
6045
6151
6257
6364
6470
6575
6679
6782
6883
6981
7077
7170
7261
7350
7437
7523
7608
7693
7777
7860
7944
8028
8112
8196
8280
8364
8449
8534
8619
8704
8790
8875
8961
9047
9134
9220
9308
9395
9483
9572
9661
9751
9842
9933
10025
10118
10213
10309
10406
10505
10606
10709
10814
10922
11030
11143
11256
11371
11490
11616
11753
11905
12086
12813
12919
13055
13195
13339
13486
13635
13784
13935
14088
14240
14392
14546
14698
14851
15002
15154
15306
15459
15611
15765
15918
16070
16222
16376
16528
16682
16836
16990
17143
17298
17446
