2250
2398
2555
2711
2874
3047
3225
3406
3584
3763
3944
4124
4305
4483
4656
4827
4995
5164
5332
5501
5673
5845
6023
6202
6388
6580
6776
6973
7169
7364
7558
7750
7937
8120
8298
8471
8637
8796
8948
9099
9250
9402
9555
9708
9862
10015
10169
10323
10477
10632
10787
10943
11100
11259
11419
11581
11743
11908
12075
12244
12418
12596
12778
12964
13151
13342
13532
13722
13918
14119
14326
15191
15344
15552
15759
15971
16191
16415
16644
16873
17110
17349
17588
17830
18070
18305
18538
18777
19019
19259
19507
19757
20004
20247
20490
20742
20991
21238
