2730
2873
3024
3175
3323
3468
3608
3745
3878
4008
4137
4264
4389
4513
4637
4763
4893
5027
5164
5304
5447
5600
6658
6757
6856
6953
7047
7142
7235
7327
7418
7509
7597
7687
7775
7863
7951
8039
8127
8215
8303
8392
8481
8570
8660
8750
8841
8932
9024
9116
9207
9300
9392
9485
9578
9672
9766
9861
9956
10052
10149
10246
10345
10445
10546
10649
10756
10869
10989
11114
11244
11380
11522
11670
11825
11981
12136
12288
12436
12583
12730
12876
13021
13169
13317
13466
13616
13770
13924
14080
14236
14392
14549
14706
14862
15020
15179
15338
15500
15661
15823
15987
16151
16321
16485
16658
16826
16997
17166
17333
17502
17671
