5509
5589
5680
5768
5857
5944
6032
6118
6204
6293
6384
6479
6575
6673
6773
6873
6973
7073
7174
7274
7372
7469
7564
7657
7746
7833
7918
8001
8084
8166
8248
8330
8412
8494
8577
8660
8743
8827
8912
8997
9084
9171
9259
9348
9437
9526
9617
9708
9798
9891
9983
10075
10169
10262
10357
10452
10548
10646
10743
10842
10942
11044
11148
11254
11363
11474
11588
11703
11821
11938
12055
12178
12309
12451
12606
12780
13421
13527
13672
13821
13970
14122
14275
14430
14585
14741
14898
15057
15218
15379
15541
15695
15862
16005
16173
16315
16482
16626
16792
16936
17101
17245
17411
17558
17721
17888
18051
18217
18387
