2239
2352
2465
2584
2703
2823
2944
3065
3186
3307
3427
3546
3663
3779
3892
4004
4113
4221
4329
4433
4537
4639
4740
4839
4939
5039
5140
5243
5349
5458
5569
5681
5792
5904
6014
6123
6230
6334
6437
6539
6638
6738
6836
6933
7028
7123
7216
7310
7403
7496
7588
7681
7774
7866
7958
8051
8143
8236
8329
8423
8516
8611
8707
8804
8902
9001
9102
9204
9308
9412
9519
9627
9736
9847
9959
10073
10192
10318
10439
10566
10700
11848
11966
12087
12214
12345
12478
12615
12754
12898
13046
13196
13348
13500
13652
13804
13956
14107
14258
14408
14560
14713
14860
15007
15152
15296
15437
15569
15700
15831
15959
16090
16222
16357
