2322
2429
2551
2672
2793
2917
3042
3170
3299
3430
3561
3695
3827
3959
4090
4218
4344
4467
4583
4698
4809
4919
5027
5133
5238
5343
5448
5551
5656
5763
5873
5984
6095
6206
6317
6427
6536
6643
6748
6851
6950
7046
7139
7230
7319
7407
7494
7580
7665
7750
7834
7919
8004
8089
8174
8259
8345
8431
8517
8604
8691
8778
8865
8954
9042
9132
9222
9312
9404
9495
9588
9681
9775
9871
9967
10065
10164
10265
10367
10470
10575
10681
10789
10901
11014
11131
11253
11380
11517
11667
12501
12628
12764
12901
13040
13181
13323
13466
13609
13754
13899
14044
14189
14336
14481
14628
14775
14923
15072
15222
15372
15521
15671
15823
15977
16130
16287
16438
16586
16737
