2402
2555
2722
2900
3084
3270
3460
3657
3849
4040
4889
5069
5256
5440
5621
5799
5980
6163
6345
6529
6716
6902
7092
7288
7481
7679
7883
8072
8284
8468
8648
8824
8997
9162
9321
9477
9630
9782
9933
10082
10231
10379
10526
10673
10820
10967
11113
11263
11411
11563
11715
11866
12020
12173
12329
12484
12640
12802
12964
13130
13297
13469
13646
13827
14011
14206
14407
14614
14798
15384
15543
15743
15942
16147
16360
16577
16798
17022
17248
17471
17697
17928
18160
18385
18615
18850
19085
19313
19540
19766
19993
20222
20459
20679
20899
