2373
2525
2692
2850
3012
3186
3354
3526
3698
3871
4046
4223
4401
4578
4753
4923
5090
5253
5417
5581
5749
5920
6093
6270
6452
6639
6824
7003
7182
7363
7542
7713
7885
8056
8220
8376
8533
8681
8824
8967
9109
9252
9396
9539
9681
9825
9969
10113
10260
10406
10553
10702
10850
10999
11148
11299
11450
11602
11756
11913
12074
12239
12405
12574
12745
12917
13093
13276
13467
13673
13902
14485
14628
14845
14994
15234
15378
15622
15784
16033
16213
16459
16639
16882
17047
17287
17464
17701
17894
18131
18306
18559
18713
18976
19139
19403
19572
19828
20016
