4422
4516
4615
4713
4812
4910
5009
5106
5202
5299
5395
5491
5586
5681
5775
5870
5965
6060
6158
6259
6362
6468
6575
6682
6789
6896
7567
7660
7755
7850
7946
8040
8134
8227
8320
8413
8506
8599
8692
8785
8878
8971
9063
9156
9249
9341
9434
9525
9617
9709
9800
9891
9981
10072
10162
10252
10343
10433
10523
10613
10702
10792
10882
10971
11061
11151
11241
11331
11421
11511
11602
11692
11783
11873
11965
12055
12147
12238
12330
12422
12514
12608
12705
12805
12906
13009
13115
14605
14708
14815
14925
15037
15150
15265
15380
15495
15612
15728
15844
15960
16076
16193
16310
16427
16544
16661
16777
16894
17011
17127
17244
17361
17477
17593
17709
17825
17942
18058
18175
18292
18409
18526
18643
18759
18876
18992
19108
19224
19340
19455
19572
19687
19811
19924
