3582
3693
3799
3906
4010
4115
4217
4318
4419
4519
4617
4715
4814
4913
5017
5123
5231
5339
5448
5556
5663
5768
5871
5972
6072
6171
6268
6365
6460
6554
6649
6743
6839
6934
7030
7126
7222
7318
7415
7513
7611
7709
7808
7908
8008
8109
8210
8312
8414
8517
8621
8725
8830
8935
9042
9150
9259
9369
9480
9594
9712
9835
9958
10090
11387
11502
11634
11773
11917
12065
12217
12369
12524
12678
12833
12986
13138
13289
13441
13588
13736
13884
14034
14183
14335
14487
14638
14789
14937
15086
15227
15369
15501
15771
