2176
2314
2479
2650
2827
3002
3178
3358
3537
3716
3896
4073
4249
4423
4593
4759
4922
5083
5246
5410
5577
5745
5915
6087
6261
6437
6617
6801
6986
7171
7548
7723
7892
8061
8228
8388
8541
8695
8847
8998
9150
9303
9455
9607
9758
9910
10062
10215
10367
10520
10672
10824
10977
11132
11289
11449
11611
11774
11938
12103
12271
12438
12609
12779
12953
13132
13317
13509
13709
14609
14757
14956
15148
15349
15552
15753
15963
16171
16383
16594
16804
17014
17224
17437
17652
17868
18085
18307
18526
18735
18963
19137
19375
19550
19773
19985
20206
20429
20648
