2419
2522
2636
2751
2868
2985
3103
3222
3341
3461
3581
3699
3815
3929
4040
4148
4254
4357
4458
4557
4654
4749
4843
4936
5030
5124
5220
5317
5415
5516
5619
5723
5828
5934
6041
6148
6253
6359
6462
6562
6661
6757
6851
6943
7034
7125
7214
7304
7393
7483
7573
7662
7752
7841
7932
8022
8113
8205
8297
8390
8483
8577
8671
8765
8860
8955
9051
9148
9246
9344
9444
9545
9647
9751
9857
9964
10074
10188
10309
10428
10556
10695
11892
11994
12117
12246
12379
12515
12652
12790
12930
13071
13213
13358
13501
13646
13790
13935
14079
14224
14369
14515
14661
14809
14957
15105
15252
15399
15541
15681
15819
15957
16094
16232
16377
16514
