3652
3756
3872
3987
4098
4208
4316
4424
4532
4640
4748
4858
4967
5080
5195
5313
5435
5560
5688
5821
6330
6437
6540
6642
6742
6841
6939
7038
7136
7234
7332
7430
7527
7625
7722
7819
7916
8013
8110
8207
8304
8401
8498
8596
8694
8792
8891
8990
9089
9189
9289
9389
9489
9590
9692
9795
9899
10004
10110
10218
10327
10438
10553
10672
10793
10915
11040
11170
11306
11446
11589
11732
11865
11995
12125
12254
12384
12515
12647
12781
12916
13053
13190
13328
13467
13605
13744
13883
14022
14161
14301
14441
14582
14722
14863
15004
15145
15286
15426
15566
15706
15846
15986
16127
16268
16409
16550
16689
16827
16962
17096
17233
