2048
2146
2270
2391
2512
2635
2759
2885
3013
3142
3270
3396
3519
3640
3756
3867
3972
4073
4168
4260
4349
4438
4524
4609
4695
4780
4865
4952
5041
5131
5224
5319
5418
5518
5620
5723
5828
5932
6037
6140
6241
6340
6436
6530
6622
6710
6796
6879
6961
7042
7123
7203
7284
7365
7446
7527
7608
7690
7772
7853
7936
8019
8102
8185
8270
8354
8439
8525
8610
8697
8784
8871
8960
9048
9137
9227
9318
9409
9501
9594
9688
9783
9878
9975
10072
10172
10272
10372
10472
10572
10672
10775
10884
11001
11128
11268
11427
12472
12586
12720
12857
12996
13136
13277
13420
13564
13710
13858
14007
14156
14304
14454
14604
14752
14902
15052
15202
15352
15501
15651
15801
15952
16100
16250
16401
16552
16700
16852
16996
17146
17281
