2425
2573
2728
2885
3047
3211
3381
3553
3728
3905
4083
4257
4429
4599
4764
4926
5087
5247
5409
5571
5735
5899
6064
6231
6402
6578
6759
6942
7126
7310
7489
7664
7834
8002
8168
8331
8490
8643
8790
8934
9077
9219
9362
9504
9647
9789
9931
10074
10218
10362
10507
10653
10801
10949
11099
11250
11404
11560
11720
11886
12057
12231
12408
12587
12772
12958
13146
13330
13511
13698
13899
14101
14860
15021
15223
15440
15654
15876
16106
16331
16556
16764
16980
17199
17424
17661
17886
18119
18347
18578
18802
19019
19231
19454
19675
19907
20138
20364
20594
20813
21025
21220
