3080
3204
3330
3455
3578
3699
3820
3941
4062
4182
4303
4424
4548
4674
4802
4933
5066
5204
6418
6512
6606
6699
6790
6880
6969
7058
7147
7235
7323
7411
7498
7586
7673
7761
7848
7936
8024
8112
8201
8290
8380
8470
8560
8651
8743
8835
8927
9019
9113
9206
9301
9395
9490
9585
9681
9777
9874
9971
10070
10170
10270
10374
10485
10603
10728
10859
11002
12256
12385
12522
12661
12803
12949
13098
13250
13406
13564
13725
13888
14053
14218
14384
14552
14719
14885
15050
15217
15383
15549
15715
15878
16042
16205
16372
