2114
2226
2356
2481
2609
2735
2863
2993
3123
3255
3388
3520
3652
3781
3907
4030
4148
4261
4371
4479
4585
4690
4794
4897
4999
5102
5204
5306
5409
5512
5616
5722
5830
5938
6046
6156
6266
6377
6488
6600
6711
6821
6927
7031
7133
7232
7329
7426
7523
7620
7717
7814
7911
8008
8104
8200
8296
8392
8488
8584
8680
8776
8872
8967
9062
9156
9251
9345
9440
9536
9631
9728
9825
9923
10022
10122
10222
10323
10426
10529
10635
10741
10848
10957
11068
11181
11296
11413
11536
11666
11807
11966
12809
12942
13083
13229
13376
13525
13677
13830
13983
14137
14292
14448
14605
14761
14919
15077
15235
15392
15549
15706
15865
16023
16181
16339
16498
16658
16816
16975
17137
