4681
4754
4830
4905
4979
5053
5127
5200
5275
5349
5423
5497
5571
5644
5716
5789
5860
5934
6010
6090
6173
6258
6346
6435
6526
6618
6710
6802
6895
6986
7076
7165
7252
7337
7421
7502
7582
7659
7735
7810
7885
7959
8034
8109
8183
8258
8334
8409
8485
8561
8637
8713
8790
8866
8943
9021
9098
9176
9253
9332
9410
9490
9569
9649
9730
9812
9893
9976
10059
10143
10227
10311
10397
10483
10571
10660
10751
10843
10935
11029
11124
11221
11319
11419
11521
11622
11722
11825
11931
12040
12156
12284
12431
13128
13238
13365
13494
13626
13758
13892
14027
14164
14301
14440
14581
14721
14863
15005
15149
15293
15439
15585
15731
15877
16025
16173
16320
16467
16614
16761
16909
17057
17204
17350
17496
17644
17789
17937
18074
18352
