3014
3129
3244
3360
3475
3588
3701
3811
3921
4030
4138
4247
4356
4464
4573
4683
4794
4906
5022
5141
5260
5380
5501
5622
5742
5861
5977
6090
6200
6306
6409
6510
6607
6704
6799
6895
6990
7085
7179
7274
7368
7462
7555
7649
7742
7835
7928
8020
8113
8205
8297
8389
8481
8572
8664
8756
8848
8941
9034
9128
9223
9318
9414
9511
9608
9707
9807
9907
10010
10113
10217
10321
10428
10540
10658
10779
10900
11027
11160
11300
11448
11720
11833
11957
12080
12205
12331
12461
12594
12729
12866
13004
13145
13285
13425
13565
13705
13846
13987
14130
14272
14416
14560
14705
14850
14995
15139
15283
15427
15571
15715
15859
16002
16146
16290
16436
16582
16727
16872
17016
17160
17297
17433
