3764
3861
3962
4063
4166
4270
4377
4486
4596
4707
4819
4930
5040
5148
5255
5360
5465
5569
5670
5770
5869
5965
6060
6153
6245
6335
6426
6517
6608
6699
6790
6882
6973
7066
7159
7252
7346
7440
7535
7632
7729
7827
7925
8025
8126
8229
8332
8438
8545
8654
8766
8880
8996
9115
9237
9363
9495
9627
9762
9903
10051
11018
11125
11242
11365
11489
11616
11745
11874
12006
12139
12275
12412
12550
12690
12832
12975
13116
13259
13399
13544
13686
13831
13974
14118
14260
14406
14550
14693
14835
14975
15107
15244
15376
15513
15653
15791
