2222
2362
2506
2653
2801
2949
3096
3242
3387
3532
3674
3814
3953
4089
4223
4357
4490
4621
4751
4879
5006
5131
5257
5382
5507
5632
5758
5885
6014
6145
6280
6418
6560
6706
6854
7268
7387
7511
7635
7760
7884
8006
8129
8251
8376
8501
8628
8757
8886
9016
9147
9280
9414
9549
9686
9825
9965
10107
10251
10396
10543
10692
10843
10995
11150
11306
11462
11620
11779
11940
12104
12272
12447
12630
12820
13028
13740
13885
14065
14253
14450
14651
14853
15059
15266
15478
15690
15904
16121
16342
16564
16786
17010
17230
17447
17674
