4461
4556
4656
4755
4853
4952
5051
5149
5247
5346
5446
5547
5651
5756
5862
5968
6073
6179
7047
7134
7227
7320
7412
7502
7591
7679
7765
7851
7937
8021
8106
8191
8275
8359
8443
8527
8611
8696
8780
8864
8948
9033
9117
9202
9286
9371
9455
9540
9624
9709
9793
9878
9963
10048
10133
10218
10304
10390
10476
10562
10648
10735
10822
10909
10997
11085
11174
11262
11352
11441
11532
11624
11721
11821
11924
12030
13631
13735
13841
13952
14063
14174
14286
14399
14512
14625
14739
14854
14969
15083
15198
15313
15428
15544
15659
15775
15889
16007
16122
16238
16354
16469
16586
16700
16815
16931
17046
17163
17277
17393
17509
17624
17740
17856
17972
18089
18208
18323
18442
18558
18674
18792
18906
19021
19134
19251
