2227
2347
2495
2639
2782
2924
3065
3206
3343
3479
3610
3739
3866
3989
4111
4233
4354
4476
4602
4732
4865
5003
5150
6358
6447
6547
6647
6743
6839
6934
7027
7121
7213
7305
7396
7486
7576
7666
7755
7844
7934
8023
8113
8203
8295
8386
8479
8572
8665
8760
8854
8950
9046
9142
9239
9336
9434
9534
9635
9736
9838
9942
10046
10152
10258
10367
10480
10601
10727
10857
10993
11135
11284
11435
11586
11739
11888
12034
12184
12335
12488
12642
12796
12950
13108
13265
13425
13589
13754
13918
14083
14246
14409
14574
14739
14904
15072
15239
15406
15571
15737
15903
16069
16234
16402
16568
16737
16907
