3052
3167
3289
3407
3524
3640
3754
3868
3982
4094
4206
4315
4424
4533
4641
4750
4860
4972
5087
5206
5326
5448
5571
5694
5814
5931
6044
6154
6260
6362
6463
6562
6660
6758
6857
6956
7055
7154
7254
7353
7453
7552
7651
7751
7851
7952
8053
8154
8256
8358
8461
8564
8668
8772
8877
8983
9090
9197
9305
9413
9522
9631
9741
9853
9964
10077
10196
10317
10441
10568
10699
10834
10970
11105
11233
11361
11486
11611
11735
11859
11986
12115
12244
12375
12507
12640
12773
12905
13039
13174
13308
13442
13576
13710
13845
13979
14114
14249
14384
14519
14653
14787
14920
15053
15187
15320
15454
15586
15718
15852
15983
16119
