3586
3692
3804
3918
4030
4142
4252
4361
4468
4574
4678
4781
4882
4982
5081
5180
5280
5381
5486
5594
5704
5816
5928
6040
6150
6257
6362
6465
6564
6660
6755
6846
6936
7025
7112
7200
7287
7375
7463
7552
7640
7728
7817
7905
7994
8083
8171
8261
8351
8441
8532
8624
8716
8810
8904
8999
9095
9193
9291
9391
9493
9597
9703
9811
9920
10032
10144
10258
10374
10494
10617
10743
10869
10999
11130
11263
11397
11531
11660
11790
11918
12045
12175
12306
12440
12574
12710
12846
12985
13124
13263
13405
13548
13691
13834
13978
14122
14267
14412
14557
14702
14847
14992
15136
15279
15421
15561
15700
15839
15976
16115
16252
16390
