3683
3797
3915
4029
4142
4256
4369
4483
4593
4702
4811
4918
5024
5133
5246
5359
5473
5590
5710
5831
5951
6069
6187
6302
6414
6523
6628
6732
6835
6937
7039
7141
7244
7346
7448
7549
7650
7751
7851
7949
8048
8145
8241
8337
8432
8527
8622
8717
8812
8908
9004
9100
9197
9294
9393
9492
9591
9692
9794
9898
10003
10110
10218
10328
10439
10553
10672
10797
10925
11056
11191
11332
11476
11621
11753
11883
12006
12134
12263
12391
12523
12658
12796
12935
13076
13220
13364
13511
13656
13803
13951
14100
14249
14401
14551
14701
14852
15003
15152
15301
15449
15596
15743
15887
16031
16174
16315
16456
16596
16735
16873
