4006
4103
4203
4302
4400
4498
4596
4697
4799
4905
5013
5123
5236
5349
5462
5574
5685
5793
5899
6002
6104
6202
6299
6393
6486
6578
6668
6759
6850
6940
7031
7121
7212
7303
7394
7485
7577
7669
7762
7856
7950
8045
8140
8236
8333
8431
8529
8628
8729
8831
8936
9041
9149
9260
9373
9490
9615
9737
9863
9994
10131
10274
10932
11038
11157
11279
11404
11532
11661
11792
11925
12060
12198
12336
12476
12617
12759
12905
13051
13200
13349
13500
13651
13800
13951
14100
14250
14399
14547
14691
14833
14971
15113
15252
15392
