2230
2362
2499
2639
2780
2924
3069
3214
3360
3505
3649
3792
3933
4074
4211
4345
4475
4603
4729
4854
4977
5099
5219
5338
5455
5572
5688
5804
5920
6036
6153
6271
6390
6513
6640
6771
6904
7038
7882
7993
8105
8218
8331
8444
8558
8672
8786
8901
9017
9133
9251
9369
9489
9610
9731
9854
9978
10105
10233
10363
10495
10630
10767
10905
11045
11188
11332
11479
11628
11779
11935
12094
12258
12429
12607
12792
12984
13339
13497
13669
13846
14029
14219
14413
14613
14816
15024
15233
15446
15661
15871
16081
16294
16502
16680
16866
17077
