4981
5075
5171
5268
5365
5463
5561
5659
5758
5855
5953
6050
6147
6245
6343
6442
6542
6644
6747
6852
6957
7062
7166
7269
7371
7471
7571
7669
7765
7861
7956
8050
8142
8235
8327
8419
8511
8603
8695
8786
8878
8969
9060
9151
9242
9333
9424
9514
9605
9695
9785
9875
9966
10056
10146
10236
10326
10416
10506
10596
10686
10776
10866
10956
11047
11138
11229
11320
11411
11502
11593
11685
11776
11868
11959
12051
12143
12236
12329
12422
12516
12610
12706
12805
12905
13007
13110
14663
14764
14867
14972
15079
15185
15292
15401
15509
15618
15727
15837
15947
16057
16167
16278
16388
16498
16608
16719
16829
16940
17051
17162
17274
17385
17496
17608
17719
17831
17942
18054
18166
18277
18388
18500
18612
18723
18834
18946
19057
19167
19278
19390
19501
19613
19723
19836
19944
