4320
4409
4504
4599
4694
4789
4883
4978
5074
5170
5267
5365
5465
5566
5667
5769
5871
5973
6075
6178
6280
6382
6484
6585
6685
6784
6882
6980
7077
7173
7269
7365
7460
7554
7648
7741
7834
7926
8019
8111
8203
8295
8386
8477
8568
8659
8750
8840
8931
9021
9112
9202
9293
9384
9475
9566
9657
9747
9838
9928
10019
10110
10201
10292
10383
10475
10567
10658
10749
10841
10934
11026
11118
11211
11303
11395
11488
11581
11674
11767
11862
11958
12059
12159
12262
13871
13969
14075
14182
14292
14401
14510
14620
14731
14843
14954
15065
15177
15288
15401
15513
15625
15737
15849
15962
16074
16185
16298
16410
16522
16634
16747
16859
16970
17080
17193
17302
17413
17524
17636
17746
17857
17967
18077
18187
18298
18407
18517
18625
18736
18845
18955
