4778
4873
4980
5081
5183
5284
5385
5485
5585
5684
5784
5884
5984
6083
6184
6288
6393
6501
6610
6721
6833
6945
7056
7166
7273
7378
7482
7585
7687
7789
7889
7989
8087
8184
8281
8376
8471
8565
8659
8753
8845
8938
9030
9122
9214
9305
9396
9486
9577
9666
9756
9846
9936
10025
10114
10203
10293
10382
10470
10559
10648
10737
10825
10914
11002
11091
11179
11267
11356
11444
11532
11621
11710
11799
11888
11977
12066
12156
12246
12336
12427
12518
12610
12702
12795
12888
12983
13081
13182
13288
13395
13505
13610
14778
14871
14977
15083
15189
15297
15404
15513
15621
15729
15834
15942
16049
16157
16265
16373
16485
16594
16705
16816
16928
17038
17150
17261
17373
17485
17601
17714
17830
17945
18059
18173
18287
18402
18516
18631
18746
18861
18976
19091
19207
19323
19438
19555
19670
19787
19903
20018
20133
20250
20365
20479
20588
