3851
3956
4060
4163
4265
4367
4468
4569
4670
4772
4875
4979
5085
5193
5302
5413
5525
5637
5748
5859
5968
6076
6182
6287
6389
6491
6591
6690
6788
6885
6983
7080
7178
7275
7372
7470
7567
7664
7761
7859
7956
8054
8152
8250
8349
8448
8548
8648
8749
8850
8953
9056
9161
9266
9373
9480
9590
9701
9814
9930
10052
10173
10300
10436
11501
11597
11719
11851
11988
12127
12269
12413
12557
12705
12850
12999
13149
13298
13448
13598
13747
13896
14044
14191
14337
14481
14624
14767
14911
15051
15190
15329
15465
15604
15740
