2330
2469
2607
2746
2883
3019
3155
3286
3416
3542
3664
3789
3915
4039
4163
4287
4412
4537
4668
4802
4941
5084
5228
5988
6079
6183
6284
6381
6477
6571
6662
6753
6841
6929
7015
7101
7185
7269
7352
7435
7516
7598
7679
7760
7840
7921
8003
8085
8167
8250
8333
8417
8501
8586
8670
8756
8842
8929
9016
9104
9192
9282
9371
9462
9554
9646
9739
9835
9939
10050
10165
10285
10410
11646
11778
11918
12059
12203
12350
12503
12660
12821
12982
13142
13299
13455
13610
13763
13917
14072
14228
14386
14542
14697
14855
15014
15172
15330
15490
15649
15810
15970
16135
16299
